Covid-19 Recovered Estimated by PSD Model @ CDS/IISc
Day AN AP AR AS BR CH CT DL GA GJ HR HP JK JH KA KL LA LD MP MH MN OR PY PB RJ SK TN TG TR UP UT WB Total
0.0 0 0 0 0 0 0 0 0 0 0 0 0 0 0 0 0 0 0 0 0 0 0 0 0 0 0 0 0 0 0 0 0 0
1.0 0 0 0 0 0 0 0 1 0 1 1 0 0 0 1 3 0 0 0 3 0 0 0 1 1 0 1 1 0 1 0 0 18
2.0 0 0 0 0 0 0 0 1 0 1 1 0 0 0 1 4 0 0 1 4 0 0 0 1 1 0 1 1 0 1 0 0 22
3.0 0 1 0 0 0 0 0 2 0 1 1 0 0 0 2 4 0 0 1 5 0 0 0 1 2 0 1 2 0 2 0 0 25
4.0 0 1 0 0 0 0 0 2 0 2 1 0 0 0 2 5 1 0 1 5 0 0 0 1 2 0 1 2 0 2 0 0 29
5.0 0 1 0 0 0 0 0 2 0 2 1 0 1 0 2 5 1 0 1 6 0 0 0 1 2 0 2 2 0 2 0 1 34
6.0 0 1 0 0 0 0 0 3 0 2 2 0 1 0 2 6 1 0 1 7 0 0 0 1 2 0 2 2 0 2 0 1 38
7.0 0 1 0 0 0 1 0 3 0 2 2 0 1 0 3 7 1 0 1 8 0 0 0 2 3 0 2 3 0 3 0 1 44
8.0 0 1 0 0 0 1 0 3 0 3 2 0 1 0 3 8 1 0 1 9 0 0 0 2 3 0 2 3 0 3 0 1 50
9.0 0 1 0 0 1 1 0 4 0 3 2 0 1 0 3 9 1 0 1 10 0 0 0 2 3 0 3 4 0 4 0 1 57
10.0 0 1 0 0 1 1 0 4 0 3 3 0 1 0 4 11 1 0 2 12 0 0 0 2 4 0 3 4 0 4 1 1 65
11.0 0 2 0 0 1 1 0 5 0 4 3 0 1 0 4 12 1 0 2 13 0 0 0 3 4 0 3 5 0 5 1 1 73
12.0 0 2 0 0 1 1 0 6 0 4 4 0 1 0 5 14 2 0 2 15 0 0 0 3 5 0 4 5 0 5 1 1 83
13.0 0 2 0 0 1 1 0 6 0 5 4 1 2 0 6 15 2 0 2 17 0 1 0 3 6 0 4 6 0 6 1 2 94
14.0 0 2 0 0 1 1 0 7 0 6 5 1 2 0 6 17 2 0 3 19 0 1 0 4 6 0 5 7 0 7 1 2 107
15.0 1 3 0 0 1 2 1 8 0 6 5 1 2 0 7 20 2 0 3 22 0 1 0 4 7 0 5 8 0 8 1 2 120
16.0 1 3 0 0 1 2 1 9 0 7 6 1 2 0 8 22 3 0 3 24 0 1 0 5 8 0 6 9 0 9 1 2 136
17.0 1 3 0 0 1 2 1 10 0 8 7 1 3 0 9 25 3 0 4 27 0 1 0 6 9 0 7 10 0 10 1 3 152
18.0 1 4 0 0 2 2 1 12 0 9 7 1 3 0 10 28 3 0 4 31 0 1 0 6 10 0 8 11 0 11 1 3 170
19.0 1 4 0 1 2 2 1 13 0 10 8 1 3 0 11 31 4 0 5 34 0 1 1 7 11 0 8 12 0 12 2 3 190
20.0 1 5 0 1 2 3 1 14 0 11 9 1 4 0 13 34 4 0 5 38 0 1 1 8 13 0 9 14 0 13 2 4 210
21.0 1 5 0 1 2 3 1 16 0 12 10 1 4 0 14 38 5 0 6 41 0 1 1 8 14 0 10 15 0 15 2 4 232
22.0 1 6 0 1 2 3 1 17 0 13 11 1 4 0 15 42 5 0 6 45 0 1 1 9 15 0 11 16 0 16 2 4 254
23.0 1 6 0 1 3 3 1 19 0 14 12 2 5 0 17 45 5 0 7 50 0 2 1 10 17 0 12 18 0 17 2 5 278
24.0 1 7 0 1 3 4 1 21 0 16 13 2 5 0 18 50 6 0 7 54 0 2 1 11 18 0 14 19 0 19 3 5 303
25.0 1 7 0 1 3 4 1 23 0 17 14 2 6 0 20 54 6 0 8 59 0 2 1 12 20 0 15 21 0 21 3 6 330
26.0 2 8 1 1 4 5 2 25 1 19 16 2 6 1 22 59 7 1 9 64 1 2 1 13 22 1 16 23 1 23 3 6 359
27.0 2 9 1 1 4 5 2 27 1 20 17 2 7 1 23 64 8 1 9 70 1 2 1 14 23 1 17 25 1 25 3 7 390
28.0 2 9 1 1 4 5 2 29 1 22 18 2 7 1 25 69 8 1 10 76 1 2 1 15 25 1 19 27 1 27 4 7 423
29.0 2 10 1 1 4 6 2 31 1 24 20 3 8 1 28 75 9 1 11 82 1 3 1 17 28 1 20 29 1 29 4 8 458
30.0 2 11 1 1 5 6 2 34 1 26 21 3 8 1 30 81 10 1 12 89 1 3 1 18 30 1 22 32 1 31 4 8 495
31.0 2 12 1 1 5 7 2 37 1 28 23 3 9 1 32 88 10 1 13 96 1 3 1 19 32 1 24 34 1 34 4 9 536
32.0 2 13 1 2 6 7 2 40 1 30 25 3 10 1 35 95 11 1 14 104 1 3 2 21 35 1 26 37 1 36 5 10 579
33.0 3 14 1 2 6 8 3 43 1 32 27 4 11 1 38 102 12 1 15 112 1 4 2 23 38 1 28 40 1 39 5 11 626
34.0 3 15 1 2 7 9 3 46 1 35 29 4 11 1 41 111 13 1 16 121 1 4 2 25 41 1 30 44 1 43 6 11 676
35.0 3 16 1 2 7 9 3 50 1 38 32 4 12 1 44 119 14 1 17 131 1 4 2 27 44 1 33 47 1 46 6 12 730
36.0 3 18 1 2 8 10 3 54 1 41 34 4 13 1 47 129 15 1 19 141 1 4 2 29 47 1 35 51 1 49 7 13 786
37.0 4 19 1 2 8 11 4 58 1 44 37 5 14 1 51 139 17 1 20 152 1 5 2 31 51 1 38 54 1 53 7 14 847
38.0 4 20 1 3 9 11 4 62 1 47 39 5 15 1 55 149 18 1 22 163 1 5 3 33 55 1 41 59 1 57 8 15 910
39.0 4 22 1 3 10 12 4 67 1 51 42 5 16 1 59 160 19 1 23 175 1 5 3 35 59 1 44 63 1 61 8 16 976
40.0 4 23 1 3 10 13 4 72 1 54 45 6 18 1 63 171 20 1 25 187 1 6 3 38 63 1 47 67 1 66 9 18 1045
41.0 5 25 2 3 11 14 5 76 2 58 48 6 19 2 67 183 22 2 27 200 2 6 3 41 67 2 50 72 2 70 9 19 1116
42.0 5 27 2 3 12 15 5 82 2 62 52 7 20 2 72 195 23 2 28 213 2 7 3 43 72 2 53 77 2 75 10 20 1189
43.0 5 28 2 4 12 16 5 87 2 65 55 7 21 2 76 207 25 2 30 226 2 7 4 46 76 2 57 81 2 80 11 21 1265
44.0 6 30 2 4 13 17 6 92 2 69 58 8 23 2 81 220 26 2 32 240 2 8 4 49 81 2 60 86 2 84 11 23 1342
45.0 6 32 2 4 14 18 6 97 2 74 62 8 24 2 85 232 28 2 34 254 2 8 4 52 85 2 64 91 2 89 12 24 1420
46.0 6 34 2 4 15 19 6 103 2 78 65 8 25 2 90 245 29 2 36 269 2 8 4 55 90 2 67 97 2 94 13 25 1500
47.0 7 35 2 4 15 20 7 108 2 82 69 9 27 2 95 259 31 2 38 283 2 9 4 57 95 2 71 102 2 99 13 27 1580
48.0 7 37 2 5 16 21 7 114 2 86 72 9 28 2 100 272 33 2 39 297 2 9 5 60 100 2 74 107 2 105 14 28 1661
49.0 7 39 2 5 17 22 7 119 2 90 76 10 29 2 105 285 34 2 41 312 2 10 5 63 105 2 78 112 2 110 15 29 1742
50.0 8 41 3 5 18 23 8 125 3 94 79 10 31 3 110 298 36 3 43 326 3 10 5 66 110 3 82 117 3 115 15 31 1822
51.0 8 43 3 5 19 24 8 130 3 98 82 11 32 3 114 311 37 3 45 340 3 11 5 69 114 3 85 122 3 120 16 32 1901
52.0 8 44 3 6 19 25 8 135 3 102 85 11 33 3 119 323 39 3 47 353 3 11 6 72 119 3 88 127 3 124 17 33 1972
53.0 9 46 3 6 20 26 9 140 3 105 88 11 34 3 122 333 40 3 48 365 3 11 6 74 122 3 91 131 3 128 17 34 2037
54.0 9 47 3 6 21 26 9 144 3 109 91 12 35 3 126 344 41 3 50 376 3 12 6 76 126 3 94 135 3 132 18 35 2102
55.0 9 49 3 6 21 27 9 149 3 112 94 12 36 3 130 355 42 3 52 388 3 12 6 79 130 3 97 139 3 136 18 36 2168
56.0 9 50 3 6 22 28 9 153 3 116 97 13 38 3 134 366 44 3 53 400 3 13 6 81 134 3 100 144 3 141 19 38 2235
57.0 10 52 3 6 23 29 10 158 3 119 100 13 39 3 138 377 45 3 55 412 3 13 6 84 138 3 103 148 3 145 19 39 2302
58.0 10 53 3 7 23 30 10 162 3 123 103 13 40 3 143 388 46 3 56 424 3 13 7 86 143 3 106 152 3 149 20 40 2370
59.0 10 55 3 7 24 31 10 167 3 126 106 14 41 3 147 399 48 3 58 437 3 14 7 89 147 3 109 157 3 154 20 41 2439
60.0 11 56 4 7 25 32 11 172 4 130 109 14 42 4 151 411 49 4 60 449 4 14 7 91 151 4 112 161 4 158 21 42 2510
61.0 11 58 4 7 25 32 11 177 4 134 112 14 43 4 155 422 51 4 61 462 4 14 7 94 155 4 116 166 4 162 22 43 2581
62.0 11 59 4 7 26 33 11 182 4 137 115 15 45 4 160 434 52 4 63 475 4 15 7 97 160 4 119 171 4 167 22 45 2654
63.0 11 60 4 7 26 34 11 182 4 138 115 15 45 4 160 436 52 4 63 476 4 15 7 97 160 4 119 171 4 168 22 45 2662
64.0 11 61 4 8 27 34 11 186 4 141 118 15 46 4 163 444 53 4 65 486 4 15 8 99 163 4 122 175 4 171 23 46 2716
65.0 12 62 4 8 27 35 12 191 4 144 121 16 47 4 168 456 55 4 66 499 4 16 8 101 168 4 125 179 4 176 23 47 2789
66.0 12 64 4 8 28 36 12 196 4 148 124 16 48 4 172 468 56 4 68 512 4 16 8 104 172 4 128 184 4 180 24 48 2860
67.0 12 66 4 8 29 37 12 201 4 152 127 16 49 4 176 480 57 4 70 525 4 16 8 107 176 4 131 189 4 184 25 49 2931
68.0 13 67 4 8 29 38 13 206 4 155 130 17 50 4 181 491 59 4 71 538 4 17 8 109 181 4 134 193 4 189 25 50 3003
69.0 13 69 4 9 30 39 13 211 4 159 133 17 52 4 185 504 60 4 73 551 4 17 9 112 185 4 138 198 4 194 26 52 3079
70.0 13 69 4 9 30 39 13 211 4 159 134 17 52 4 185 504 60 4 73 552 4 17 9 112 185 4 138 198 4 194 26 52 3082
71.0 13 70 4 9 31 40 13 215 4 162 136 18 53 4 189 514 61 4 75 562 4 18 9 114 189 4 140 202 4 198 26 53 3139
72.0 13 72 4 9 31 40 13 220 4 166 139 18 54 4 193 526 63 4 76 576 4 18 9 117 193 4 144 207 4 202 27 54 3216
73.0 14 74 5 9 32 41 14 226 5 170 143 18 55 5 198 539 64 5 78 589 5 18 9 120 198 5 147 212 5 207 28 55 3292
74.0 14 75 5 9 33 42 14 231 5 174 146 19 57 5 203 551 66 5 80 603 5 19 9 123 203 5 151 217 5 212 28 57 3369
75.0 14 77 5 10 34 43 14 236 5 178 150 19 58 5 207 564 68 5 82 617 5 19 10 125 207 5 154 222 5 217 29 58 3449
76.0 15 79 5 10 35 44 15 242 5 183 153 20 59 5 212 578 69 5 84 632 5 20 10 128 212 5 158 227 5 222 30 59 3532
77.0 15 79 5 10 35 45 15 243 5 183 154 20 59 5 213 580 69 5 84 635 5 20 10 129 213 5 159 228 5 223 30 59 3545
78.0 15 80 5 10 35 45 15 246 5 186 156 20 60 5 216 588 70 5 85 644 5 20 10 131 216 5 161 231 5 226 30 60 3596
79.0 15 82 5 10 36 46 15 252 5 191 160 21 62 5 221 602 72 5 88 659 5 21 10 134 221 5 165 237 5 232 31 62 3682
80.0 16 84 5 11 37 47 16 258 5 195 163 21 63 5 226 616 74 5 90 674 5 21 11 137 226 5 169 242 5 237 32 63 3766
81.0 16 86 5 11 38 48 16 264 5 199 167 22 65 5 232 630 75 5 92 689 5 22 11 140 232 5 172 248 5 242 32 65 3851
82.0 17 88 6 11 39 50 17 270 6 204 171 22 66 6 237 644 77 6 94 705 6 22 11 143 237 6 176 253 6 248 33 66 3938
83.0 17 90 6 11 39 51 17 276 6 208 175 23 68 6 242 659 79 6 96 721 6 23 11 146 242 6 180 259 6 253 34 68 4028
84.0 17 90 6 11 40 51 17 277 6 209 175 23 68 6 243 661 79 6 96 723 6 23 11 147 243 6 181 260 6 254 34 68 4040
85.0 17 92 6 11 40 52 17 281 6 212 178 23 69 6 246 670 80 6 97 733 6 23 11 149 246 6 183 263 6 258 34 69 4094
86.0 18 94 6 12 41 53 18 287 6 217 182 23 70 6 252 685 82 6 100 750 6 23 12 152 252 6 187 269 6 264 35 70 4188
87.0 18 96 6 12 42 54 18 293 6 221 186 24 72 6 257 700 84 6 102 766 6 24 12 156 257 6 192 275 6 269 36 72 4279
88.0 18 98 6 12 43 55 18 300 6 226 190 24 73 6 263 715 86 6 104 782 6 24 12 159 263 6 196 281 6 275 37 73 4371
89.0 19 100 6 12 44 56 19 306 6 231 194 25 75 6 269 731 87 6 106 799 6 25 12 162 269 6 200 287 6 281 37 75 4465
90.0 19 102 6 13 45 57 19 313 6 236 198 26 77 6 274 747 89 6 108 817 6 26 13 166 274 6 204 294 6 287 38 77 4562
91.0 19 102 6 13 45 58 19 313 6 237 198 26 77 6 275 748 90 6 109 819 6 26 13 166 275 6 205 294 6 288 38 77 4573
92.0 19 104 6 13 45 58 19 317 6 240 201 26 78 6 278 758 91 6 110 829 6 26 13 168 278 6 207 298 6 291 39 78 4630
93.0 20 106 7 13 46 60 20 324 7 245 205 26 79 7 285 774 93 7 112 847 7 26 13 172 285 7 212 304 7 298 40 79 4731
94.0 20 108 7 14 47 61 20 331 7 250 209 27 81 7 290 790 95 7 115 864 7 27 14 176 290 7 216 311 7 304 41 81 4828
95.0 21 110 7 14 48 62 21 338 7 255 214 28 83 7 296 806 96 7 117 882 7 28 14 179 296 7 220 317 7 310 41 83 4926
96.0 21 112 7 14 49 63 21 345 7 260 218 28 84 7 302 823 98 7 120 900 7 28 14 183 302 7 225 323 7 316 42 84 5027
97.0 22 115 7 14 50 65 22 352 7 265 222 29 86 7 309 840 100 7 122 918 7 29 14 187 309 7 230 330 7 323 43 86 5131
98.0 22 115 7 14 50 65 22 352 7 266 223 29 86 7 309 841 101 7 122 920 7 29 14 187 309 7 230 331 7 323 43 86 5138
99.0 22 116 7 15 51 65 22 356 7 269 225 29 87 7 313 851 102 7 124 931 7 29 15 189 313 7 233 334 7 327 44 87 5198
100.0 22 119 7 15 52 67 22 364 7 274 230 30 89 7 319 868 104 7 126 950 7 30 15 193 319 7 237 341 7 334 45 89 5304
101.0 23 121 8 15 53 68 23 371 8 280 234 30 91 8 325 885 106 8 129 968 8 30 15 197 325 8 242 348 8 340 45 91 5407
102.0 23 123 8 15 54 69 23 378 8 285 239 31 92 8 331 902 108 8 131 987 8 31 15 200 331 8 247 355 8 347 46 92 5511
103.0 24 126 8 16 55 71 24 385 8 291 244 31 94 8 338 919 110 8 134 1005 8 31 16 204 338 8 251 361 8 353 47 94 5617
104.0 24 128 8 16 56 72 24 392 8 296 248 32 96 8 344 937 112 8 136 1025 8 32 16 208 344 8 256 368 8 360 48 96 5725
105.0 24 128 8 16 56 72 24 393 8 296 248 32 96 8 345 938 112 8 136 1026 8 32 16 208 345 8 256 369 8 361 48 96 5730
106.0 24 130 8 16 57 73 24 397 8 300 251 32 97 8 348 947 113 8 138 1036 8 32 16 211 348 8 259 372 8 364 49 97 5789
107.0 25 132 8 17 58 74 25 404 8 305 256 33 99 8 355 966 116 8 140 1056 8 33 17 215 355 8 264 380 8 371 50 99 5901
108.0 25 134 8 17 59 76 25 412 8 311 260 34 101 8 361 983 118 8 143 1076 8 34 17 218 361 8 269 387 8 378 50 101 6008
109.0 26 137 9 17 60 77 26 419 9 316 265 34 103 9 368 1001 120 9 145 1095 9 34 17 222 368 9 274 393 9 385 51 103 6115
110.0 26 139 9 17 61 78 26 427 9 322 270 35 104 9 374 1019 122 9 148 1114 9 35 17 226 374 9 279 400 9 392 52 104 6225
111.0 27 142 9 18 62 80 27 434 9 328 275 35 106 9 381 1037 124 9 151 1134 9 35 18 230 381 9 284 408 9 399 53 106 6337
112.0 27 142 9 18 62 80 27 434 9 328 275 35 106 9 381 1037 124 9 151 1134 9 35 18 230 381 9 284 408 9 399 53 106 6336
113.0 27 143 9 18 63 81 27 438 9 331 277 36 107 9 385 1047 125 9 152 1145 9 36 18 233 385 9 286 411 9 403 54 107 6395
114.0 27 146 9 18 64 82 27 446 9 337 282 36 109 9 391 1065 127 9 155 1165 9 36 18 237 391 9 291 419 9 410 55 109 6510
115.0 28 148 9 19 65 83 28 454 9 343 287 37 111 9 398 1083 130 9 157 1185 9 37 19 241 398 9 296 426 9 417 56 111 6619
116.0 28 151 9 19 66 85 28 461 9 348 292 38 113 9 405 1101 132 9 160 1205 9 38 19 245 405 9 301 433 9 423 56 113 6728
117.0 29 153 10 19 67 86 29 469 10 354 297 38 115 10 411 1119 134 10 163 1224 10 38 19 249 411 10 306 440 10 430 57 115 6840
118.0 29 156 10 19 68 88 29 477 10 360 301 39 117 10 418 1138 136 10 165 1245 10 39 19 253 418 10 311 447 10 438 58 117 6954
119.0 29 155 10 19 68 87 29 476 10 359 301 39 117 10 418 1137 136 10 165 1244 10 39 19 253 418 10 311 447 10 437 58 117 6947
120.0 29 157 10 20 69 88 29 480 10 362 304 39 118 10 421 1146 137 10 167 1254 10 39 20 255 421 10 313 451 10 441 59 118 7003
121.0 30 159 10 20 70 90 30 488 10 368 309 40 119 10 428 1165 139 10 169 1274 10 40 20 259 428 10 319 458 10 448 60 119 7118
122.0 30 162 10 20 71 91 30 495 10 374 313 40 121 10 435 1183 142 10 172 1294 10 40 20 263 435 10 323 465 10 455 61 121 7228
123.0 31 164 10 21 72 92 31 503 10 380 318 41 123 10 441 1201 144 10 174 1313 10 41 21 267 441 10 328 472 10 462 62 123 7337
124.0 31 167 10 21 73 94 31 510 10 385 323 42 125 10 448 1219 146 10 177 1333 10 42 21 271 448 10 333 479 10 469 62 125 7448
125.0 32 169 11 21 74 95 32 518 11 391 328 42 127 11 455 1237 148 11 180 1354 11 42 21 275 455 11 338 486 11 476 63 127 7561
126.0 32 169 11 21 74 95 32 517 11 391 327 42 127 11 454 1235 148 11 179 1351 11 42 21 274 454 11 338 486 11 475 63 127 7547
127.0 32 170 11 21 74 96 32 521 11 393 329 43 128 11 457 1243 149 11 181 1360 11 43 21 276 457 11 340 489 11 478 64 128 7598
128.0 32 173 11 22 75 97 32 528 11 399 334 43 129 11 464 1262 151 11 183 1381 11 43 22 280 464 11 345 496 11 485 65 129 7712
129.0 33 175 11 22 77 98 33 536 11 405 339 44 131 11 470 1280 153 11 186 1400 11 44 22 284 470 11 350 503 11 492 66 131 7819
130.0 33 177 11 22 78 100 33 543 11 410 344 44 133 11 477 1297 155 11 188 1419 11 44 22 288 477 11 355 510 11 499 67 133 7926
131.0 34 180 11 22 79 101 34 551 11 416 348 45 135 11 483 1315 157 11 191 1438 11 45 22 292 483 11 360 517 11 506 67 135 8034
132.0 34 182 11 23 80 103 34 558 11 421 353 46 137 11 490 1333 159 11 194 1458 11 46 23 296 490 11 364 524 11 513 68 137 8144
133.0 34 182 11 23 79 102 34 556 11 420 352 45 136 11 488 1329 159 11 193 1454 11 45 23 295 488 11 363 522 11 511 68 136 8120
134.0 34 183 11 23 80 103 34 560 11 423 354 46 137 11 491 1336 160 11 194 1462 11 46 23 297 491 11 365 525 11 514 69 137 8165
135.0 35 185 12 23 81 104 35 567 12 428 359 46 139 12 498 1354 162 12 197 1481 12 46 23 301 498 12 370 532 12 521 69 139 8274
136.0 35 187 12 23 82 105 35 574 12 434 363 47 141 12 504 1371 164 12 199 1500 12 47 23 305 504 12 375 539 12 527 70 141 8377
137.0 36 190 12 24 83 107 36 581 12 439 368 47 142 12 510 1387 166 12 202 1518 12 47 24 308 510 12 379 545 12 534 71 142 8479
138.0 36 192 12 24 84 108 36 588 12 444 372 48 144 12 516 1404 168 12 204 1536 12 48 24 312 516 12 384 552 12 540 72 144 8581
139.0 36 194 12 24 85 109 36 595 12 449 377 49 146 12 522 1421 170 12 206 1555 12 49 24 316 522 12 389 559 12 547 73 146 8685
140.0 36 194 12 24 85 109 36 593 12 448 375 48 145 12 520 1416 169 12 206 1549 12 48 24 315 520 12 387 557 12 544 73 145 8651
141.0 36 194 12 24 85 109 36 595 12 450 377 49 146 12 522 1422 170 12 207 1555 12 49 24 316 522 12 389 559 12 547 73 146 8687
142.0 37 197 12 25 86 111 37 602 12 455 381 49 148 12 529 1438 172 12 209 1573 12 49 25 320 529 12 393 565 12 553 74 148 8789
143.0 37 199 12 25 87 112 37 609 12 460 385 50 149 12 534 1454 174 12 211 1591 12 50 25 323 534 12 398 572 12 559 75 149 8884
144.0 38 201 13 25 88 113 38 615 13 465 389 50 151 13 540 1469 176 13 213 1607 13 50 25 326 540 13 402 578 13 565 75 151 8978
145.0 38 203 13 25 89 114 38 622 13 469 393 51 152 13 546 1484 178 13 216 1624 13 51 25 330 546 13 406 584 13 571 76 152 9072
146.0 38 205 13 26 90 115 38 628 13 474 397 51 154 13 551 1500 179 13 218 1641 13 51 26 333 551 13 410 590 13 577 77 154 9167
147.0 38 204 13 26 89 115 38 625 13 472 395 51 153 13 549 1493 179 13 217 1633 13 51 26 332 549 13 408 587 13 574 77 153 9121
148.0 38 205 13 26 90 115 38 627 13 473 397 51 154 13 550 1497 179 13 217 1637 13 51 26 333 550 13 409 588 13 576 77 154 9147
149.0 39 207 13 26 90 116 39 633 13 478 401 52 155 13 556 1512 181 13 220 1654 13 52 26 336 556 13 413 594 13 581 78 155 9239
150.0 39 209 13 26 91 117 39 639 13 483 404 52 156 13 561 1526 183 13 222 1669 13 52 26 339 561 13 417 600 13 587 78 156 9324
151.0 39 210 13 26 92 118 39 645 13 487 408 53 158 13 566 1539 184 13 224 1684 13 53 26 342 566 13 421 605 13 592 79 158 9407
152.0 40 212 13 27 93 119 40 650 13 491 411 53 159 13 571 1553 186 13 226 1699 13 53 27 345 571 13 425 611 13 597 80 159 9490
153.0 40 214 13 27 94 121 40 656 13 495 415 54 161 13 576 1567 187 13 228 1714 13 54 27 348 576 13 428 616 13 603 80 161 9573
154.0 40 213 13 27 93 120 40 652 13 492 413 53 160 13 572 1557 186 13 226 1703 13 53 27 346 572 13 426 612 13 599 80 160 9515
155.0 40 213 13 27 93 120 40 653 13 493 413 53 160 13 573 1559 187 13 227 1706 13 53 27 346 573 13 426 613 13 600 80 160 9528
156.0 40 215 13 27 94 121 40 658 13 497 417 54 161 13 578 1572 188 13 228 1720 13 54 27 349 578 13 430 618 13 605 81 161 9608
157.0 41 217 14 27 95 122 41 663 14 501 420 54 162 14 582 1584 190 14 230 1733 14 54 27 352 582 14 433 623 14 609 81 162 9680
158.0 41 218 14 27 95 123 41 668 14 505 423 55 164 14 586 1595 191 14 232 1745 14 55 27 355 586 14 436 627 14 614 82 164 9750
159.0 41 220 14 27 96 124 41 673 14 508 426 55 165 14 591 1607 192 14 233 1758 14 55 27 357 591 14 439 632 14 618 82 165 9819
160.0 41 221 14 28 97 124 41 678 14 512 429 55 166 14 595 1618 194 14 235 1770 14 55 28 360 595 14 443 636 14 622 83 166 9889
161.0 41 220 14 27 96 124 41 673 14 508 426 55 165 14 590 1607 192 14 233 1758 14 55 27 357 590 14 439 632 14 618 82 165 9818
162.0 41 220 14 27 96 124 41 673 14 508 426 55 165 14 590 1606 192 14 233 1757 14 55 27 357 590 14 439 632 14 618 82 165 9817
163.0 41 221 14 28 97 124 41 677 14 511 428 55 166 14 594 1617 193 14 235 1769 14 55 28 359 594 14 442 636 14 622 83 166 9882
164.0 42 222 14 28 97 125 42 681 14 514 431 56 167 14 598 1626 195 14 236 1779 14 56 28 361 598 14 445 639 14 626 83 167 9939
165.0 42 224 14 28 98 126 42 685 14 517 433 56 168 14 601 1635 196 14 238 1789 14 56 28 363 601 14 447 643 14 629 84 168 9994
166.0 42 225 14 28 98 126 42 689 14 520 436 56 169 14 604 1644 197 14 239 1799 14 56 28 365 604 14 450 646 14 632 84 169 10048
167.0 42 226 14 28 99 127 42 692 14 523 438 57 170 14 608 1653 198 14 240 1808 14 57 28 367 608 14 452 650 14 636 85 170 10102
168.0 42 224 14 28 98 126 42 687 14 518 434 56 168 14 602 1639 196 14 238 1793 14 56 28 364 602 14 448 644 14 630 84 168 10017
169.0 42 224 14 28 98 126 42 685 14 518 434 56 168 14 601 1637 196 14 238 1790 14 56 28 364 601 14 448 643 14 629 84 168 10002
170.0 42 225 14 28 98 127 42 689 14 520 436 56 169 14 604 1645 197 14 239 1799 14 56 28 365 604 14 450 647 14 633 84 169 10050
171.0 42 226 14 28 99 127 42 692 14 522 438 56 169 14 607 1651 198 14 240 1806 14 56 28 367 607 14 452 649 14 635 85 169 10091
172.0 42 227 14 28 99 127 42 694 14 524 439 57 170 14 609 1657 198 14 241 1813 14 57 28 368 609 14 453 652 14 637 85 170 10129
173.0 43 227 14 28 100 128 43 697 14 526 441 57 171 14 611 1663 199 14 242 1820 14 57 28 370 611 14 455 654 14 640 85 171 10165
174.0 43 228 14 29 100 128 43 699 14 528 442 57 171 14 614 1669 200 14 243 1826 14 57 29 371 614 14 457 656 14 642 86 171 10202
175.0 42 226 14 28 99 127 42 693 14 523 438 57 170 14 608 1654 198 14 240 1809 14 57 28 367 608 14 452 650 14 636 85 170 10105
176.0 42 225 14 28 99 127 42 690 14 521 437 56 169 14 606 1648 197 14 240 1803 14 56 28 366 606 14 451 648 14 634 85 169 10074
177.0 42 226 14 28 99 127 42 693 14 523 438 57 170 14 608 1654 198 14 240 1809 14 57 28 367 608 14 452 650 14 636 85 170 10105
178.0 42 227 14 28 99 127 42 694 14 524 439 57 170 14 609 1657 198 14 241 1813 14 57 28 368 609 14 453 652 14 637 85 170 10128
179.0 43 227 14 28 99 128 43 695 14 525 440 57 170 14 610 1661 199 14 241 1817 14 57 28 369 610 14 454 653 14 639 85 170 10148
180.0 43 228 14 28 100 128 43 697 14 526 441 57 171 14 611 1664 199 14 242 1820 14 57 28 370 611 14 455 654 14 640 85 171 10167
181.0 43 228 14 28 100 128 43 698 14 527 442 57 171 14 613 1667 199 14 242 1824 14 57 28 370 613 14 456 655 14 641 85 171 10186
182.0 42 226 14 28 99 127 42 691 14 521 437 56 169 14 606 1649 197 14 240 1804 14 56 28 366 606 14 451 648 14 634 85 169 10078
183.0 42 224 14 28 98 126 42 687 14 519 435 56 168 14 603 1641 196 14 239 1796 14 56 28 365 603 14 449 645 14 631 84 168 10031
184.0 42 225 14 28 98 126 42 688 14 520 435 56 169 14 604 1644 197 14 239 1798 14 56 28 365 604 14 450 646 14 632 84 169 10044
185.0 42 225 14 28 98 126 42 689 14 520 436 56 169 14 604 1644 197 14 239 1799 14 56 28 365 604 14 450 647 14 632 84 169 10049
186.0 42 225 14 28 98 127 42 689 14 520 436 56 169 14 604 1645 197 14 239 1799 14 56 28 366 604 14 450 647 14 633 84 169 10052
187.0 42 225 14 28 98 127 42 689 14 520 436 56 169 14 605 1645 197 14 239 1800 14 56 28 366 605 14 450 647 14 633 84 169 10052
188.0 42 225 14 28 98 127 42 689 14 520 436 56 169 14 605 1645 197 14 239 1800 14 56 28 366 605 14 450 647 14 633 84 169 10053
189.0 42 222 14 28 97 125 42 681 14 514 431 56 167 14 597 1626 195 14 236 1778 14 56 28 361 597 14 445 639 14 625 83 167 9934
190.0 41 221 14 28 97 124 41 677 14 511 428 55 166 14 594 1616 193 14 235 1768 14 55 28 359 594 14 442 635 14 621 83 166 9874
191.0 41 221 14 28 97 124 41 676 14 511 428 55 166 14 593 1615 193 14 235 1767 14 55 28 359 593 14 442 635 14 621 83 166 9868
192.0 41 221 14 28 96 124 41 675 14 510 427 55 165 14 593 1613 193 14 234 1765 14 55 28 358 593 14 441 634 14 620 83 165 9856
193.0 41 220 14 28 96 124 41 674 14 509 427 55 165 14 592 1610 193 14 234 1762 14 55 28 358 592 14 440 633 14 619 83 165 9841
194.0 41 220 14 27 96 124 41 673 14 508 426 55 165 14 591 1608 192 14 234 1759 14 55 27 357 591 14 440 632 14 618 82 165 9825
195.0 41 219 14 27 96 123 41 672 14 508 425 55 165 14 590 1605 192 14 233 1756 14 55 27 357 590 14 439 631 14 617 82 165 9808
196.0 41 217 14 27 95 122 41 663 14 501 420 54 162 14 582 1584 190 14 230 1733 14 54 27 352 582 14 433 623 14 609 81 162 9681
197.0 40 215 13 27 94 121 40 658 13 497 417 54 161 13 578 1572 188 13 228 1720 13 54 27 349 578 13 430 618 13 605 81 161 9607
198.0 40 214 13 27 94 121 40 657 13 496 416 54 161 13 576 1568 188 13 228 1716 13 54 27 349 576 13 429 617 13 603 80 161 9585
199.0 40 214 13 27 94 120 40 655 13 495 414 53 160 13 575 1564 187 13 227 1711 13 53 27 348 575 13 428 615 13 601 80 160 9557
200.0 40 213 13 27 93 120 40 653 13 493 413 53 160 13 573 1559 187 13 226 1705 13 53 27 346 573 13 426 613 13 599 80 160 9525
201.0 40 212 13 27 93 119 40 651 13 491 412 53 159 13 571 1553 186 13 226 1699 13 53 27 345 571 13 425 611 13 597 80 159 9493
202.0 40 212 13 26 93 119 40 648 13 490 410 53 159 13 569 1548 185 13 225 1693 13 53 26 344 569 13 423 609 13 595 79 159 9460
203.0 39 209 13 26 91 117 39 639 13 483 404 52 157 13 561 1526 183 13 222 1670 13 52 26 339 561 13 417 600 13 587 78 157 9326
204.0 39 207 13 26 90 116 39 633 13 478 401 52 155 13 556 1512 181 13 220 1654 13 52 26 336 556 13 414 595 13 582 78 155 9242
205.0 39 206 13 26 90 116 39 631 13 476 399 51 154 13 554 1506 180 13 219 1648 13 51 26 335 554 13 412 592 13 579 77 154 9204
206.0 38 205 13 26 90 115 38 628 13 474 397 51 154 13 551 1499 179 13 218 1640 13 51 26 333 551 13 410 589 13 577 77 154 9161
207.0 38 204 13 25 89 115 38 625 13 472 395 51 153 13 548 1492 178 13 217 1632 13 51 25 331 548 13 408 586 13 574 76 153 9115
208.0 38 203 13 25 89 114 38 621 13 469 393 51 152 13 545 1484 178 13 216 1623 13 51 25 330 545 13 406 583 13 571 76 152 9068
209.0 38 202 13 25 88 114 38 618 13 467 391 50 151 13 543 1476 177 13 214 1615 13 50 25 328 543 13 404 580 13 568 76 151 9021
210.0 37 199 12 25 87 112 37 609 12 460 385 50 149 12 534 1454 174 12 211 1590 12 50 25 323 534 12 398 572 12 559 75 149 8884
211.0 37 197 12 25 86 111 37 602 12 455 381 49 148 12 529 1438 172 12 209 1574 12 49 25 320 529 12 393 566 12 553 74 148 8791
212.0 37 196 12 24 86 110 37 599 12 452 379 49 147 12 526 1430 171 12 208 1565 12 49 24 318 526 12 391 562 12 550 73 147 8739
213.0 36 194 12 24 85 109 36 595 12 449 376 49 146 12 522 1421 170 12 206 1555 12 49 24 316 522 12 389 559 12 547 73 146 8684
214.0 36 193 12 24 84 109 36 591 12 446 374 48 145 12 519 1411 169 12 205 1544 12 48 24 314 519 12 386 555 12 543 72 145 8626
215.0 36 192 12 24 84 108 36 587 12 443 371 48 144 12 515 1402 168 12 204 1534 12 48 24 312 515 12 383 551 12 539 72 144 8567
216.0 36 190 12 24 83 107 36 583 12 440 369 48 143 12 512 1392 167 12 202 1523 12 48 24 309 512 12 381 547 12 535 71 143 8508
217.0 35 187 12 23 82 105 35 574 12 433 363 47 140 12 503 1370 164 12 199 1498 12 47 23 304 503 12 375 538 12 527 70 140 8369
218.0 35 185 12 23 81 104 35 567 12 428 359 46 139 12 497 1353 162 12 197 1480 12 46 23 301 497 12 370 532 12 520 69 139 8270
219.0 34 184 11 23 80 103 34 562 11 425 356 46 138 11 494 1343 161 11 195 1469 11 46 23 298 494 11 367 528 11 517 69 138 8208
220.0 34 182 11 23 80 102 34 558 11 421 353 46 137 11 490 1332 159 11 194 1458 11 46 23 296 490 11 364 524 11 512 68 137 8142
221.0 34 181 11 23 79 102 34 553 11 418 350 45 136 11 486 1321 158 11 192 1445 11 45 23 294 486 11 361 519 11 508 68 136 8074
222.0 34 179 11 22 78 101 34 549 11 414 347 45 134 11 481 1310 157 11 190 1433 11 45 22 291 481 11 358 515 11 504 67 134 8006
223.0 33 178 11 22 78 100 33 544 11 411 344 44 133 11 477 1299 155 11 189 1421 11 44 22 289 477 11 355 511 11 500 67 133 7937
224.0 33 175 11 22 76 98 33 535 11 404 338 44 131 11 469 1276 153 11 185 1396 11 44 22 284 469 11 349 502 11 491 65 131 7800
225.0 32 172 11 22 75 97 32 527 11 398 334 43 129 11 463 1259 151 11 183 1378 11 43 22 280 463 11 344 495 11 484 65 129 7696
226.0 32 171 11 21 75 96 32 523 11 395 331 43 128 11 459 1248 149 11 181 1365 11 43 21 277 459 11 341 491 11 480 64 128 7626
227.0 32 169 11 21 74 95 32 518 11 391 327 42 127 11 454 1236 148 11 180 1352 11 42 21 275 454 11 338 486 11 475 63 127 7553
228.0 31 167 10 21 73 94 31 512 10 387 324 42 126 10 450 1224 146 10 178 1339 10 42 21 272 450 10 335 481 10 471 63 126 7478
229.0 31 166 10 21 72 93 31 507 10 383 321 41 124 10 445 1211 145 10 176 1325 10 41 21 269 445 10 331 476 10 466 62 124 7403
230.0 31 164 10 20 72 92 31 502 10 379 318 41 123 10 441 1199 143 10 174 1312 10 41 20 266 441 10 328 471 10 461 61 123 7328
231.0 30 161 10 20 70 91 30 493 10 372 312 40 121 10 433 1177 141 10 171 1288 10 40 20 262 433 10 322 463 10 453 60 121 7193
232.0 30 159 10 20 69 89 30 486 10 367 307 40 119 10 426 1160 139 10 169 1269 10 40 20 258 426 10 317 456 10 446 59 119 7088
233.0 29 157 10 20 69 88 29 481 10 363 304 39 118 10 422 1148 137 10 167 1255 10 39 20 255 422 10 314 451 10 441 59 118 7013
234.0 29 155 10 19 68 87 29 475 10 359 301 39 116 10 417 1135 136 10 165 1241 10 39 19 252 417 10 310 446 10 436 58 116 6934
235.0 29 153 10 19 67 86 29 470 10 355 297 38 115 10 412 1122 134 10 163 1227 10 38 19 249 412 10 307 441 10 431 58 115 6855
236.0 28 152 9 19 66 85 28 464 9 351 294 38 114 9 408 1109 133 9 161 1213 9 38 19 246 408 9 303 436 9 426 57 114 6776
237.0 28 150 9 19 66 84 28 459 9 347 290 37 112 9 403 1096 131 9 159 1199 9 37 19 244 403 9 300 431 9 421 56 112 6697
238.0 28 147 9 18 64 83 28 450 9 340 285 37 110 9 395 1075 129 9 156 1176 9 37 18 239 395 9 294 423 9 413 55 110 6568
239.0 27 145 9 18 63 81 27 443 9 334 280 36 108 9 389 1058 127 9 154 1157 9 36 18 235 389 9 289 416 9 407 54 108 6464
240.0 27 143 9 18 63 80 27 438 9 330 277 36 107 9 384 1045 125 9 152 1143 9 36 18 232 384 9 286 411 9 402 54 107 6385
241.0 26 141 9 18 62 79 26 432 9 326 273 35 106 9 379 1032 123 9 150 1129 9 35 18 229 379 9 282 406 9 397 53 106 6304
242.0 26 139 9 17 61 78 26 426 9 322 270 35 104 9 374 1018 122 9 148 1114 9 35 17 226 374 9 279 400 9 392 52 104 6223
243.0 26 137 9 17 60 77 26 421 9 318 266 34 103 9 369 1005 120 9 146 1100 9 34 17 223 369 9 275 395 9 387 52 103 6142
244.0 25 136 8 17 59 76 25 415 8 314 263 34 102 8 365 992 119 8 144 1085 8 34 17 220 365 8 271 390 8 381 51 102 6061
245.0 25 133 8 17 58 75 25 407 8 307 257 33 100 8 357 972 116 8 141 1063 8 33 17 216 357 8 266 382 8 374 50 100 5939
246.0 24 131 8 16 57 73 24 400 8 302 253 33 98 8 351 955 114 8 139 1045 8 33 16 212 351 8 261 376 8 367 49 98 5838
247.0 24 129 8 16 56 72 24 395 8 298 250 32 97 8 346 942 113 8 137 1031 8 32 16 209 346 8 258 370 8 362 48 97 5758
248.0 24 127 8 16 56 71 24 389 8 294 246 32 95 8 341 929 111 8 135 1016 8 32 16 206 341 8 254 365 8 357 48 95 5677
249.0 23 125 8 16 55 70 23 384 8 290 243 31 94 8 337 916 110 8 133 1002 8 31 16 204 337 8 250 360 8 352 47 94 5596
250.0 23 123 8 15 54 69 23 378 8 285 239 31 93 8 332 903 108 8 131 987 8 31 15 201 332 8 247 355 8 347 46 93 5516
251.0 23 122 8 15 53 68 23 373 8 281 236 30 91 8 327 889 106 8 129 973 8 30 15 198 327 8 243 350 8 342 46 91 5436
252.0 22 119 7 15 52 67 22 365 7 275 231 30 89 7 320 871 104 7 127 953 7 30 15 193 320 7 238 342 7 335 45 89 5321
253.0 22 117 7 15 51 66 22 358 7 270 227 29 88 7 314 855 102 7 124 935 7 29 15 190 314 7 234 336 7 329 44 88 5225
254.0 22 115 7 14 50 65 22 353 7 266 223 29 86 7 309 842 101 7 122 921 7 29 14 187 309 7 230 331 7 324 43 86 5146
255.0 21 113 7 14 50 64 21 347 7 262 220 28 85 7 305 829 99 7 120 907 7 28 14 184 305 7 227 326 7 319 43 85 5067
256.0 21 112 7 14 49 63 21 342 7 258 216 28 84 7 300 816 98 7 119 893 7 28 14 181 300 7 223 321 7 314 42 84 4988
257.0 21 110 7 14 48 62 21 336 7 254 213 27 82 7 295 803 96 7 117 879 7 27 14 179 295 7 220 316 7 309 41 82 4910
258.0 20 108 7 14 47 61 20 331 7 250 210 27 81 7 291 791 95 7 115 865 7 27 14 176 291 7 216 311 7 304 41 81 4832
259.0 20 106 7 13 46 59 20 324 7 245 205 26 79 7 284 773 93 7 112 846 7 26 13 172 284 7 212 304 7 297 40 79 4726
260.0 19 104 6 13 45 58 19 318 6 240 201 26 78 6 279 759 91 6 110 830 6 26 13 169 279 6 207 298 6 292 39 78 4636
261.0 19 102 6 13 45 57 19 313 6 236 198 26 77 6 274 746 89 6 108 816 6 26 13 166 274 6 204 293 6 287 38 77 4560
262.0 19 100 6 13 44 56 19 307 6 232 194 25 75 6 270 734 88 6 107 803 6 25 13 163 270 6 201 289 6 282 38 75 4484
263.0 18 99 6 12 43 55 18 302 6 228 191 25 74 6 265 721 86 6 105 789 6 25 12 160 265 6 197 284 6 277 37 74 4409
264.0 18 97 6 12 42 55 18 297 6 224 188 24 73 6 261 709 85 6 103 776 6 24 12 158 261 6 194 279 6 273 36 73 4334
265.0 18 95 6 12 42 54 18 292 6 220 185 24 72 6 256 697 83 6 101 763 6 24 12 155 256 6 191 274 6 268 36 72 4261
266.0 17 93 6 12 41 52 17 285 6 215 181 23 70 6 250 681 82 6 99 745 6 23 12 151 250 6 186 268 6 262 35 70 4164
267.0 17 91 6 11 40 51 17 280 6 211 177 23 68 6 245 668 80 6 97 730 6 23 11 148 245 6 183 262 6 257 34 68 4080
268.0 17 90 6 11 39 50 17 275 6 207 174 22 67 6 241 656 78 6 95 718 6 22 11 146 241 6 179 258 6 252 34 67 4008
269.0 17 88 6 11 39 50 17 270 6 204 171 22 66 6 237 644 77 6 94 705 6 22 11 143 237 6 176 253 6 248 33 66 3937
270.0 16 87 5 11 38 49 16 265 5 200 168 22 65 5 233 633 76 5 92 692 5 22 11 141 233 5 173 249 5 243 32 65 3867
271.0 16 85 5 11 37 48 16 260 5 196 165 21 64 5 228 621 74 5 90 680 5 21 11 138 228 5 170 244 5 239 32 64 3797
272.0 16 83 5 10 36 47 16 255 5 193 162 21 63 5 224 610 73 5 89 667 5 21 10 136 224 5 167 240 5 235 31 63 3728
273.0 15 81 5 10 36 46 15 249 5 188 158 20 61 5 219 596 71 5 87 652 5 20 10 132 219 5 163 234 5 229 31 61 3640
274.0 15 80 5 10 35 45 15 244 5 184 154 20 60 5 214 583 70 5 85 638 5 20 10 130 214 5 159 229 5 224 30 60 3563
275.0 15 78 5 10 34 44 15 240 5 181 152 20 59 5 210 572 68 5 83 626 5 20 10 127 210 5 157 225 5 220 29 59 3497
276.0 14 77 5 10 34 43 14 235 5 178 149 19 58 5 206 561 67 5 82 614 5 19 10 125 206 5 154 221 5 216 29 58 3431
277.0 14 75 5 9 33 42 14 231 5 174 146 19 56 5 202 551 66 5 80 603 5 19 9 122 202 5 151 217 5 212 28 56 3366
278.0 14 74 5 9 32 42 14 226 5 171 143 18 55 5 199 540 65 5 78 591 5 18 9 120 199 5 148 212 5 208 28 55 3301
279.0 14 72 5 9 32 41 14 222 5 168 140 18 54 5 195 530 63 5 77 580 5 18 9 118 195 5 145 208 5 204 27 54 3238
280.0 13 71 4 9 31 40 13 217 4 164 137 18 53 4 190 517 62 4 75 566 4 18 9 115 190 4 141 203 4 199 27 53 3160
281.0 13 69 4 9 30 39 13 212 4 160 134 17 52 4 186 506 61 4 73 553 4 17 9 112 186 4 138 199 4 195 26 52 3090
282.0 13 68 4 8 30 38 13 208 4 157 131 17 51 4 182 496 59 4 72 542 4 17 8 110 182 4 136 195 4 191 25 51 3030
283.0 12 66 4 8 29 37 12 203 4 154 129 17 50 4 179 486 58 4 71 532 4 17 8 108 179 4 133 191 4 187 25 50 2969
284.0 12 65 4 8 28 37 12 199 4 151 126 16 49 4 175 476 57 4 69 521 4 16 8 106 175 4 130 187 4 183 24 49 2910
285.0 12 64 4 8 28 36 12 195 4 148 124 16 48 4 171 467 56 4 68 510 4 16 8 104 171 4 128 183 4 179 24 48 2851
286.0 12 63 4 8 27 35 12 191 4 145 121 16 47 4 168 457 55 4 66 500 4 16 8 102 168 4 125 180 4 176 23 47 2794
287.0 11 61 4 8 27 34 11 187 4 141 118 15 46 4 164 446 53 4 65 488 4 15 8 99 164 4 122 175 4 171 23 46 2725
288.0 11 60 4 7 26 34 11 182 4 138 115 15 45 4 160 436 52 4 63 477 4 15 7 97 160 4 119 171 4 168 22 45 2663
289.0 11 58 4 7 26 33 11 179 4 135 113 15 44 4 157 427 51 4 62 467 4 15 7 95 157 4 117 168 4 164 22 44 2608
290.0 11 57 4 7 25 32 11 175 4 132 111 14 43 4 154 418 50 4 61 457 4 14 7 93 154 4 114 164 4 161 21 43 2553
291.0 10 56 3 7 24 31 10 171 3 129 108 14 42 3 150 409 49 3 59 448 3 14 7 91 150 3 112 161 3 157 21 42 2500
292.0 10 55 3 7 24 31 10 168 3 127 106 14 41 3 147 400 48 3 58 438 3 14 7 89 147 3 110 157 3 154 21 41 2447
293.0 10 54 3 7 23 30 10 164 3 124 104 13 40 3 144 392 47 3 57 429 3 13 7 87 144 3 107 154 3 151 20 40 2395
294.0 10 52 3 7 23 29 10 160 3 121 101 13 39 3 140 382 46 3 56 418 3 13 7 85 140 3 104 150 3 147 20 39 2335
295.0 10 51 3 6 22 29 10 156 3 118 99 13 38 3 137 373 45 3 54 408 3 13 6 83 137 3 102 147 3 143 19 38 2280
296.0 9 50 3 6 22 28 9 153 3 115 97 12 37 3 134 365 44 3 53 399 3 12 6 81 134 3 100 144 3 140 19 37 2231
297.0 9 49 3 6 21 27 9 150 3 113 95 12 37 3 131 357 43 3 52 391 3 12 6 79 131 3 98 140 3 137 18 37 2182
298.0 9 48 3 6 21 27 9 146 3 110 93 12 36 3 128 349 42 3 51 382 3 12 6 78 128 3 96 137 3 134 18 36 2135
299.0 9 47 3 6 20 26 9 143 3 108 91 12 35 3 126 342 41 3 50 374 3 12 6 76 126 3 93 134 3 131 18 35 2088
300.0 9 46 3 6 20 26 9 140 3 106 89 11 34 3 123 334 40 3 49 366 3 11 6 74 123 3 91 131 3 129 17 34 2042
301.0 8 45 3 6 19 25 8 136 3 103 86 11 33 3 120 326 39 3 47 356 3 11 6 72 120 3 89 128 3 125 17 33 1989
302.0 8 43 3 5 19 24 8 133 3 100 84 11 33 3 117 318 38 3 46 348 3 11 5 71 117 3 87 125 3 122 16 33 1941
303.0 8 42 3 5 19 24 8 130 3 98 82 11 32 3 114 311 37 3 45 340 3 11 5 69 114 3 85 122 3 119 16 32 1898
304.0 8 42 3 5 18 23 8 127 3 96 80 10 31 3 112 304 36 3 44 332 3 10 5 67 112 3 83 119 3 117 16 31 1855
305.0 8 41 3 5 18 23 8 124 3 94 79 10 30 3 109 297 36 3 43 325 3 10 5 66 109 3 81 117 3 114 15 30 1813
306.0 7 40 2 5 17 22 7 121 2 92 77 10 30 2 107 290 35 2 42 317 2 10 5 64 107 2 79 114 2 112 15 30 1772
307.0 7 39 2 5 17 22 7 119 2 90 75 10 29 2 104 283 34 2 41 310 2 10 5 63 104 2 78 111 2 109 15 29 1732
308.0 7 38 2 5 17 21 7 116 2 87 73 9 28 2 101 276 33 2 40 302 2 9 5 61 101 2 75 108 2 106 14 28 1685
309.0 7 37 2 5 16 21 7 113 2 85 71 9 28 2 99 269 32 2 39 294 2 9 5 60 99 2 74 106 2 104 14 28 1645
310.0 7 36 2 4 16 20 7 110 2 83 70 9 27 2 97 263 31 2 38 288 2 9 4 58 97 2 72 103 2 101 13 27 1607
311.0 7 35 2 4 15 20 7 108 2 81 68 9 26 2 94 257 31 2 37 281 2 9 4 57 94 2 70 101 2 99 13 26 1569
312.0 6 34 2 4 15 19 6 105 2 79 66 9 26 2 92 251 30 2 36 274 2 9 4 56 92 2 69 99 2 96 13 26 1533
313.0 6 33 2 4 15 19 6 103 2 77 65 8 25 2 90 245 29 2 36 268 2 8 4 54 90 2 67 96 2 94 13 25 1497
314.0 6 33 2 4 14 18 6 100 2 76 63 8 25 2 88 239 29 2 35 262 2 8 4 53 88 2 65 94 2 92 12 25 1462
315.0 6 32 2 4 14 18 6 97 2 74 62 8 24 2 86 233 28 2 34 255 2 8 4 52 86 2 64 91 2 89 12 24 1422
316.0 6 31 2 4 14 17 6 95 2 72 60 8 23 2 83 227 27 2 33 248 2 8 4 50 83 2 62 89 2 87 12 23 1386
317.0 6 30 2 4 13 17 6 93 2 70 59 8 23 2 81 221 27 2 32 242 2 8 4 49 81 2 61 87 2 85 11 23 1354
318.0 6 30 2 4 13 17 6 91 2 68 57 7 22 2 79 216 26 2 31 237 2 7 4 48 79 2 59 85 2 83 11 22 1321
319.0 5 29 2 4 13 16 5 88 2 67 56 7 22 2 78 211 25 2 31 231 2 7 4 47 78 2 58 83 2 81 11 22 1289
320.0 5 28 2 4 12 16 5 86 2 65 55 7 21 2 76 206 25 2 30 225 2 7 4 46 76 2 56 81 2 79 11 21 1258
321.0 5 27 2 3 12 15 5 84 2 64 53 7 21 2 74 201 24 2 29 220 2 7 3 45 74 2 55 79 2 77 10 21 1228
322.0 5 27 2 3 12 15 5 82 2 62 52 7 20 2 72 195 23 2 28 214 2 7 3 43 72 2 53 77 2 75 10 20 1194
323.0 5 26 2 3 11 15 5 80 2 60 50 7 20 2 70 190 23 2 28 208 2 7 3 42 70 2 52 75 2 73 10 20 1164
324.0 5 25 2 3 11 14 5 78 2 59 49 6 19 2 68 186 22 2 27 203 2 6 3 41 68 2 51 73 2 71 10 19 1135
325.0 5 25 2 3 11 14 5 76 2 57 48 6 19 2 67 181 22 2 26 198 2 6 3 40 67 2 50 71 2 70 9 19 1108
326.0 5 24 2 3 11 14 5 74 2 56 47 6 18 2 65 177 21 2 26 193 2 6 3 39 65 2 48 70 2 68 9 18 1080
327.0 4 24 1 3 10 13 4 72 1 55 46 6 18 1 63 172 21 1 25 189 1 6 3 38 63 1 47 68 1 66 9 18 1054
328.0 4 23 1 3 10 13 4 70 1 53 45 6 17 1 62 168 20 1 24 184 1 6 3 37 62 1 46 66 1 65 9 17 1028
329.0 4 22 1 3 10 13 4 68 1 52 43 6 17 1 60 163 20 1 24 179 1 6 3 36 60 1 45 64 1 63 8 17 999
330.0 4 22 1 3 10 12 4 67 1 50 42 5 16 1 59 159 19 1 23 174 1 5 3 35 59 1 44 63 1 61 8 16 973
331.0 4 21 1 3 9 12 4 65 1 49 41 5 16 1 57 155 19 1 23 170 1 5 3 35 57 1 42 61 1 60 8 16 949
332.0 4 21 1 3 9 12 4 63 1 48 40 5 16 1 56 151 18 1 22 166 1 5 3 34 56 1 41 60 1 58 8 16 925
333.0 4 20 1 3 9 11 4 62 1 47 39 5 15 1 54 148 18 1 21 161 1 5 3 33 54 1 40 58 1 57 8 15 902
334.0 4 20 1 2 9 11 4 60 1 45 38 5 15 1 53 144 17 1 21 157 1 5 2 32 53 1 39 57 1 55 7 15 879
335.0 4 19 1 2 8 11 4 59 1 44 37 5 14 1 52 140 17 1 20 153 1 5 2 31 52 1 38 55 1 54 7 14 857
336.0 3 19 1 2 8 10 3 57 1 43 36 5 14 1 50 136 16 1 20 149 1 5 2 30 50 1 37 54 1 52 7 14 833
337.0 3 18 1 2 8 10 3 56 1 42 35 5 14 1 49 133 16 1 19 145 1 5 2 29 49 1 36 52 1 51 7 14 811
338.0 3 18 1 2 8 10 3 54 1 41 34 4 13 1 48 129 15 1 19 141 1 4 2 29 48 1 35 51 1 50 7 13 790
339.0 3 17 1 2 8 10 3 53 1 40 33 4 13 1 46 126 15 1 18 138 1 4 2 28 46 1 34 50 1 48 6 13 770
340.0 3 17 1 2 7 9 3 51 1 39 33 4 13 1 45 123 15 1 18 134 1 4 2 27 45 1 34 48 1 47 6 13 750
341.0 3 16 1 2 7 9 3 50 1 38 32 4 12 1 44 120 14 1 17 131 1 4 2 27 44 1 33 47 1 46 6 12 731
342.0 3 16 1 2 7 9 3 49 1 37 31 4 12 1 43 117 14 1 17 127 1 4 2 26 43 1 32 46 1 45 6 12 712
343.0 3 15 1 2 7 9 3 47 1 36 30 4 12 1 42 113 14 1 16 124 1 4 2 25 42 1 31 45 1 44 6 12 692
344.0 3 15 1 2 7 8 3 46 1 35 29 4 11 1 40 110 13 1 16 121 1 4 2 24 40 1 30 43 1 42 6 11 673
345.0 3 15 1 2 6 8 3 45 1 34 28 4 11 1 39 107 13 1 16 117 1 4 2 24 39 1 29 42 1 41 6 11 656
346.0 3 14 1 2 6 8 3 44 1 33 28 4 11 1 38 105 13 1 15 114 1 4 2 23 38 1 29 41 1 40 5 11 639
347.0 3 14 1 2 6 8 3 43 1 32 27 3 10 1 37 102 12 1 15 111 1 3 2 23 37 1 28 40 1 39 5 10 622
348.0 3 14 1 2 6 8 3 42 1 31 26 3 10 1 36 99 12 1 14 108 1 3 2 22 36 1 27 39 1 38 5 10 606
349.0 2 13 1 2 6 7 2 40 1 31 26 3 10 1 35 97 12 1 14 106 1 3 2 21 35 1 26 38 1 37 5 10 590
350.0 2 13 1 2 6 7 2 39 1 30 25 3 10 1 34 94 11 1 14 103 1 3 2 21 34 1 26 37 1 36 5 10 573
351.0 2 12 1 2 5 7 2 38 1 29 24 3 9 1 34 91 11 1 13 100 1 3 2 20 34 1 25 36 1 35 5 9 558
352.0 2 12 1 2 5 7 2 37 1 28 24 3 9 1 33 89 11 1 13 97 1 3 2 20 33 1 24 35 1 34 5 9 543
353.0 2 12 1 1 5 7 2 36 1 27 23 3 9 1 32 86 10 1 13 95 1 3 1 19 32 1 24 34 1 33 4 9 529
354.0 2 12 1 1 5 6 2 35 1 27 22 3 9 1 31 84 10 1 12 92 1 3 1 19 31 1 23 33 1 32 4 9 514
355.0 2 11 1 1 5 6 2 34 1 26 22 3 8 1 30 82 10 1 12 90 1 3 1 18 30 1 22 32 1 32 4 8 501
356.0 2 11 1 1 5 6 2 33 1 25 21 3 8 1 29 80 10 1 12 87 1 3 1 18 29 1 22 31 1 31 4 8 487
357.0 2 11 1 1 5 6 2 32 1 25 21 3 8 1 28 77 9 1 11 85 1 3 1 17 28 1 21 30 1 30 4 8 473
358.0 2 10 1 1 5 6 2 32 1 24 20 3 8 1 28 75 9 1 11 82 1 3 1 17 28 1 21 30 1 29 4 8 460
359.0 2 10 1 1 4 6 2 31 1 23 19 3 8 1 27 73 9 1 11 80 1 3 1 16 27 1 20 29 1 28 4 8 448
360.0 2 10 1 1 4 5 2 30 1 23 19 2 7 1 26 71 9 1 10 78 1 2 1 16 26 1 20 28 1 27 4 7 436
361.0 2 9 1 1 4 5 2 29 1 22 18 2 7 1 26 69 8 1 10 76 1 2 1 15 26 1 19 27 1 27 4 7 424
362.0 2 9 1 1 4 5 2 28 1 21 18 2 7 1 25 68 8 1 10 74 1 2 1 15 25 1 18 27 1 26 3 7 413
363.0 2 9 1 1 4 5 2 28 1 21 17 2 7 1 24 66 8 1 10 72 1 2 1 15 24 1 18 26 1 25 3 7 402
364.0 2 9 1 1 4 5 2 27 1 20 17 2 7 1 23 64 8 1 9 70 1 2 1 14 23 1 17 25 1 25 3 7 390
365.0 2 8 1 1 4 5 2 26 1 20 16 2 6 1 23 62 7 1 9 68 1 2 1 14 23 1 17 24 1 24 3 6 379
