Covid-19 Population Estimated by PSD Model @ CDS/IISc
Day AN AP AR AS BR CH CT DL GA GJ HR HP JK JH KA KL LA LD MP MH MN OR PY PB RJ SK TN TG TR UP UT WB Total
0.0 3 17 1 2 7 9 3 51 1 38 32 4 12 1 45 121 14 1 18 132 1 4 2 27 45 1 33 48 1 47 6 12 740
1.0 4 20 1 3 9 11 4 62 1 47 39 5 15 1 55 149 18 1 22 163 1 5 3 33 55 1 41 59 1 57 8 15 910
2.0 4 24 1 3 10 13 4 73 1 55 46 6 18 1 64 174 21 1 25 190 1 6 3 39 64 1 48 68 1 67 9 18 1062
3.0 5 27 2 3 12 15 5 83 2 63 53 7 20 2 73 199 24 2 29 218 2 7 3 44 73 2 54 78 2 77 10 20 1216
4.0 6 31 2 4 14 17 6 95 2 72 60 8 23 2 83 226 27 2 33 248 2 8 4 50 83 2 62 89 2 87 12 23 1383
5.0 7 35 2 4 15 20 7 108 2 81 68 9 26 2 94 257 31 2 37 281 2 9 4 57 94 2 70 101 2 99 13 26 1570
6.0 7 40 2 5 17 22 7 122 2 92 77 10 30 2 107 291 35 2 42 319 2 10 5 65 107 2 80 115 2 112 15 30 1780
7.0 8 45 3 6 20 25 8 138 3 104 88 11 34 3 121 330 40 3 48 361 3 11 6 73 121 3 90 130 3 127 17 34 2018
8.0 10 51 3 6 22 29 10 157 3 118 99 13 38 3 137 374 45 3 54 409 3 13 6 83 137 3 102 147 3 144 19 38 2286
9.0 11 58 4 7 25 33 11 177 4 134 112 14 43 4 156 423 51 4 62 463 4 14 7 94 156 4 116 166 4 163 22 43 2588
10.0 12 65 4 8 29 37 12 201 4 151 127 16 49 4 176 479 57 4 70 524 4 16 8 106 176 4 131 188 4 184 25 49 2927
11.0 14 74 5 9 32 42 14 227 5 171 143 19 56 5 199 541 65 5 79 592 5 19 9 120 199 5 148 213 5 208 28 56 3307
12.0 16 84 5 10 37 47 16 256 5 193 162 21 63 5 224 611 73 5 89 668 5 21 10 136 224 5 167 240 5 235 31 63 3733
13.0 18 94 6 12 41 53 18 288 6 218 182 24 71 6 253 689 82 6 100 753 6 24 12 153 253 6 188 271 6 265 35 71 4208
14.0 20 106 7 13 46 60 20 325 7 245 205 27 80 7 285 775 93 7 113 848 7 27 13 172 285 7 212 305 7 298 40 80 4738
15.0 22 119 7 15 52 67 22 365 7 276 231 30 89 7 320 872 104 7 127 954 7 30 15 194 320 7 238 343 7 335 45 89 5328
16.0 25 134 8 17 58 75 25 409 8 309 259 33 100 8 359 977 117 8 142 1069 8 33 17 217 359 8 267 384 8 376 50 100 5972
17.0 28 149 9 19 65 84 28 457 9 345 289 37 112 9 401 1091 130 9 158 1193 9 37 19 242 401 9 298 429 9 419 56 112 6665
18.0 31 166 10 21 72 93 31 507 10 383 321 41 124 10 445 1212 145 10 176 1326 10 41 21 269 445 10 331 476 10 466 62 124 7405
19.0 34 183 11 23 80 103 34 561 11 424 355 46 137 11 492 1340 160 11 195 1466 11 46 23 298 492 11 366 527 11 515 69 137 8189
20.0 38 202 13 25 88 113 38 618 13 466 391 50 151 13 542 1475 176 13 214 1613 13 50 25 328 542 13 403 580 13 567 76 151 9011
21.0 41 221 14 28 97 124 41 676 14 511 428 55 166 14 594 1615 193 14 235 1767 14 55 28 359 594 14 442 635 14 621 83 166 9870
22.0 45 241 15 30 106 136 45 739 15 558 467 60 181 15 648 1764 211 15 256 1929 15 60 30 392 648 15 482 693 15 678 90 181 10777
23.0 49 263 16 33 115 148 49 805 16 608 509 66 197 16 706 1922 230 16 279 2103 16 66 33 427 706 16 526 756 16 739 99 197 11746
24.0 54 286 18 36 125 161 54 875 18 661 554 71 214 18 768 2090 250 18 304 2286 18 71 36 464 768 18 572 822 18 804 107 214 12772
25.0 58 310 19 39 136 174 58 950 19 717 601 78 233 19 833 2267 271 19 329 2481 19 78 39 504 833 19 620 891 19 872 116 233 13856
26.0 63 336 21 42 147 189 63 1028 21 776 650 84 252 21 902 2455 294 21 357 2685 21 84 42 545 902 21 671 965 21 944 126 252 15000
27.0 68 363 23 45 159 204 68 1110 23 839 703 91 272 23 975 2652 317 23 385 2901 23 91 45 589 975 23 725 1043 23 1020 136 272 16204
28.0 73 391 24 49 171 220 73 1197 24 904 758 98 293 24 1051 2859 342 24 415 3128 24 98 49 635 1051 24 782 1124 24 1100 147 293 17472
29.0 79 421 26 53 184 237 79 1289 26 973 815 105 316 26 1131 3077 368 26 447 3366 26 105 53 684 1131 26 842 1210 26 1183 158 316 18804
30.0 85 452 28 57 198 254 85 1384 28 1045 876 113 339 28 1215 3306 396 28 480 3617 28 113 57 735 1215 28 904 1300 28 1271 170 339 20202
31.0 91 485 30 61 212 273 91 1485 30 1121 939 121 364 30 1303 3546 424 30 515 3879 30 121 61 788 1303 30 970 1394 30 1364 182 364 21669
32.0 97 519 32 65 227 292 97 1590 32 1201 1006 130 389 32 1395 3797 454 32 552 4154 32 130 65 844 1395 32 1038 1493 32 1460 195 389 23204
33.0 104 555 35 69 243 312 104 1700 35 1284 1076 139 416 35 1492 4060 486 35 590 4441 35 139 69 902 1492 35 1110 1596 35 1561 208 416 24809
34.0 111 593 37 74 259 333 111 1815 37 1371 1148 148 444 37 1593 4334 519 37 630 4741 37 148 74 963 1593 37 1185 1704 37 1667 222 444 26485
35.0 118 632 39 79 276 355 118 1935 39 1461 1224 158 474 39 1698 4620 553 39 671 5054 39 158 79 1027 1698 39 1264 1816 39 1777 237 474 28231
36.0 126 672 42 84 294 378 126 2059 42 1555 1303 168 504 42 1807 4917 588 42 714 5379 42 168 84 1093 1807 42 1345 1933 42 1891 252 504 30049
37.0 134 714 45 89 312 402 134 2187 45 1652 1384 179 536 45 1919 5223 625 45 759 5714 45 179 89 1161 1919 45 1428 2053 45 2009 268 536 31916
38.0 142 757 47 95 331 426 142 2317 47 1750 1466 189 567 47 2033 5533 662 47 804 6053 47 189 95 1230 2033 47 1513 2175 47 2128 284 567 33812
39.0 150 800 50 100 350 450 150 2449 50 1849 1549 200 600 50 2149 5847 700 50 850 6397 50 200 100 1299 2149 50 1599 2299 50 2249 300 600 35730
40.0 158 843 53 105 369 474 158 2581 53 1949 1633 211 632 53 2265 6163 737 53 895 6742 53 211 105 1369 2265 53 1685 2423 53 2370 316 632 37660
41.0 166 886 55 111 388 498 166 2713 55 2049 1716 221 664 55 2381 6478 775 55 941 7087 55 221 111 1440 2381 55 1772 2547 55 2492 332 664 39589
42.0 174 929 58 116 406 522 174 2844 58 2148 1800 232 697 58 2496 6792 813 58 987 7430 58 232 116 1509 2496 58 1858 2670 58 2612 348 697 41505
43.0 182 971 61 121 425 546 182 2974 61 2246 1881 243 728 61 2610 7101 850 61 1032 7769 61 243 121 1578 2610 61 1942 2792 61 2731 364 728 43395
44.0 190 1013 63 127 443 570 190 3101 63 2341 1962 253 759 63 2721 7404 886 63 1076 8100 63 253 127 1645 2721 63 2025 2911 63 2848 380 759 45246
45.0 197 1053 66 132 461 592 197 3224 66 2435 2040 263 790 66 2829 7698 921 66 1119 8422 66 263 132 1711 2829 66 2106 3027 66 2961 395 790 47045
46.0 205 1092 68 136 478 614 205 3343 68 2524 2115 273 819 68 2934 7982 955 68 1160 8732 68 273 136 1774 2934 68 2183 3138 68 3070 409 819 48779
47.0 212 1129 71 141 494 635 212 3456 71 2610 2187 282 846 71 3033 8253 988 71 1199 9029 71 282 141 1834 3033 71 2257 3245 71 3174 423 846 50434
48.0 218 1164 73 145 509 655 218 3564 73 2691 2255 291 873 73 3127 8509 1018 73 1236 9309 73 291 145 1891 3127 73 2327 3345 73 3273 436 873 52001
49.0 224 1196 75 150 523 673 224 3664 75 2767 2318 299 897 75 3215 8749 1047 75 1271 9572 75 299 150 1944 3215 75 2393 3440 75 3365 449 897 53466
50.0 230 1227 77 153 537 690 230 3757 77 2837 2377 307 920 77 3297 8971 1073 77 1303 9814 77 307 153 1993 3297 77 2453 3527 77 3450 460 920 54820
51.0 236 1256 79 157 550 707 236 3847 79 2905 2434 314 942 79 3376 9185 1099 79 1335 10049 79 314 157 2041 3376 79 2512 3611 79 3533 471 942 56133
52.0 244 1299 81 162 568 731 244 3978 81 3004 2517 325 974 81 3491 9499 1137 81 1380 10392 81 325 162 2111 3491 81 2598 3734 81 3653 487 974 58047
53.0 251 1341 84 168 587 754 251 4106 84 3101 2598 335 1006 84 3603 9805 1173 84 1425 10727 84 335 168 2179 3603 84 2682 3855 84 3771 503 1006 59918
54.0 259 1383 86 173 605 778 259 4235 86 3198 2679 346 1037 86 3716 10112 1210 86 1469 11063 86 346 173 2247 3716 86 2766 3976 86 3889 519 1037 61795
55.0 267 1426 89 178 624 802 267 4366 89 3297 2762 356 1069 89 3831 10424 1247 89 1515 11404 89 356 178 2316 3831 89 2851 4098 89 4009 535 1069 63703
56.0 275 1469 92 184 643 826 275 4499 92 3397 2846 367 1102 92 3948 10743 1285 92 1561 11753 92 367 184 2387 3948 92 2938 4224 92 4132 551 1102 65652
57.0 284 1514 95 189 662 851 284 4636 95 3500 2933 378 1135 95 4068 11069 1324 95 1608 12110 95 378 189 2460 4068 95 3027 4352 95 4257 568 1135 67644
58.0 292 1559 97 195 682 877 292 4775 97 3606 3021 390 1169 97 4190 11402 1364 97 1657 12474 97 390 195 2534 4190 97 3118 4483 97 4385 585 1169 69677
59.0 301 1606 100 201 702 903 301 4917 100 3713 3111 401 1204 100 4315 11741 1405 100 1706 12845 100 401 201 2609 4315 100 3211 4616 100 4516 602 1204 71749
60.0 310 1653 103 207 723 930 310 5061 103 3822 3202 413 1240 103 4442 12085 1446 103 1756 13222 103 413 207 2686 4442 103 3305 4752 103 4648 620 1240 73855
61.0 319 1701 106 213 744 957 319 5208 106 3933 3295 425 1275 106 4570 12435 1488 106 1807 13604 106 425 213 2763 4570 106 3401 4889 106 4783 638 1275 75993
62.0 326 1738 109 217 761 978 326 5324 109 4020 3368 435 1304 109 4672 12712 1521 109 1847 13907 109 435 217 2825 4672 109 3477 4998 109 4889 652 1304 77684
63.0 317 1693 106 212 741 952 317 5185 106 3915 3280 423 1270 106 4550 12381 1481 106 1799 13545 106 423 212 2751 4550 106 3386 4868 106 4762 635 1270 75661
64.0 327 1742 109 218 762 980 327 5335 109 4029 3375 436 1307 109 4682 12739 1524 109 1851 13936 109 436 218 2831 4682 109 3484 5008 109 4900 653 1307 77848
65.0 335 1784 112 223 781 1004 335 5464 112 4126 3457 446 1338 112 4795 13046 1561 112 1896 14272 112 446 223 2899 4795 112 3568 5129 112 5018 669 1338 79723
66.0 342 1823 114 228 798 1026 342 5584 114 4217 3533 456 1368 114 4901 13334 1596 114 1937 14588 114 456 228 2963 4901 114 3647 5242 114 5128 684 1368 81485
67.0 349 1863 116 233 815 1048 349 5706 116 4308 3610 466 1397 116 5007 13623 1630 116 1979 14904 116 466 233 3027 5007 116 3726 5356 116 5240 699 1397 83254
68.0 357 1904 119 238 833 1071 357 5830 119 4403 3689 476 1428 119 5117 13922 1666 119 2023 15231 119 476 238 3094 5117 119 3808 5473 119 5354 714 1428 85077
69.0 363 1935 121 242 847 1089 363 5926 121 4475 3749 484 1451 121 5201 14151 1693 121 2056 15481 121 484 242 3145 5201 121 3870 5564 121 5443 726 1451 86478
70.0 353 1881 118 235 823 1058 353 5761 118 4350 3644 470 1411 118 5055 13755 1646 118 1999 15048 118 470 235 3057 5055 118 3762 5408 118 5290 705 1411 84058
71.0 361 1926 120 241 843 1084 361 5900 120 4455 3732 482 1445 120 5177 14087 1686 120 2047 15411 120 482 241 3130 5177 120 3853 5538 120 5418 722 1445 86087
72.0 369 1966 123 246 860 1106 369 6020 123 4546 3809 491 1474 123 5283 14375 1720 123 2089 15726 123 491 246 3194 5283 123 3932 5652 123 5529 737 1474 87845
73.0 376 2003 125 250 876 1127 376 6135 125 4632 3881 501 1502 125 5384 14648 1753 125 2128 16026 125 501 250 3255 5384 125 4006 5759 125 5634 751 1502 89518
74.0 383 2041 128 255 893 1148 383 6251 128 4720 3954 510 1531 128 5485 14925 1786 128 2169 16328 128 510 255 3317 5485 128 4082 5868 128 5740 765 1531 91207
75.0 390 2080 130 260 910 1170 390 6371 130 4811 4031 520 1560 130 5591 15212 1820 130 2210 16642 130 520 260 3380 5591 130 4161 5981 130 5851 780 1560 92962
76.0 398 2121 133 265 928 1193 398 6497 133 4906 4110 530 1591 133 5701 15512 1856 133 2254 16971 133 530 265 3447 5701 133 4243 6099 133 5966 796 1591 94798
77.0 384 2049 128 256 896 1152 384 6274 128 4738 3969 512 1537 128 5506 14981 1793 128 2177 16389 128 512 256 3329 5506 128 4097 5890 128 5762 768 1537 91550
78.0 393 2094 131 262 916 1178 393 6413 131 4843 4057 524 1571 131 5628 15313 1832 131 2225 16753 131 524 262 3403 5628 131 4188 6021 131 5890 785 1571 93582
79.0 400 2133 133 267 933 1200 400 6532 133 4932 4132 533 1600 133 5732 15596 1866 133 2266 17062 133 533 267 3466 5732 133 4266 6132 133 5998 800 1600 95308
80.0 407 2169 136 271 949 1220 407 6643 136 5016 4203 542 1627 136 5829 15861 1898 136 2305 17352 136 542 271 3525 5829 136 4338 6236 136 6100 813 1627 96929
81.0 414 2205 138 276 965 1241 414 6754 138 5100 4273 551 1654 138 5927 16128 1930 138 2343 17644 138 551 276 3584 5927 138 4411 6341 138 6203 827 1654 98557
82.0 421 2243 140 280 981 1262 421 6870 140 5187 4346 561 1682 140 6029 16404 1963 140 2383 17946 140 561 280 3645 6029 140 4486 6449 140 6309 841 1682 100245
83.0 428 2283 143 285 999 1284 428 6991 143 5279 4423 571 1712 143 6135 16693 1997 143 2425 18262 143 571 285 3709 6135 143 4566 6563 143 6420 856 1712 102011
84.0 413 2204 138 275 964 1240 413 6750 138 5097 4270 551 1653 138 5923 16117 1928 138 2342 17632 138 551 275 3581 5923 138 4408 6336 138 6199 826 1653 98491
85.0 421 2248 140 281 983 1264 421 6884 140 5198 4355 562 1686 140 6041 16437 1967 140 2388 17982 140 562 281 3653 6041 140 4496 6462 140 6322 843 1686 100449
86.0 428 2284 143 286 999 1285 428 6996 143 5283 4426 571 1713 143 6140 16705 1999 143 2427 18276 143 571 286 3712 6140 143 4569 6568 143 6425 857 1713 102088
87.0 435 2319 145 290 1014 1304 435 7101 145 5362 4492 580 1739 145 6231 16955 2029 145 2464 18549 145 580 290 3768 6231 145 4637 6666 145 6521 869 1739 103613
88.0 441 2353 147 294 1029 1323 441 7205 147 5441 4558 588 1765 147 6323 17204 2059 147 2500 18821 147 588 294 3823 6323 147 4705 6764 147 6617 882 1765 105135
89.0 448 2388 149 298 1045 1343 448 7313 149 5522 4627 597 1791 149 6418 17462 2089 149 2537 19103 149 597 298 3880 6418 149 4776 6865 149 6716 895 1791 106710
90.0 455 2425 152 303 1061 1364 455 7426 152 5607 4698 606 1819 152 6516 17731 2122 152 2576 19398 152 606 303 3940 6516 152 4849 6971 152 6819 909 1819 108354
91.0 439 2340 146 293 1024 1316 439 7168 146 5412 4535 585 1755 146 6290 17114 2048 146 2487 18723 146 585 293 3803 6290 146 4681 6729 146 6582 878 1755 104588
92.0 446 2381 149 298 1042 1339 446 7292 149 5506 4613 595 1786 149 6399 17412 2083 149 2530 19049 149 595 298 3869 6399 149 4762 6846 149 6697 893 1786 106407
93.0 453 2414 151 302 1056 1358 453 7394 151 5583 4678 604 1811 151 6489 17656 2113 151 2565 19316 151 604 302 3924 6489 151 4829 6942 151 6791 905 1811 107897
94.0 458 2445 153 306 1070 1375 458 7488 153 5654 4738 611 1834 153 6571 17880 2140 153 2598 19561 153 611 306 3973 6571 153 4890 7030 153 6877 917 1834 109269
95.0 464 2476 155 309 1083 1393 464 7582 155 5726 4797 619 1857 155 6654 18105 2166 155 2631 19807 155 619 309 4023 6654 155 4952 7118 155 6963 928 1857 110642
96.0 470 2508 157 313 1097 1411 470 7680 157 5799 4859 627 1881 157 6740 18339 2194 157 2665 20063 157 627 313 4075 6740 157 5016 7210 157 7053 940 1881 112071
97.0 477 2542 159 318 1112 1430 477 7784 159 5877 4924 635 1906 159 6830 18585 2224 159 2700 20333 159 635 318 4130 6830 159 5083 7307 159 7148 953 1906 113576
98.0 460 2453 153 307 1073 1380 460 7511 153 5672 4752 613 1840 153 6592 17935 2146 153 2606 19622 153 613 307 3986 6592 153 4905 7052 153 6898 920 1840 109605
99.0 467 2491 156 311 1090 1401 467 7628 156 5760 4826 623 1868 156 6694 18214 2179 156 2647 19927 156 623 311 4048 6694 156 4982 7161 156 7005 934 1868 111309
100.0 473 2522 158 315 1103 1419 473 7723 158 5832 4886 630 1891 158 6777 18441 2207 158 2679 20175 158 630 315 4098 6777 158 5044 7250 158 7093 946 1891 112695
101.0 478 2550 159 319 1116 1435 478 7810 159 5898 4941 638 1913 159 6854 18649 2232 159 2710 20403 159 638 319 4144 6854 159 5101 7332 159 7173 956 1913 113968
102.0 484 2579 161 322 1128 1451 484 7898 161 5964 4997 645 1934 161 6931 18858 2257 161 2740 20631 161 645 322 4191 6931 161 5158 7414 161 7253 967 1934 115244
103.0 489 2609 163 326 1141 1467 489 7989 163 6033 5054 652 1957 163 7011 19076 2283 163 2772 20870 163 652 326 4239 7011 163 5217 7500 163 7337 978 1957 116577
104.0 495 2640 165 330 1155 1485 495 8086 165 6106 5116 660 1980 165 7096 19307 2310 165 2805 21122 165 660 330 4290 7096 165 5281 7591 165 7426 990 1980 117987
105.0 478 2548 159 318 1115 1433 478 7802 159 5891 4936 637 1911 159 6847 18629 2229 159 2707 20381 159 637 318 4140 6847 159 5095 7324 159 7165 955 1911 113844
106.0 484 2584 161 323 1130 1453 484 7912 161 5975 5006 646 1938 161 6944 18893 2261 161 2745 20669 161 646 323 4198 6944 161 5167 7428 161 7267 969 1938 115457
107.0 490 2613 163 327 1143 1470 490 8001 163 6042 5062 653 1959 163 7021 19105 2286 163 2776 20901 163 653 327 4245 7021 163 5225 7511 163 7348 980 1959 116751
108.0 495 2639 165 330 1155 1484 495 8082 165 6103 5113 660 1979 165 7092 19298 2309 165 2804 21112 165 660 330 4288 7092 165 5278 7587 165 7422 990 1979 117930
109.0 500 2665 167 333 1166 1499 500 8163 167 6164 5164 666 1999 167 7163 19491 2332 167 2832 21323 167 666 333 4331 7163 167 5331 7663 167 7496 1000 1999 119110
110.0 505 2693 168 337 1178 1515 505 8248 168 6228 5218 673 2020 168 7238 19693 2356 168 2861 21545 168 673 337 4376 7238 168 5386 7743 168 7574 1010 2020 120346
111.0 510 2722 170 340 1191 1531 510 8337 170 6296 5275 681 2042 170 7316 19908 2382 170 2893 21779 170 681 340 4424 7316 170 5445 7827 170 7657 1021 2042 121658
112.0 492 2626 164 328 1149 1477 492 8044 164 6074 5089 657 1970 164 7059 19206 2298 164 2791 21012 164 657 328 4268 7059 164 5253 7551 164 7387 985 1970 117371
113.0 499 2660 166 333 1164 1496 499 8147 166 6152 5154 665 1995 166 7150 19453 2328 166 2827 21282 166 665 333 4323 7150 166 5321 7648 166 7482 998 1995 118882
114.0 504 2687 168 336 1176 1511 504 8229 168 6214 5206 672 2015 168 7221 19648 2351 168 2855 21496 168 672 336 4366 7221 168 5374 7725 168 7557 1008 2015 120074
115.0 508 2711 169 339 1186 1525 508 8302 169 6269 5253 678 2033 169 7286 19824 2372 169 2880 21688 169 678 339 4405 7286 169 5422 7794 169 7625 1017 2033 121148
116.0 513 2735 171 342 1197 1538 513 8376 171 6325 5299 684 2051 171 7350 20000 2393 171 2906 21880 171 684 342 4444 7350 171 5470 7863 171 7692 1026 2051 122221
117.0 518 2760 173 345 1208 1553 518 8453 173 6383 5348 690 2070 173 7418 20184 2415 173 2933 22082 173 690 345 4485 7418 173 5520 7936 173 7763 1035 2070 123346
118.0 523 2787 174 348 1219 1568 523 8535 174 6445 5400 697 2090 174 7490 20380 2439 174 2961 22296 174 697 348 4529 7490 174 5574 8013 174 7838 1045 2090 124543
119.0 504 2688 168 336 1176 1512 504 8233 168 6217 5209 672 2016 168 7225 19659 2352 168 2856 21507 168 672 336 4369 7225 168 5377 7729 168 7561 1008 2016 120137
120.0 510 2720 170 340 1190 1530 510 8328 170 6289 5269 680 2040 170 7309 19886 2380 170 2889 21756 170 680 340 4419 7309 170 5439 7819 170 7649 1020 2040 121528
121.0 514 2743 171 343 1200 1543 514 8402 171 6344 5316 686 2058 171 7373 20062 2401 171 2915 21948 171 686 343 4458 7373 171 5487 7888 171 7716 1029 2058 122600
122.0 518 2765 173 346 1210 1555 518 8467 173 6394 5357 691 2074 173 7430 20218 2419 173 2938 22119 173 691 346 4493 7430 173 5530 7949 173 7776 1037 2074 123553
123.0 522 2786 174 348 1219 1567 522 8532 174 6443 5398 697 2090 174 7487 20373 2438 174 2960 22288 174 697 348 4527 7487 174 5572 8010 174 7836 1045 2090 124500
124.0 527 2808 176 351 1229 1580 527 8600 176 6494 5441 702 2106 176 7547 20536 2457 176 2984 22466 176 702 351 4563 7547 176 5617 8074 176 7898 1053 2106 125496
125.0 531 2832 177 354 1239 1593 531 8673 177 6549 5487 708 2124 177 7611 20709 2478 177 3009 22657 177 708 354 4602 7611 177 5664 8142 177 7965 1062 2124 126558
126.0 512 2731 171 341 1195 1536 512 8365 171 6317 5292 683 2049 171 7341 19974 2390 171 2902 21852 171 683 341 4439 7341 171 5463 7853 171 7682 1024 2049 122064
127.0 517 2759 172 345 1207 1552 517 8451 172 6381 5346 690 2070 172 7416 20178 2415 172 2932 22075 172 690 345 4484 7416 172 5519 7933 172 7761 1035 2070 123312
128.0 521 2780 174 348 1216 1564 521 8515 174 6429 5387 695 2085 174 7472 20331 2433 174 2954 22243 174 695 348 4518 7472 174 5561 7993 174 7820 1043 2085 124245
129.0 525 2799 175 350 1224 1574 525 8570 175 6472 5422 700 2099 175 7521 20464 2449 175 2973 22388 175 700 350 4548 7521 175 5597 8046 175 7871 1049 2099 125058
130.0 528 2816 176 352 1232 1584 528 8626 176 6513 5457 704 2112 176 7569 20596 2464 176 2993 22532 176 704 352 4577 7569 176 5633 8097 176 7921 1056 2112 125862
131.0 532 2835 177 354 1241 1595 532 8684 177 6557 5494 709 2127 177 7620 20734 2481 177 3013 22684 177 709 354 4608 7620 177 5671 8152 177 7975 1063 2127 126709
132.0 535 2856 178 357 1249 1606 535 8746 178 6604 5533 714 2142 178 7675 20883 2499 178 3034 22846 178 714 357 4641 7675 178 5712 8210 178 8032 1071 2142 127618
133.0 516 2754 172 344 1205 1549 516 8434 172 6369 5336 688 2065 172 7401 20138 2410 172 2926 22032 172 688 344 4475 7401 172 5508 7918 172 7745 1033 2065 123067
134.0 521 2778 174 347 1215 1563 521 8508 174 6425 5383 695 2084 174 7467 20316 2431 174 2952 22226 174 695 347 4515 7467 174 5556 7987 174 7814 1042 2084 124152
135.0 524 2796 175 349 1223 1573 524 8562 175 6465 5417 699 2097 175 7513 20443 2446 175 2970 22365 175 699 349 4543 7513 175 5591 8037 175 7863 1048 2097 124929
136.0 527 2810 176 351 1230 1581 527 8607 176 6499 5445 703 2108 176 7553 20550 2459 176 2986 22483 176 703 351 4567 7553 176 5621 8080 176 7904 1054 2108 125586
137.0 530 2825 177 353 1236 1589 530 8651 177 6532 5473 706 2119 177 7591 20656 2472 177 3001 22598 177 706 353 4590 7591 177 5649 8121 177 7945 1059 2119 126230
138.0 533 2840 178 355 1243 1598 533 8698 178 6568 5503 710 2130 178 7633 20768 2485 178 3018 22720 178 710 355 4615 7633 178 5680 8165 178 7988 1065 2130 126913
139.0 536 2857 179 357 1250 1607 536 8748 179 6606 5535 714 2142 179 7677 20888 2499 179 3035 22852 179 714 357 4642 7677 179 5713 8213 179 8034 1071 2142 127651
140.0 516 2754 172 344 1205 1549 516 8435 172 6369 5336 689 2066 172 7402 20140 2410 172 2926 22034 172 689 344 4476 7402 172 5508 7918 172 7746 1033 2066 123080
141.0 520 2774 173 347 1214 1561 520 8497 173 6416 5376 694 2081 173 7456 20288 2428 173 2948 22196 173 694 347 4509 7456 173 5549 7977 173 7803 1040 2081 123984
142.0 523 2788 174 349 1220 1568 523 8538 174 6447 5402 697 2091 174 7493 20387 2440 174 2962 22304 174 697 349 4531 7493 174 5576 8016 174 7841 1046 2091 124590
143.0 525 2799 175 350 1225 1574 525 8572 175 6473 5423 700 2099 175 7522 20467 2449 175 2974 22391 175 700 350 4548 7522 175 5598 8047 175 7872 1050 2099 125077
144.0 527 2809 176 351 1229 1580 527 8604 176 6497 5443 702 2107 176 7551 20544 2458 176 2985 22476 176 702 351 4565 7551 176 5619 8077 176 7902 1054 2107 125549
145.0 529 2821 176 353 1234 1587 529 8639 176 6523 5465 705 2116 176 7581 20627 2468 176 2997 22566 176 705 353 4584 7581 176 5642 8110 176 7933 1058 2116 126054
146.0 531 2833 177 354 1240 1594 531 8677 177 6552 5489 708 2125 177 7614 20718 2479 177 3010 22666 177 708 354 4604 7614 177 5666 8145 177 7968 1062 2125 126609
147.0 512 2731 171 341 1195 1536 512 8365 171 6316 5292 683 2048 171 7340 19973 2390 171 2902 21850 171 683 341 4438 7340 171 5463 7853 171 7682 1024 2048 122055
148.0 515 2747 172 343 1202 1545 515 8413 172 6353 5323 687 2060 172 7383 20089 2404 172 2919 21977 172 687 343 4464 7383 172 5494 7898 172 7726 1030 2060 122765
149.0 517 2757 172 345 1206 1551 517 8442 172 6375 5341 689 2068 172 7409 20158 2412 172 2929 22053 172 689 345 4480 7409 172 5513 7925 172 7753 1034 2068 123189
150.0 518 2764 173 345 1209 1555 518 8464 173 6391 5354 691 2073 173 7427 20209 2418 173 2936 22109 173 691 345 4491 7427 173 5527 7945 173 7773 1036 2073 123498
151.0 519 2770 173 346 1212 1558 519 8484 173 6406 5367 693 2078 173 7445 20257 2424 173 2943 22161 173 693 346 4501 7445 173 5540 7964 173 7791 1039 2078 123790
152.0 521 2777 174 347 1215 1562 521 8505 174 6422 5381 694 2083 174 7464 20309 2430 174 2951 22218 174 694 347 4513 7464 174 5555 7985 174 7811 1041 2083 124110
153.0 522 2785 174 348 1219 1567 522 8530 174 6441 5397 696 2089 174 7486 20368 2437 174 2960 22283 174 696 348 4526 7486 174 5571 8008 174 7834 1045 2089 124474
154.0 503 2685 168 336 1175 1510 503 8222 168 6209 5202 671 2014 168 7215 19632 2349 168 2853 21478 168 671 336 4363 7215 168 5370 7719 168 7551 1007 2014 119976
155.0 506 2696 169 337 1180 1517 506 8257 169 6235 5224 674 2022 169 7246 19715 2359 169 2865 21569 169 674 337 4381 7246 169 5392 7751 169 7583 1011 2022 120482
156.0 507 2701 169 338 1182 1520 507 8273 169 6247 5234 675 2026 169 7260 19754 2364 169 2870 21611 169 675 338 4390 7260 169 5403 7767 169 7598 1013 2026 120720
157.0 507 2704 169 338 1183 1521 507 8282 169 6254 5240 676 2028 169 7268 19775 2366 169 2873 21634 169 676 338 4394 7268 169 5409 7775 169 7606 1014 2028 120847
158.0 508 2707 169 338 1184 1523 508 8289 169 6259 5244 677 2030 169 7274 19793 2368 169 2876 21654 169 677 338 4398 7274 169 5413 7782 169 7613 1015 2030 120956
159.0 508 2710 169 339 1185 1524 508 8298 169 6266 5250 677 2032 169 7282 19814 2371 169 2879 21677 169 677 339 4403 7282 169 5419 7790 169 7621 1016 2032 121088
160.0 509 2713 170 339 1187 1526 509 8310 170 6275 5257 678 2035 170 7292 19842 2374 170 2883 21708 170 678 339 4409 7292 170 5427 7801 170 7632 1018 2035 121258
161.0 490 2615 163 327 1144 1471 490 8008 163 6047 5066 654 1961 163 7028 19122 2288 163 2778 20920 163 654 327 4249 7028 163 5230 7518 163 7355 981 1961 116856
162.0 492 2622 164 328 1147 1475 492 8029 164 6063 5080 655 1966 164 7046 19171 2294 164 2786 20974 164 655 328 4260 7046 164 5243 7537 164 7374 983 1966 117157
163.0 492 2623 164 328 1147 1475 492 8032 164 6065 5082 656 1967 164 7049 19180 2295 164 2787 20983 164 656 328 4262 7049 164 5246 7541 164 7377 984 1967 117208
164.0 492 2622 164 328 1147 1475 492 8029 164 6063 5079 655 1966 164 7046 19171 2294 164 2786 20973 164 655 328 4260 7046 164 5243 7537 164 7373 983 1966 117156
165.0 491 2620 164 328 1146 1474 491 8024 164 6059 5076 655 1965 164 7041 19159 2293 164 2784 20960 164 655 328 4258 7041 164 5240 7533 164 7369 983 1965 117084
166.0 491 2619 164 327 1146 1473 491 8020 164 6056 5074 655 1964 164 7038 19151 2292 164 2783 20951 164 655 327 4256 7038 164 5238 7529 164 7366 982 1964 117031
167.0 491 2618 164 327 1146 1473 491 8019 164 6055 5073 655 1964 164 7037 19147 2291 164 2782 20948 164 655 327 4255 7037 164 5237 7528 164 7364 982 1964 117012
168.0 473 2523 158 315 1104 1419 473 7726 158 5834 4888 631 1892 158 6780 18449 2208 158 2681 20184 158 631 315 4100 6780 158 5046 7253 158 7096 946 1892 112744
169.0 473 2525 158 316 1105 1420 473 7733 158 5839 4893 631 1894 158 6786 18465 2210 158 2683 20201 158 631 316 4103 6786 158 5050 7260 158 7102 947 1894 112843
170.0 473 2522 158 315 1104 1419 473 7725 158 5833 4887 631 1892 158 6779 18444 2207 158 2680 20178 158 631 315 4099 6779 158 5045 7252 158 7094 946 1892 112715
171.0 472 2517 157 315 1101 1416 472 7709 157 5821 4877 629 1888 157 6765 18407 2203 157 2675 20138 157 629 315 4091 6765 157 5035 7237 157 7080 944 1888 112490
172.0 471 2512 157 314 1099 1413 471 7692 157 5809 4867 628 1884 157 6750 18367 2198 157 2669 20094 157 628 314 4082 6750 157 5024 7221 157 7064 942 1884 112246
173.0 470 2507 157 313 1097 1410 470 7677 157 5797 4857 627 1880 157 6737 18330 2193 157 2663 20054 157 627 313 4073 6737 157 5013 7207 157 7050 940 1880 112018
174.0 469 2502 156 313 1095 1408 469 7663 156 5786 4848 626 1877 156 6725 18298 2189 156 2659 20018 156 626 313 4066 6725 156 5004 7194 156 7038 938 1877 111819
175.0 452 2411 151 301 1055 1356 452 7382 151 5574 4670 603 1808 151 6478 17627 2109 151 2561 19284 151 603 301 3917 6478 151 4821 6930 151 6780 904 1808 107720
176.0 452 2408 151 301 1054 1355 452 7376 151 5570 4666 602 1806 151 6473 17612 2107 151 2559 19268 151 602 301 3914 6473 151 4817 6924 151 6774 903 1806 107629
177.0 450 2402 150 300 1051 1351 450 7356 150 5554 4654 600 1801 150 6455 17563 2102 150 2552 19215 150 600 300 3903 6455 150 4804 6905 150 6755 901 1801 107332
178.0 449 2393 150 299 1047 1346 449 7329 150 5534 4637 598 1795 150 6432 17501 2094 150 2543 19146 150 598 299 3889 6432 150 4786 6881 150 6731 897 1795 106948
179.0 447 2384 149 298 1043 1341 447 7302 149 5514 4619 596 1788 149 6408 17435 2086 149 2533 19074 149 596 298 3874 6408 149 4768 6855 149 6706 894 1788 106545
180.0 445 2376 148 297 1039 1336 445 7275 148 5493 4603 594 1782 148 6384 17371 2079 148 2524 19004 148 594 297 3860 6384 148 4751 6830 148 6681 891 1782 106157
181.0 444 2367 148 296 1036 1332 444 7250 148 5475 4587 592 1776 148 6362 17312 2071 148 2515 18939 148 592 296 3847 6362 148 4735 6806 148 6658 888 1776 105793
182.0 428 2280 143 285 998 1283 428 6983 143 5273 4418 570 1710 143 6128 16674 1995 143 2423 18241 143 570 285 3705 6128 143 4560 6556 143 6413 855 1710 101896
183.0 426 2274 142 284 995 1279 426 6965 142 5259 4406 569 1706 142 6112 16630 1990 142 2416 18194 142 569 284 3696 6112 142 4548 6538 142 6396 853 1706 101630
184.0 425 2264 142 283 991 1274 425 6934 142 5236 4387 566 1698 142 6085 16557 1981 142 2406 18114 142 566 283 3679 6085 142 4528 6510 142 6368 849 1698 101182
185.0 422 2252 141 282 985 1267 422 6898 141 5209 4364 563 1689 141 6054 16471 1971 141 2393 18020 141 563 282 3660 6054 141 4505 6476 141 6335 845 1689 100657
186.0 420 2240 140 280 980 1260 420 6861 140 5181 4341 560 1680 140 6021 16382 1960 140 2380 17923 140 560 280 3641 6021 140 4481 6441 140 6301 840 1680 100115
187.0 418 2228 139 279 975 1254 418 6825 139 5153 4318 557 1671 139 5989 16296 1950 139 2368 17828 139 557 279 3621 5989 139 4457 6407 139 6268 836 1671 99586
188.0 416 2217 139 277 970 1247 416 6790 139 5127 4296 554 1663 139 5959 16213 1940 139 2356 17737 139 554 277 3603 5959 139 4434 6374 139 6236 831 1663 99078
189.0 400 2135 133 267 934 1201 400 6539 133 4937 4137 534 1601 133 5738 15612 1868 133 2268 17080 133 534 267 3469 5738 133 4270 6138 133 6005 801 1601 95409
190.0 399 2126 133 266 930 1196 399 6510 133 4916 4118 531 1594 133 5713 15544 1860 133 2259 17005 133 531 266 3454 5713 133 4251 6111 133 5978 797 1594 94991
191.0 396 2113 132 264 924 1188 396 6470 132 4886 4093 528 1585 132 5678 15449 1849 132 2245 16902 132 528 264 3433 5678 132 4226 6074 132 5942 792 1585 94414
192.0 393 2098 131 262 918 1180 393 6426 131 4852 4066 525 1574 131 5639 15344 1836 131 2229 16787 131 525 262 3410 5639 131 4197 6033 131 5902 787 1574 93769
193.0 391 2084 130 260 912 1172 391 6381 130 4818 4037 521 1563 130 5600 15236 1823 130 2214 16669 130 521 260 3386 5600 130 4167 5990 130 5860 781 1563 93111
194.0 388 2069 129 259 905 1164 388 6337 129 4785 4009 517 1552 129 5561 15130 1810 129 2198 16553 129 517 259 3362 5561 129 4138 5949 129 5819 776 1552 92463
195.0 385 2055 128 257 899 1156 385 6294 128 4752 3982 514 1541 128 5523 15028 1798 128 2183 16440 128 514 257 3339 5523 128 4110 5908 128 5780 771 1541 91835
196.0 371 1979 124 247 866 1113 371 6059 124 4575 3833 495 1484 124 5317 14468 1731 124 2102 15829 124 495 247 3215 5317 124 3957 5688 124 5565 742 1484 88418
197.0 369 1966 123 246 860 1106 369 6022 123 4547 3810 492 1475 123 5285 14379 1721 123 2089 15731 123 492 246 3195 5285 123 3933 5653 123 5530 737 1475 87871
198.0 366 1951 122 244 854 1097 366 5975 122 4512 3780 488 1463 122 5244 14267 1707 122 2073 15609 122 488 244 3171 5244 122 3902 5609 122 5487 732 1463 87189
199.0 363 1935 121 242 846 1088 363 5925 121 4474 3748 484 1451 121 5199 14146 1693 121 2055 15476 121 484 242 3144 5199 121 3869 5562 121 5441 725 1451 86451
200.0 360 1918 120 240 839 1079 360 5873 120 4435 3716 479 1438 120 5154 14024 1678 120 2038 15342 120 479 240 3116 5154 120 3836 5514 120 5394 719 1438 85701
201.0 356 1901 119 238 832 1069 356 5823 119 4397 3684 475 1426 119 5110 13903 1664 119 2020 15210 119 475 238 3090 5110 119 3802 5466 119 5347 713 1426 84961
202.0 353 1885 118 236 825 1060 353 5773 118 4359 3652 471 1414 118 5066 13785 1649 118 2003 15081 118 471 236 3063 5066 118 3770 5420 118 5302 707 1414 84240
203.0 340 1815 113 227 794 1021 340 5557 113 4196 3516 454 1361 113 4877 13269 1588 113 1928 14517 113 454 227 2949 4877 113 3629 5217 113 5104 680 1361 81090
204.0 338 1800 113 225 788 1013 338 5513 113 4163 3488 450 1350 113 4838 13163 1575 113 1913 14401 113 450 225 2925 4838 113 3600 5175 113 5063 675 1350 80442
205.0 334 1783 111 223 780 1003 334 5461 111 4123 3455 446 1337 111 4792 13039 1560 111 1895 14265 111 446 223 2898 4792 111 3566 5126 111 5015 669 1337 79683
206.0 331 1765 110 221 772 993 331 5405 110 4082 3420 441 1324 110 4744 12907 1544 110 1875 14120 110 441 221 2868 4744 110 3530 5075 110 4964 662 1324 78876
207.0 328 1747 109 218 764 983 328 5350 109 4040 3384 437 1310 109 4695 12774 1528 109 1856 13975 109 437 218 2839 4695 109 3494 5022 109 4913 655 1310 78061
208.0 324 1729 108 216 756 972 324 5295 108 3998 3350 432 1297 108 4646 12642 1513 108 1837 13831 108 432 216 2809 4646 108 3458 4970 108 4862 648 1297 77257
209.0 321 1711 107 214 749 963 321 5241 107 3957 3315 428 1283 107 4599 12513 1497 107 1818 13690 107 428 214 2781 4599 107 3422 4920 107 4813 642 1283 76470
210.0 309 1647 103 206 721 926 309 5044 103 3808 3191 412 1235 103 4426 12043 1441 103 1750 13175 103 412 206 2676 4426 103 3294 4735 103 4632 618 1235 73596
211.0 306 1631 102 204 713 917 306 4994 102 3771 3160 408 1223 102 4383 11925 1427 102 1733 13046 102 408 204 2650 4383 102 3262 4689 102 4587 612 1223 72877
212.0 302 1613 101 202 706 907 302 4939 101 3729 3125 403 1209 101 4334 11793 1411 101 1713 12901 101 403 202 2621 4334 101 3225 4636 101 4536 605 1209 72066
213.0 299 1594 100 199 697 896 299 4881 100 3685 3088 398 1195 100 4283 11654 1394 100 1693 12749 100 398 199 2590 4283 100 3187 4582 100 4482 598 1195 71218
214.0 295 1575 98 197 689 886 295 4822 98 3641 3051 394 1181 98 4232 11514 1378 98 1673 12597 98 394 197 2559 4232 98 3149 4527 98 4429 590 1181 70365
215.0 292 1556 97 194 681 875 292 4765 97 3598 3014 389 1167 97 4181 11377 1361 97 1653 12446 97 389 194 2528 4181 97 3112 4473 97 4376 583 1167 69523
216.0 288 1537 96 192 673 865 288 4708 96 3555 2978 384 1153 96 4131 11241 1345 96 1633 12298 96 384 192 2498 4131 96 3075 4420 96 4324 576 1153 68697
217.0 277 1479 92 185 647 832 277 4530 92 3421 2866 370 1109 92 3975 10817 1294 92 1572 11834 92 370 185 2404 3975 92 2958 4253 92 4160 555 1109 66103
218.0 274 1462 91 183 640 822 274 4478 91 3381 2833 366 1097 91 3930 10692 1279 91 1554 11697 91 366 183 2376 3930 91 2924 4204 91 4112 548 1097 65340
219.0 271 1443 90 180 632 812 271 4421 90 3338 2797 361 1083 90 3879 10555 1263 90 1534 11548 90 361 180 2346 3879 90 2887 4150 90 4060 541 1083 64504
220.0 267 1424 89 178 623 801 267 4361 89 3293 2759 356 1068 89 3827 10414 1246 89 1513 11393 89 356 178 2314 3827 89 2848 4094 89 4005 534 1068 63640
221.0 263 1405 88 176 615 790 263 4302 88 3248 2722 351 1054 88 3775 10272 1229 88 1493 11238 88 351 176 2283 3775 88 2809 4039 88 3951 527 1054 62774
222.0 260 1386 87 173 606 779 260 4243 87 3204 2685 346 1039 87 3724 10132 1212 87 1472 11085 87 346 173 2252 3724 87 2771 3984 87 3897 520 1039 61920
223.0 256 1367 85 171 598 769 256 4186 85 3161 2648 342 1025 85 3673 9995 1196 85 1452 10935 85 342 171 2221 3673 85 2734 3930 85 3844 513 1025 61081
224.0 247 1315 82 164 575 740 247 4027 82 3041 2548 329 986 82 3534 9616 1151 82 1397 10520 82 329 164 2137 3534 82 2630 3781 82 3698 493 986 58763
225.0 243 1298 81 162 568 730 243 3974 81 3000 2514 324 973 81 3487 9488 1135 81 1379 10380 81 324 162 2108 3487 81 2595 3730 81 3649 487 973 57982
226.0 240 1279 80 160 559 719 240 3916 80 2957 2478 320 959 80 3437 9351 1119 80 1359 10230 80 320 160 2078 3437 80 2558 3676 80 3597 480 959 57145
227.0 236 1260 79 157 551 709 236 3858 79 2913 2440 315 945 79 3385 9211 1102 79 1338 10077 79 315 157 2047 3385 79 2519 3621 79 3543 472 945 56288
228.0 233 1240 78 155 543 698 233 3799 78 2869 2403 310 930 78 3334 9071 1085 78 1318 9924 78 310 155 2016 3334 78 2481 3566 78 3489 465 930 55432
229.0 229 1222 76 153 534 687 229 3741 76 2825 2367 305 916 76 3283 8933 1069 76 1298 9772 76 305 153 1985 3283 76 2443 3512 76 3436 458 916 54588
230.0 226 1203 75 150 526 677 226 3684 75 2782 2331 301 902 75 3233 8797 1053 75 1278 9624 75 301 150 1955 3233 75 2406 3459 75 3383 451 902 53759
231.0 217 1157 72 145 506 651 217 3544 72 2676 2242 289 868 72 3110 8462 1012 72 1229 9257 72 289 145 1880 3110 72 2314 3327 72 3254 434 868 51710
232.0 214 1140 71 142 499 641 214 3491 71 2636 2208 285 855 71 3063 8335 997 71 1211 9118 71 285 142 1852 3063 71 2280 3277 71 3206 427 855 50934
233.0 210 1122 70 140 491 631 210 3435 70 2593 2173 280 841 70 3014 8201 981 70 1192 8972 70 280 140 1822 3014 70 2243 3224 70 3154 421 841 50117
234.0 207 1103 69 138 483 620 207 3378 69 2550 2137 276 827 69 2964 8065 965 69 1172 8823 69 276 138 1792 2964 69 2206 3171 69 3102 414 827 49287
235.0 203 1084 68 136 474 610 203 3321 68 2508 2101 271 813 68 2914 7930 949 68 1152 8675 68 271 136 1762 2914 68 2169 3118 68 3050 407 813 48460
236.0 200 1066 67 133 466 600 200 3265 67 2466 2066 267 800 67 2865 7796 933 67 1133 8529 67 267 133 1733 2865 67 2132 3065 67 2999 400 800 47645
237.0 197 1048 66 131 459 590 197 3210 66 2424 2031 262 786 66 2817 7666 917 66 1114 8386 66 262 131 1703 2817 66 2097 3014 66 2948 393 786 46845
238.0 189 1008 63 126 441 567 189 3087 63 2331 1953 252 756 63 2709 7372 882 63 1071 8065 63 252 126 1638 2709 63 2016 2898 63 2835 378 756 45052
239.0 186 991 62 124 434 558 186 3036 62 2293 1921 248 744 62 2664 7249 867 62 1053 7931 62 248 124 1611 2664 62 1983 2850 62 2788 372 744 44301
240.0 183 974 61 122 426 548 183 2983 61 2252 1887 243 730 61 2617 7122 852 61 1035 7791 61 243 122 1583 2617 61 1948 2800 61 2739 365 730 43521
241.0 179 956 60 120 418 538 179 2929 60 2211 1853 239 717 60 2570 6993 837 60 1016 7650 60 239 120 1554 2570 60 1913 2749 60 2690 359 717 42733
242.0 176 939 59 117 411 528 176 2875 59 2171 1819 235 704 59 2523 6865 821 59 997 7510 59 235 117 1525 2523 59 1878 2699 59 2640 352 704 41951
243.0 173 922 58 115 403 518 173 2822 58 2131 1785 230 691 58 2477 6739 806 58 979 7372 58 230 115 1498 2477 58 1843 2649 58 2592 346 691 41181
244.0 170 905 57 113 396 509 170 2770 57 2092 1753 226 678 57 2431 6615 792 57 961 7237 57 226 113 1470 2431 57 1809 2601 57 2544 339 678 40426
245.0 163 870 54 109 381 489 163 2664 54 2012 1685 217 652 54 2338 6361 761 54 924 6959 54 217 109 1414 2338 54 1740 2501 54 2446 326 652 38872
246.0 160 854 53 107 374 480 160 2615 53 1975 1655 213 640 53 2295 6245 747 53 907 6832 53 213 107 1388 2295 53 1708 2455 53 2402 320 640 38162
247.0 157 838 52 105 366 471 157 2565 52 1937 1623 209 628 52 2251 6125 733 52 890 6701 52 209 105 1361 2251 52 1675 2408 52 2356 314 628 37432
248.0 154 821 51 103 359 462 154 2515 51 1899 1591 205 616 51 2207 6005 719 51 873 6570 51 205 103 1334 2207 51 1642 2361 51 2310 308 616 36699
249.0 151 805 50 101 352 453 151 2465 50 1862 1560 201 604 50 2163 5886 704 50 855 6440 50 201 101 1308 2163 50 1610 2314 50 2264 302 604 35973
250.0 148 789 49 99 345 444 148 2416 49 1825 1529 197 592 49 2120 5770 690 49 838 6312 49 197 99 1282 2120 49 1578 2268 49 2219 296 592 35259
251.0 145 773 48 97 338 435 145 2368 48 1788 1498 193 580 48 2078 5655 677 48 822 6187 48 193 97 1257 2078 48 1547 2223 48 2175 290 580 34560
252.0 139 744 46 93 325 418 139 2277 46 1719 1441 186 558 46 1998 5437 651 46 790 5948 46 186 93 1208 1998 46 1487 2138 46 2091 279 558 33225
253.0 137 729 46 91 319 410 137 2232 46 1685 1412 182 547 46 1959 5329 638 46 774 5830 46 182 91 1184 1959 46 1458 2095 46 2050 273 547 32568
254.0 134 714 45 89 312 401 134 2186 45 1651 1383 178 535 45 1918 5219 625 45 758 5710 45 178 89 1160 1918 45 1428 2052 45 2007 268 535 31897
255.0 131 699 44 87 306 393 131 2140 44 1616 1354 175 524 44 1878 5110 611 44 742 5590 44 175 87 1136 1878 44 1398 2009 44 1965 262 524 31227
256.0 128 684 43 85 299 385 128 2095 43 1582 1325 171 513 43 1838 5001 598 43 727 5472 43 171 85 1111 1838 43 1368 1966 43 1924 256 513 30564
257.0 126 669 42 84 293 377 126 2050 42 1548 1297 167 502 42 1799 4895 586 42 711 5355 42 167 84 1088 1799 42 1339 1925 42 1883 251 502 29915
258.0 123 655 41 82 287 369 123 2006 41 1515 1269 164 491 41 1761 4791 573 41 696 5241 41 164 82 1065 1761 41 1310 1884 41 1843 246 491 29278
259.0 118 630 39 79 276 354 118 1929 39 1456 1220 157 472 39 1693 4605 551 39 669 5038 39 157 79 1023 1693 39 1260 1811 39 1771 236 472 28143
260.0 116 616 39 77 270 347 116 1888 39 1425 1194 154 462 39 1657 4507 539 39 655 4931 39 154 77 1002 1657 39 1233 1772 39 1734 231 462 27544
261.0 113 603 38 75 264 339 113 1846 38 1394 1168 151 452 38 1620 4408 527 38 640 4823 38 151 75 980 1620 38 1206 1733 38 1695 226 452 26938
262.0 110 589 37 74 258 331 110 1805 37 1363 1142 147 442 37 1584 4309 516 37 626 4715 37 147 74 958 1584 37 1179 1694 37 1657 221 442 26335
263.0 108 576 36 72 252 324 108 1764 36 1332 1116 144 432 36 1548 4212 504 36 612 4608 36 144 72 936 1548 36 1152 1656 36 1620 216 432 25741
264.0 106 563 35 70 246 317 106 1724 35 1302 1091 141 422 35 1513 4117 493 35 598 4504 35 141 70 915 1513 35 1126 1619 35 1583 211 422 25159
265.0 103 550 34 69 241 310 103 1685 34 1272 1066 138 413 34 1479 4024 481 34 585 4402 34 138 69 894 1479 34 1100 1582 34 1548 206 413 24588
266.0 99 529 33 66 231 297 99 1620 33 1223 1025 132 397 33 1421 3867 463 33 562 4231 33 132 66 859 1421 33 1058 1520 33 1487 198 397 23632
267.0 97 517 32 65 226 291 97 1583 32 1195 1001 129 388 32 1389 3779 452 32 549 4135 32 129 65 840 1389 32 1034 1486 32 1454 194 388 23096
268.0 95 505 32 63 221 284 95 1546 32 1167 978 126 379 32 1357 3691 442 32 536 4038 32 126 63 820 1357 32 1010 1451 32 1420 189 379 22557
269.0 92 493 31 62 216 277 92 1509 31 1140 955 123 370 31 1324 3604 431 31 524 3943 31 123 62 801 1324 31 986 1417 31 1386 185 370 22023
270.0 90 481 30 60 210 271 90 1473 30 1112 932 120 361 30 1293 3518 421 30 511 3848 30 120 60 782 1293 30 962 1383 30 1353 180 361 21497
271.0 88 470 29 59 205 264 88 1438 29 1086 910 117 352 29 1262 3434 411 29 499 3756 29 117 59 763 1262 29 939 1350 29 1321 176 352 20983
272.0 86 458 29 57 201 258 86 1404 29 1060 888 115 344 29 1232 3351 401 29 487 3666 29 115 57 745 1232 29 917 1318 29 1289 172 344 20480
273.0 83 440 28 55 193 248 83 1349 28 1018 853 110 330 28 1184 3220 385 28 468 3523 28 110 55 716 1184 28 881 1266 28 1239 165 330 19680
274.0 81 430 27 54 188 242 81 1316 27 994 833 107 322 27 1155 3143 376 27 457 3439 27 107 54 698 1155 27 860 1236 27 1209 161 322 19208
275.0 79 419 26 52 183 236 79 1284 26 970 812 105 314 26 1127 3066 367 26 445 3354 26 105 52 681 1127 26 838 1205 26 1179 157 314 18735
276.0 77 409 26 51 179 230 77 1252 26 945 792 102 307 26 1099 2989 358 26 434 3270 26 102 51 664 1099 26 818 1175 26 1150 153 307 18268
277.0 75 399 25 50 174 224 75 1221 25 922 772 100 299 25 1071 2914 349 25 423 3188 25 100 50 648 1071 25 797 1146 25 1121 149 299 17810
278.0 73 389 24 49 170 219 73 1190 24 898 753 97 291 24 1044 2841 340 24 413 3108 24 97 49 631 1044 24 777 1117 24 1093 146 291 17361
279.0 71 379 24 47 166 213 71 1160 24 876 734 95 284 24 1018 2769 331 24 402 3030 24 95 47 615 1018 24 757 1089 24 1065 142 284 16924
280.0 68 364 23 45 159 205 68 1114 23 841 705 91 273 23 978 2661 318 23 387 2911 23 91 45 591 978 23 728 1046 23 1023 136 273 16261
281.0 67 355 22 44 155 200 67 1086 22 820 687 89 266 22 953 2594 310 22 377 2837 22 89 44 576 953 22 709 1020 22 998 133 266 15850
282.0 65 346 22 43 151 194 65 1058 22 799 669 86 259 22 929 2527 302 22 367 2764 22 86 43 561 929 22 691 993 22 972 130 259 15441
283.0 63 337 21 42 147 189 63 1031 21 778 652 84 252 21 904 2461 294 21 358 2692 21 84 42 547 904 21 673 967 21 946 126 252 15038
284.0 61 328 20 41 143 184 61 1004 20 758 635 82 246 20 881 2396 287 20 348 2621 20 82 41 532 881 20 655 942 20 922 123 246 14643
285.0 60 319 20 40 140 179 60 977 20 738 618 80 239 20 857 2333 279 20 339 2552 20 80 40 518 857 20 638 917 20 897 120 239 14258
286.0 58 311 19 39 136 175 58 951 19 718 602 78 233 19 835 2272 272 19 330 2485 19 78 39 505 835 19 621 893 19 874 116 233 13881
287.0 56 298 19 37 131 168 56 914 19 690 578 75 224 19 802 2182 261 19 317 2388 19 75 37 485 802 19 597 858 19 839 112 224 13337
288.0 54 291 18 36 127 163 54 890 18 672 563 73 218 18 781 2125 254 18 309 2324 18 73 36 472 781 18 581 835 18 817 109 218 12984
289.0 53 283 18 35 124 159 53 866 18 654 548 71 212 18 760 2067 247 18 300 2262 18 71 35 459 760 18 565 813 18 795 106 212 12634
290.0 52 275 17 34 120 155 52 842 17 636 533 69 206 17 739 2011 241 17 292 2200 17 69 34 447 739 17 550 791 17 774 103 206 12290
291.0 50 268 17 33 117 150 50 819 17 619 518 67 201 17 719 1956 234 17 284 2140 17 67 33 435 719 17 535 769 17 752 100 201 11954
292.0 49 260 16 33 114 146 49 797 16 602 504 65 195 16 699 1902 228 16 276 2081 16 65 33 423 699 16 520 748 16 732 98 195 11626
293.0 47 253 16 32 111 142 47 775 16 585 490 63 190 16 680 1850 221 16 269 2024 16 63 32 411 680 16 506 727 16 712 95 190 11307
294.0 46 243 15 30 106 137 46 744 15 562 471 61 182 15 653 1777 213 15 258 1944 15 61 30 395 653 15 486 699 15 684 91 182 10862
295.0 44 236 15 30 103 133 44 724 15 547 458 59 177 15 635 1728 207 15 251 1891 15 59 30 384 635 15 473 680 15 665 89 177 10562
296.0 43 230 14 29 101 129 43 704 14 531 445 57 172 14 617 1680 201 14 244 1838 14 57 29 373 617 14 459 660 14 646 86 172 10266
297.0 42 223 14 28 98 126 42 684 14 516 433 56 167 14 600 1633 195 14 237 1786 14 56 28 363 600 14 447 642 14 628 84 167 9977
298.0 41 217 14 27 95 122 41 664 14 502 420 54 163 14 583 1586 190 14 230 1735 14 54 27 352 583 14 434 624 14 610 81 163 9693
299.0 40 211 13 26 92 119 40 645 13 487 408 53 158 13 566 1541 184 13 224 1686 13 53 26 342 566 13 421 606 13 593 79 158 9418
300.0 38 205 13 26 90 115 38 627 13 473 397 51 154 13 550 1497 179 13 218 1638 13 51 26 333 550 13 409 589 13 576 77 154 9149
301.0 37 197 12 25 86 111 37 602 12 455 381 49 147 12 529 1438 172 12 209 1573 12 49 25 320 529 12 393 565 12 553 74 147 8788
302.0 36 191 12 24 84 107 36 585 12 442 370 48 143 12 513 1397 167 12 203 1528 12 48 24 310 513 12 382 549 12 537 72 143 8537
303.0 35 185 12 23 81 104 35 568 12 429 359 46 139 12 499 1356 162 12 197 1484 12 46 23 301 499 12 371 533 12 522 70 139 8289
304.0 34 180 11 23 79 101 34 551 11 416 349 45 135 11 484 1317 158 11 191 1441 11 45 23 293 484 11 360 518 11 506 68 135 8047
305.0 33 175 11 22 76 98 33 535 11 404 339 44 131 11 470 1278 153 11 186 1398 11 44 22 284 470 11 350 503 11 492 66 131 7811
306.0 32 170 11 21 74 95 32 520 11 392 329 42 127 11 456 1241 148 11 180 1357 11 42 21 276 456 11 339 488 11 477 64 127 7582
307.0 31 164 10 21 72 93 31 504 10 380 319 41 123 10 442 1203 144 10 175 1316 10 41 21 267 442 10 329 473 10 463 62 123 7350
308.0 30 158 10 20 69 89 30 484 10 366 306 40 119 10 425 1156 138 10 168 1265 10 40 20 257 425 10 316 455 10 445 59 119 7067
309.0 29 153 10 19 67 86 29 470 10 355 297 38 115 10 412 1122 134 10 163 1228 10 38 19 249 412 10 307 441 10 432 58 115 6858
310.0 28 149 9 19 65 84 28 456 9 344 288 37 112 9 400 1089 130 9 158 1191 9 37 19 242 400 9 298 428 9 419 56 112 6653
311.0 27 144 9 18 63 81 27 442 9 334 280 36 108 9 388 1056 126 9 153 1155 9 36 18 235 388 9 289 415 9 406 54 108 6453
312.0 26 140 9 18 61 79 26 429 9 324 271 35 105 9 376 1024 123 9 149 1120 9 35 18 228 376 9 280 403 9 394 53 105 6258
313.0 25 136 8 17 59 76 25 416 8 314 263 34 102 8 365 993 119 8 144 1086 8 34 17 221 365 8 272 390 8 382 51 102 6068
314.0 25 132 8 16 58 74 25 403 8 304 255 33 99 8 354 962 115 8 140 1052 8 33 16 214 354 8 263 378 8 370 49 99 5878
315.0 24 126 8 16 55 71 24 387 8 292 245 32 95 8 340 925 111 8 134 1012 8 32 16 205 340 8 253 364 8 356 47 95 5651
316.0 23 123 8 15 54 69 23 375 8 283 238 31 92 8 329 896 107 8 130 981 8 31 15 199 329 8 245 352 8 345 46 92 5478
317.0 22 119 7 15 52 67 22 364 7 275 230 30 89 7 319 869 104 7 126 951 7 30 15 193 319 7 238 342 7 334 45 89 5310
318.0 22 115 7 14 50 65 22 353 7 266 223 29 86 7 309 842 101 7 122 921 7 29 14 187 309 7 230 331 7 324 43 86 5146
319.0 21 112 7 14 49 63 21 342 7 258 216 28 84 7 300 816 98 7 119 893 7 28 14 181 300 7 223 321 7 314 42 84 4986
320.0 20 108 7 14 47 61 20 331 7 250 209 27 81 7 291 790 95 7 115 865 7 27 14 176 291 7 216 311 7 304 41 81 4831
321.0 20 105 7 13 46 59 20 320 7 242 203 26 78 7 281 765 92 7 111 837 7 26 13 170 281 7 209 301 7 294 39 78 4676
322.0 19 101 6 13 44 57 19 308 6 233 195 25 75 6 270 735 88 6 107 805 6 25 13 163 270 6 201 289 6 283 38 75 4494
323.0 18 97 6 12 43 55 18 298 6 225 189 24 73 6 262 712 85 6 104 779 6 24 12 158 262 6 195 280 6 274 37 73 4354
324.0 18 94 6 12 41 53 18 289 6 218 183 24 71 6 254 690 83 6 100 755 6 24 12 153 254 6 189 271 6 265 35 71 4216
325.0 17 91 6 11 40 51 17 280 6 211 177 23 69 6 246 668 80 6 97 731 6 23 11 148 246 6 183 263 6 257 34 69 4083
326.0 17 88 6 11 39 50 17 271 6 205 171 22 66 6 238 647 77 6 94 708 6 22 11 144 238 6 177 254 6 249 33 66 3953
327.0 16 86 5 11 37 48 16 262 5 198 166 21 64 5 230 626 75 5 91 685 5 21 11 139 230 5 171 246 5 241 32 64 3827
328.0 16 83 5 10 36 47 16 254 5 192 160 21 62 5 223 606 72 5 88 663 5 21 10 135 223 5 166 238 5 233 31 62 3701
329.0 15 80 5 10 35 45 15 244 5 184 154 20 60 5 214 582 70 5 85 637 5 20 10 129 214 5 159 229 5 224 30 60 3557
330.0 14 77 5 10 34 43 14 236 5 178 149 19 58 5 207 563 67 5 82 616 5 19 10 125 207 5 154 222 5 217 29 58 3443
331.0 14 75 5 9 33 42 14 228 5 172 144 19 56 5 200 545 65 5 79 596 5 19 9 121 200 5 149 214 5 210 28 56 3332
332.0 14 72 5 9 32 41 14 221 5 167 140 18 54 5 194 528 63 5 77 577 5 18 9 117 194 5 144 207 5 203 27 54 3224
333.0 13 70 4 9 31 39 13 214 4 161 135 17 52 4 188 510 61 4 74 558 4 17 9 113 188 4 140 201 4 196 26 52 3119
334.0 13 68 4 8 30 38 13 207 4 156 131 17 51 4 181 494 59 4 72 540 4 17 8 110 181 4 135 194 4 190 25 51 3017
335.0 12 65 4 8 29 37 12 200 4 151 126 16 49 4 175 477 57 4 69 522 4 16 8 106 175 4 131 188 4 184 24 49 2917
336.0 12 63 4 8 27 35 12 192 4 145 122 16 47 4 169 459 55 4 67 502 4 16 8 102 169 4 125 180 4 176 24 47 2803
337.0 11 61 4 8 27 34 11 186 4 140 118 15 45 4 163 444 53 4 64 485 4 15 8 99 163 4 121 174 4 171 23 45 2711
338.0 11 59 4 7 26 33 11 180 4 136 114 15 44 4 158 429 51 4 62 469 4 15 7 95 158 4 117 169 4 165 22 44 2622
339.0 11 57 4 7 25 32 11 174 4 131 110 14 43 4 152 415 50 4 60 454 4 14 7 92 152 4 113 163 4 160 21 43 2535
340.0 10 55 3 7 24 31 10 168 3 127 106 14 41 3 147 401 48 3 58 439 3 14 7 89 147 3 110 158 3 154 21 41 2451
341.0 10 53 3 7 23 30 10 162 3 123 103 13 40 3 142 388 46 3 56 424 3 13 7 86 142 3 106 152 3 149 20 40 2369
342.0 10 51 3 6 22 29 10 157 3 118 99 13 38 3 138 375 45 3 54 410 3 13 6 83 138 3 102 147 3 144 19 38 2289
343.0 9 49 3 6 22 28 9 151 3 114 95 12 37 3 132 360 43 3 52 394 3 12 6 80 132 3 98 141 3 138 18 37 2199
344.0 9 48 3 6 21 27 9 146 3 110 92 12 36 3 128 348 42 3 51 381 3 12 6 77 128 3 95 137 3 134 18 36 2126
345.0 9 46 3 6 20 26 9 141 3 106 89 11 34 3 124 336 40 3 49 368 3 11 6 75 124 3 92 132 3 129 17 34 2054
346.0 8 44 3 6 19 25 8 136 3 103 86 11 33 3 119 325 39 3 47 355 3 11 6 72 119 3 89 128 3 125 17 33 1985
347.0 8 43 3 5 19 24 8 131 3 99 83 11 32 3 115 314 38 3 46 343 3 11 5 70 115 3 86 123 3 121 16 32 1918
348.0 8 41 3 5 18 23 8 127 3 96 80 10 31 3 111 303 36 3 44 332 3 10 5 67 111 3 83 119 3 117 16 31 1853
349.0 8 40 3 5 18 23 8 123 3 93 78 10 30 3 108 293 35 3 43 320 3 10 5 65 108 3 80 115 3 113 15 30 1789
350.0 7 38 2 5 17 22 7 118 2 89 75 10 29 2 103 281 34 2 41 308 2 10 5 63 103 2 77 111 2 108 14 29 1719
351.0 7 37 2 5 16 21 7 114 2 86 72 9 28 2 100 272 33 2 39 297 2 9 5 60 100 2 74 107 2 105 14 28 1661
352.0 7 36 2 4 16 20 7 110 2 83 70 9 27 2 96 262 31 2 38 287 2 9 4 58 96 2 72 103 2 101 13 27 1604
353.0 6 35 2 4 15 19 6 106 2 80 67 9 26 2 93 253 30 2 37 277 2 9 4 56 93 2 69 100 2 97 13 26 1549
354.0 6 33 2 4 15 19 6 103 2 77 65 8 25 2 90 245 29 2 36 268 2 8 4 54 90 2 67 96 2 94 13 25 1496
355.0 6 32 2 4 14 18 6 99 2 75 63 8 24 2 87 236 28 2 34 259 2 8 4 53 87 2 65 93 2 91 12 24 1444
356.0 6 31 2 4 14 18 6 96 2 72 60 8 23 2 84 228 27 2 33 250 2 8 4 51 84 2 62 90 2 88 12 23 1394
357.0 6 30 2 4 13 17 6 92 2 69 58 7 22 2 81 219 26 2 32 240 2 7 4 49 81 2 60 86 2 84 11 22 1339
358.0 5 29 2 4 13 16 5 89 2 67 56 7 22 2 78 212 25 2 31 231 2 7 4 47 78 2 58 83 2 81 11 22 1293
359.0 5 28 2 3 12 16 5 86 2 65 54 7 21 2 75 204 24 2 30 223 2 7 3 45 75 2 56 80 2 79 10 21 1248
360.0 5 27 2 3 12 15 5 83 2 62 52 7 20 2 72 197 24 2 29 216 2 7 3 44 72 2 54 77 2 76 10 20 1204
361.0 5 26 2 3 11 15 5 80 2 60 50 7 20 2 70 190 23 2 28 208 2 7 3 42 70 2 52 75 2 73 10 20 1163
362.0 5 25 2 3 11 14 5 77 2 58 49 6 19 2 67 184 22 2 27 201 2 6 3 41 67 2 50 72 2 71 9 19 1122
363.0 5 24 2 3 11 14 5 74 2 56 47 6 18 2 65 177 21 2 26 194 2 6 3 39 65 2 48 70 2 68 9 18 1082
364.0 4 23 1 3 10 13 4 71 1 54 45 6 17 1 63 170 20 1 25 186 1 6 3 38 63 1 47 67 1 65 9 17 1040
365.0 4 22 1 3 10 13 4 69 1 52 43 6 17 1 60 164 20 1 24 180 1 6 3 36 60 1 45 65 1 63 8 17 1003
