Covid-19 Recovered Estimated by PSD Model @ CDS/IISc
Day AN AP AR AS BR CH CT DL GA GJ HR HP JK JH KA KL LA LD MP MH MN OR PY PB RJ SK TN TG TR UP UT WB Total
0.0 0 0 0 0 0 0 0 0 0 0 0 0 0 0 0 0 0 0 0 0 0 0 0 0 0 0 0 0 0 0 0 0 0
1.0 0 2 0 0 1 1 0 7 0 6 5 1 2 0 7 18 2 0 3 20 0 1 0 4 7 0 5 7 0 7 1 2 109
2.0 1 3 0 0 1 2 1 10 0 8 7 1 3 0 9 25 3 0 4 27 0 1 0 5 9 0 7 10 0 9 1 3 151
3.0 1 4 0 1 2 2 1 13 0 10 8 1 3 0 11 31 4 0 4 34 0 1 1 7 11 0 8 12 0 12 2 3 189
4.0 1 5 0 1 2 3 1 16 0 12 10 1 4 0 14 38 5 0 6 42 0 1 1 9 14 0 10 15 0 15 2 4 234
5.0 1 6 0 1 3 4 1 20 0 15 13 2 5 0 17 47 6 0 7 52 0 2 1 11 17 0 13 19 0 18 2 5 289
6.0 1 8 0 1 3 4 1 24 0 18 15 2 6 0 21 58 7 0 8 64 0 2 1 13 21 0 16 23 0 22 3 6 357
7.0 2 10 1 1 4 6 2 30 1 23 19 2 7 1 26 72 9 1 10 79 1 2 1 16 26 1 20 28 1 28 4 7 439
8.0 2 12 1 2 5 7 2 37 1 28 23 3 9 1 32 88 11 1 13 96 1 3 2 20 32 1 24 35 1 34 5 9 537
9.0 3 15 1 2 6 8 3 45 1 34 28 4 11 1 39 107 13 1 16 117 1 4 2 24 39 1 29 42 1 41 5 11 655
10.0 3 18 1 2 8 10 3 54 1 41 34 4 13 1 48 130 16 1 19 142 1 4 2 29 48 1 36 51 1 50 7 13 795
11.0 4 21 1 3 9 12 4 66 1 50 42 5 16 1 58 157 19 1 23 172 1 5 3 35 58 1 43 62 1 60 8 16 958
12.0 5 26 2 3 11 14 5 79 2 59 50 6 19 2 69 188 22 2 27 206 2 6 3 42 69 2 51 74 2 72 10 19 1149
13.0 6 31 2 4 13 17 6 94 2 71 59 8 23 2 82 224 27 2 33 245 2 8 4 50 82 2 61 88 2 86 11 23 1368
14.0 7 36 2 5 16 20 7 111 2 84 70 9 27 2 97 265 32 2 38 290 2 9 5 59 97 2 72 104 2 102 14 27 1618
15.0 8 43 3 5 19 24 8 130 3 98 82 11 32 3 114 311 37 3 45 340 3 11 5 69 114 3 85 122 3 120 16 32 1901
16.0 9 50 3 6 22 28 9 152 3 115 96 12 37 3 133 363 43 3 53 397 3 12 6 81 133 3 99 143 3 140 19 37 2217
17.0 11 57 4 7 25 32 11 176 4 133 111 14 43 4 154 420 50 4 61 460 4 14 7 93 154 4 115 165 4 162 22 43 2567
18.0 12 66 4 8 29 37 12 202 4 153 128 17 50 4 177 483 58 4 70 528 4 17 8 107 177 4 132 190 4 186 25 50 2950
19.0 14 75 5 9 33 42 14 231 5 174 146 19 56 5 202 550 66 5 80 602 5 19 9 122 202 5 151 216 5 212 28 56 3364
20.0 16 85 5 11 37 48 16 261 5 197 165 21 64 5 229 623 75 5 90 681 5 21 11 138 229 5 170 245 5 239 32 64 3805
21.0 18 96 6 12 42 54 18 293 6 221 185 24 72 6 257 699 84 6 102 765 6 24 12 155 257 6 191 275 6 269 36 72 4272
22.0 20 107 7 13 47 60 20 327 7 247 207 27 80 7 287 781 93 7 113 854 7 27 13 173 287 7 213 307 7 300 40 80 4770
23.0 22 119 7 15 52 67 22 364 7 275 230 30 89 7 319 869 104 7 126 950 7 30 15 193 319 7 238 341 7 334 45 89 5308
24.0 25 132 8 16 58 74 25 403 8 304 255 33 99 8 354 963 115 8 140 1053 8 33 16 214 354 8 263 378 8 370 49 99 5883
25.0 27 145 9 18 64 82 27 445 9 336 282 36 109 9 391 1063 127 9 154 1163 9 36 18 236 391 9 291 418 9 409 55 109 6497
26.0 30 160 10 20 70 90 30 490 10 370 310 40 120 10 430 1170 140 10 170 1280 10 40 20 260 430 10 320 460 10 450 60 120 7149
27.0 33 175 11 22 77 99 33 537 11 406 340 44 132 11 471 1283 153 11 186 1403 11 44 22 285 471 11 351 504 11 493 66 132 7839
28.0 36 192 12 24 84 108 36 587 12 443 371 48 144 12 515 1402 168 12 204 1534 12 48 24 312 515 12 383 551 12 539 72 144 8566
29.0 39 209 13 26 91 117 39 639 13 483 405 52 157 13 561 1527 183 13 222 1670 13 52 26 339 561 13 418 600 13 587 78 157 9330
30.0 43 227 14 28 99 128 43 694 14 524 439 57 170 14 609 1658 198 14 241 1813 14 57 28 368 609 14 453 652 14 638 85 170 10129
31.0 46 245 15 31 107 138 46 751 15 567 475 61 184 15 659 1794 215 15 261 1962 15 61 31 399 659 15 491 705 15 690 92 184 10961
32.0 50 265 17 33 116 149 50 810 17 612 513 66 198 17 711 1935 231 17 281 2116 17 66 33 430 711 17 529 761 17 744 99 198 11822
33.0 53 284 18 36 124 160 53 871 18 658 551 71 213 18 764 2080 249 18 302 2275 18 71 36 462 764 18 569 818 18 800 107 213 12711
34.0 57 305 19 38 133 171 57 934 19 705 591 76 229 19 819 2229 267 19 324 2439 19 76 38 495 819 19 610 876 19 857 114 229 13622
35.0 61 326 20 41 142 183 61 997 20 753 631 81 244 20 875 2381 285 20 346 2605 20 81 41 529 875 20 651 936 20 916 122 244 14551
36.0 65 347 22 43 152 195 65 1062 22 802 672 87 260 22 932 2535 303 22 368 2774 22 87 43 563 932 22 693 997 22 975 130 260 15495
37.0 69 368 23 46 161 207 69 1127 23 851 713 92 276 23 989 2691 322 23 391 2944 23 92 46 598 989 23 736 1058 23 1035 138 276 16446
38.0 73 389 24 49 170 219 73 1192 24 900 754 97 292 24 1046 2847 341 24 414 3115 24 97 49 633 1046 24 779 1119 24 1095 146 292 17401
39.0 77 411 26 51 180 231 77 1258 26 950 796 103 308 26 1104 3003 359 26 436 3285 26 103 51 667 1104 26 821 1181 26 1155 154 308 18351
40.0 81 432 27 54 189 243 81 1322 27 998 836 108 324 27 1160 3157 378 27 459 3454 27 108 54 702 1160 27 863 1241 27 1214 162 324 19292
41.0 84 449 28 56 197 253 84 1376 28 1039 870 112 337 28 1207 3284 393 28 477 3593 28 112 56 730 1207 28 898 1291 28 1263 168 337 20072
42.0 87 465 29 58 203 262 87 1424 29 1076 901 116 349 29 1250 3401 407 29 494 3721 29 116 58 756 1250 29 930 1337 29 1308 174 349 20783
43.0 91 483 30 60 211 272 91 1479 30 1117 935 121 362 30 1298 3531 422 30 513 3863 30 121 60 785 1298 30 966 1388 30 1358 181 362 21577
44.0 94 503 31 63 220 283 94 1539 31 1162 974 126 377 31 1351 3675 440 31 534 4020 31 126 63 817 1351 31 1005 1445 31 1413 188 377 22458
45.0 98 524 33 66 229 295 98 1606 33 1213 1016 131 393 33 1409 3835 459 33 557 4196 33 131 66 852 1409 33 1049 1508 33 1475 197 393 23437
46.0 103 549 34 69 240 309 103 1680 34 1269 1063 137 412 34 1475 4013 480 34 583 4390 34 137 69 892 1475 34 1097 1578 34 1543 206 412 24521
47.0 108 576 36 72 252 324 108 1763 36 1331 1115 144 432 36 1547 4209 504 36 612 4605 36 144 72 935 1547 36 1151 1655 36 1619 216 432 25722
48.0 114 605 38 76 265 341 114 1854 38 1400 1173 151 454 38 1627 4427 530 38 643 4843 38 151 76 984 1627 38 1211 1740 38 1703 227 454 27051
49.0 120 638 40 80 279 359 120 1955 40 1476 1237 160 479 40 1715 4667 558 40 678 5106 40 160 80 1037 1715 40 1277 1835 40 1795 239 479 28523
50.0 127 675 42 84 295 380 127 2066 42 1560 1307 169 506 42 1813 4934 590 42 717 5398 42 169 84 1096 1813 42 1349 1940 42 1898 253 506 30151
51.0 134 715 45 89 313 402 134 2190 45 1653 1385 179 536 45 1922 5229 626 45 760 5720 45 179 89 1162 1922 45 1430 2056 45 2011 268 536 31952
52.0 142 760 47 95 332 427 142 2326 47 1757 1472 190 570 47 2042 5555 665 47 807 6077 47 190 95 1234 2042 47 1519 2184 47 2137 285 570 33947
53.0 152 809 51 101 354 455 152 2478 51 1871 1568 202 607 51 2174 5916 708 51 860 6473 51 202 101 1315 2174 51 1618 2326 51 2276 303 607 36156
54.0 162 864 54 108 378 486 162 2646 54 1998 1674 216 648 54 2322 6317 756 54 918 6911 54 216 108 1404 2322 54 1728 2484 54 2430 324 648 38605
55.0 175 935 58 117 409 526 175 2863 58 2162 1811 234 701 58 2513 6837 818 58 993 7479 58 234 117 1519 2513 58 1870 2688 58 2629 351 701 41780
56.0 191 1017 64 127 445 572 191 3113 64 2351 1970 254 762 64 2732 7433 889 64 1080 8132 64 254 127 1652 2732 64 2033 2922 64 2859 381 762 45426
57.0 207 1104 69 138 483 621 207 3381 69 2553 2139 276 828 69 2967 8074 966 69 1173 8833 69 276 138 1794 2967 69 2208 3174 69 3105 414 828 49342
58.0 225 1200 75 150 525 675 225 3676 75 2775 2325 300 900 75 3226 8776 1050 75 1275 9602 75 300 150 1950 3226 75 2400 3451 75 3376 450 900 53634
59.0 245 1305 82 163 571 734 245 3998 82 3019 2529 326 979 82 3508 9546 1142 82 1387 10443 82 326 163 2121 3508 82 2611 3753 82 3672 490 979 58337
60.0 266 1421 89 178 621 799 266 4350 89 3285 2752 355 1065 89 3818 10387 1243 89 1509 11364 89 355 178 2308 3818 89 2841 4084 89 3995 533 1065 63479
61.0 290 1546 97 193 676 870 290 4735 97 3575 2996 387 1160 97 4155 11306 1353 97 1643 12369 97 387 193 2512 4155 97 3092 4445 97 4348 580 1160 69093
62.0 316 1683 105 210 736 947 316 5155 105 3892 3261 421 1262 105 4524 12308 1473 105 1788 13465 105 421 210 2735 4524 105 3366 4839 105 4734 631 1262 75217
63.0 344 1833 115 229 802 1031 344 5612 115 4238 3551 458 1374 115 4925 13401 1604 115 1947 14661 115 458 229 2978 4925 115 3665 5269 115 5154 687 1374 81893
64.0 374 1995 125 249 873 1122 374 6111 125 4614 3866 499 1497 125 5363 14591 1746 125 2120 15963 125 499 249 3243 5363 125 3991 5737 125 5612 748 1497 89169
65.0 407 2173 136 272 951 1222 407 6654 136 5025 4210 543 1630 136 5839 15889 1901 136 2309 17382 136 543 272 3531 5839 136 4346 6247 136 6111 815 1630 97097
66.0 444 2366 148 296 1035 1331 444 7246 148 5471 4584 592 1775 148 6359 17302 2070 148 2514 18928 148 592 296 3845 6359 148 4732 6802 148 6654 887 1775 105732
67.0 483 2577 161 322 1127 1449 483 7891 161 5958 4992 644 1932 161 6924 18841 2254 161 2738 20612 161 644 322 4187 6924 161 5153 7408 161 7246 966 1932 115138
68.0 526 2806 175 351 1228 1578 526 8593 175 6488 5436 701 2104 175 7541 20517 2455 175 2981 22446 175 701 351 4559 7541 175 5612 8067 175 7891 1052 2104 125383
69.0 573 3055 191 382 1337 1719 573 9357 191 7066 5920 764 2292 191 8212 22343 2674 191 3246 24444 191 764 382 4965 8212 191 6111 8784 191 8593 1146 2292 136541
70.0 624 3327 208 416 1456 1872 624 10190 208 7695 6447 832 2496 208 8942 24331 2911 208 3535 26619 208 832 416 5407 8942 208 6655 9566 208 9358 1248 2496 148692
71.0 679 3624 226 453 1585 2038 679 11097 226 8379 7021 906 2718 226 9738 26497 3171 226 3850 28988 226 906 453 5888 9738 226 7247 10418 226 10191 1359 2718 161926
72.0 740 3946 247 493 1726 2220 740 12085 247 9125 7645 987 2960 247 10605 28855 3453 247 4193 31568 247 987 493 6412 10605 247 7892 11345 247 11098 1480 2960 176338
73.0 806 4297 269 537 1880 2417 806 13160 269 9937 8326 1074 3223 269 11549 31424 3760 269 4566 34378 269 1074 537 6983 11549 269 8594 12355 269 12086 1611 3223 192033
74.0 877 4680 292 585 2047 2632 877 14332 292 10822 9067 1170 3510 292 12577 34221 4095 292 4972 37438 292 1170 585 7605 12577 292 9359 13454 292 13162 1755 3510 209126
75.0 956 5096 319 637 2230 2867 956 15607 319 11785 9874 1274 3822 319 13696 37266 4459 319 5415 40770 319 1274 637 8281 13696 319 10193 14652 319 14333 1911 3822 227739
