Covid-19 Population Estimated by PSD Model @ CDS/IISc
Day AN AP AR AS BR CH CT DL GA GJ HR HP JK JH KA KL LA LD MP MH MN OR PY PB RJ SK TN TG TR UP UT WB Total
0.0 3 17 1 2 7 9 3 51 1 38 32 4 12 1 45 121 14 1 18 132 1 4 2 27 45 1 33 48 1 47 6 12 740
1.0 4 19 1 2 8 11 4 59 1 45 37 5 14 1 52 141 17 1 21 154 1 5 2 31 52 1 39 55 1 54 7 14 862
2.0 4 22 1 3 9 12 4 66 1 50 42 5 16 1 58 157 19 1 23 172 1 5 3 35 58 1 43 62 1 61 8 16 962
3.0 4 24 1 3 10 13 4 72 1 54 46 6 18 1 63 172 21 1 25 188 1 6 3 38 63 1 47 68 1 66 9 18 1051
4.0 5 25 2 3 11 14 5 78 2 59 49 6 19 2 68 185 22 2 27 203 2 6 3 41 68 2 51 73 2 71 10 19 1133
5.0 5 27 2 3 12 15 5 83 2 63 53 7 20 2 73 198 24 2 29 217 2 7 3 44 73 2 54 78 2 76 10 20 1212
6.0 5 29 2 4 13 16 5 88 2 67 56 7 22 2 77 211 25 2 31 231 2 7 4 47 77 2 58 83 2 81 11 22 1288
7.0 6 30 2 4 13 17 6 93 2 70 59 8 23 2 82 223 27 2 32 244 2 8 4 49 82 2 61 88 2 86 11 23 1361
8.0 6 32 2 4 14 18 6 98 2 74 62 8 24 2 86 234 28 2 34 256 2 8 4 52 86 2 64 92 2 90 12 24 1431
9.0 6 34 2 4 15 19 6 103 2 77 65 8 25 2 90 245 29 2 36 268 2 8 4 54 90 2 67 96 2 94 13 25 1497
10.0 7 35 2 4 15 20 7 107 2 81 68 9 26 2 94 255 31 2 37 279 2 9 4 57 94 2 70 100 2 98 13 26 1560
11.0 7 36 2 5 16 20 7 111 2 84 70 9 27 2 97 265 32 2 38 290 2 9 5 59 97 2 72 104 2 102 14 27 1619
12.0 7 37 2 5 16 21 7 115 2 87 73 9 28 2 101 274 33 2 40 300 2 9 5 61 101 2 75 108 2 105 14 28 1674
13.0 7 39 2 5 17 22 7 118 2 89 75 10 29 2 104 282 34 2 41 309 2 10 5 63 104 2 77 111 2 109 14 29 1724
14.0 7 40 2 5 17 22 7 121 2 92 77 10 30 2 106 290 35 2 42 317 2 10 5 64 106 2 79 114 2 111 15 30 1770
15.0 8 41 3 5 18 23 8 124 3 94 78 10 30 3 109 296 35 3 43 324 3 10 5 66 109 3 81 116 3 114 15 30 1810
16.0 8 41 3 5 18 23 8 126 3 95 80 10 31 3 111 302 36 3 44 330 3 10 5 67 111 3 83 119 3 116 15 31 1844
17.0 8 42 3 5 18 24 8 128 3 97 81 10 31 3 112 306 37 3 44 335 3 10 5 68 112 3 84 120 3 118 16 31 1870
18.0 8 42 3 5 18 24 8 129 3 98 82 11 32 3 114 309 37 3 45 338 3 11 5 69 114 3 85 122 3 119 16 32 1889
19.0 8 43 3 5 19 24 8 130 3 98 82 11 32 3 114 311 37 3 45 340 3 11 5 69 114 3 85 122 3 120 16 32 1900
20.0 8 43 3 5 19 24 8 130 3 98 82 11 32 3 114 311 37 3 45 340 3 11 5 69 114 3 85 122 3 120 16 32 1901
21.0 8 42 3 5 19 24 8 130 3 98 82 11 32 3 114 310 37 3 45 339 3 11 5 69 114 3 85 122 3 119 16 32 1896
22.0 8 42 3 5 18 24 8 129 3 98 82 11 32 3 113 309 37 3 45 338 3 11 5 69 113 3 84 121 3 119 16 32 1886
23.0 8 42 3 5 18 24 8 128 3 97 81 10 31 3 113 306 37 3 44 335 3 10 5 68 113 3 84 120 3 118 16 31 1871
24.0 8 41 3 5 18 23 8 127 3 96 80 10 31 3 111 303 36 3 44 331 3 10 5 67 111 3 83 119 3 116 16 31 1851
25.0 8 41 3 5 18 23 8 125 3 94 79 10 31 3 110 299 36 3 43 327 3 10 5 66 110 3 82 117 3 115 15 31 1826
26.0 8 40 3 5 18 23 8 123 3 93 78 10 30 3 108 294 35 3 43 322 3 10 5 65 108 3 80 116 3 113 15 30 1797
27.0 7 39 2 5 17 22 7 121 2 91 77 10 30 2 106 289 35 2 42 316 2 10 5 64 106 2 79 114 2 111 15 30 1765
28.0 7 39 2 5 17 22 7 119 2 90 75 10 29 2 104 283 34 2 41 310 2 10 5 63 104 2 77 111 2 109 15 29 1730
29.0 7 38 2 5 17 21 7 116 2 88 73 9 28 2 102 277 33 2 40 303 2 9 5 62 102 2 76 109 2 107 14 28 1693
30.0 7 37 2 5 16 21 7 113 2 86 72 9 28 2 99 271 32 2 39 296 2 9 5 60 99 2 74 106 2 104 14 28 1653
31.0 7 36 2 5 16 20 7 111 2 83 70 9 27 2 97 264 32 2 38 289 2 9 5 59 97 2 72 104 2 101 14 27 1613
32.0 7 35 2 4 15 20 7 108 2 81 68 9 26 2 94 257 31 2 37 281 2 9 4 57 94 2 70 101 2 99 13 26 1571
33.0 6 34 2 4 15 19 6 105 2 79 66 9 26 2 92 250 30 2 36 274 2 9 4 56 92 2 68 98 2 96 13 26 1528
34.0 6 33 2 4 15 19 6 102 2 77 64 8 25 2 89 243 29 2 35 266 2 8 4 54 89 2 66 96 2 94 12 25 1486
35.0 6 32 2 4 14 18 6 99 2 75 63 8 24 2 87 236 28 2 34 258 2 8 4 52 87 2 65 93 2 91 12 24 1443
36.0 6 31 2 4 14 18 6 96 2 72 61 8 24 2 84 229 27 2 33 251 2 8 4 51 84 2 63 90 2 88 12 24 1400
37.0 6 30 2 4 13 17 6 93 2 70 59 8 23 2 82 222 27 2 32 243 2 8 4 49 82 2 61 87 2 85 11 23 1358
38.0 6 29 2 4 13 17 6 90 2 68 57 7 22 2 79 215 26 2 31 236 2 7 4 48 79 2 59 85 2 83 11 22 1316
39.0 5 29 2 4 12 16 5 87 2 66 55 7 21 2 77 209 25 2 30 228 2 7 4 46 77 2 57 82 2 80 11 21 1275
40.0 5 28 2 3 12 16 5 85 2 64 54 7 21 2 74 202 24 2 29 221 2 7 3 45 74 2 55 79 2 78 10 21 1235
41.0 5 27 2 3 12 15 5 82 2 62 52 7 20 2 72 196 23 2 28 214 2 7 3 43 72 2 54 77 2 75 10 20 1196
42.0 5 26 2 3 11 15 5 79 2 60 50 6 19 2 70 189 23 2 28 207 2 6 3 42 70 2 52 74 2 73 10 19 1157
43.0 5 25 2 3 11 14 5 77 2 58 49 6 19 2 67 183 22 2 27 200 2 6 3 41 67 2 50 72 2 70 9 19 1119
44.0 5 24 2 3 11 14 5 74 2 56 47 6 18 2 65 177 21 2 26 194 2 6 3 39 65 2 48 70 2 68 9 18 1083
45.0 4 23 1 3 10 13 4 72 1 54 45 6 18 1 63 171 21 1 25 187 1 6 3 38 63 1 47 67 1 66 9 18 1047
46.0 4 23 1 3 10 13 4 69 1 52 44 6 17 1 61 166 20 1 24 181 1 6 3 37 61 1 45 65 1 64 8 17 1013
47.0 4 22 1 3 10 12 4 67 1 51 42 5 16 1 59 160 19 1 23 175 1 5 3 36 59 1 44 63 1 62 8 16 979
48.0 4 21 1 3 9 12 4 65 1 49 41 5 16 1 57 155 19 1 23 170 1 5 3 34 57 1 42 61 1 60 8 16 947
49.0 4 20 1 3 9 12 4 63 1 47 40 5 15 1 55 150 18 1 22 164 1 5 3 33 55 1 41 59 1 58 8 15 916
50.0 4 20 1 2 9 11 4 61 1 46 38 5 15 1 53 145 17 1 21 159 1 5 2 32 53 1 40 57 1 56 7 15 886
51.0 4 19 1 2 8 11 4 59 1 44 37 5 14 1 52 140 17 1 20 153 1 5 2 31 52 1 38 55 1 54 7 14 856
52.0 3 19 1 2 8 10 3 57 1 43 36 5 14 1 50 136 16 1 20 148 1 5 2 30 50 1 37 53 1 52 7 14 828
53.0 3 18 1 2 8 10 3 55 1 41 35 4 13 1 48 131 16 1 19 143 1 4 2 29 48 1 36 52 1 50 7 13 801
54.0 3 17 1 2 8 10 3 53 1 40 34 4 13 1 47 127 15 1 18 139 1 4 2 28 47 1 35 50 1 49 7 13 775
55.0 3 17 1 2 7 9 3 51 1 39 32 4 13 1 45 123 15 1 18 134 1 4 2 27 45 1 34 48 1 47 6 13 749
56.0 3 16 1 2 7 9 3 50 1 38 31 4 12 1 44 119 14 1 17 130 1 4 2 26 44 1 32 47 1 46 6 12 725
57.0 3 16 1 2 7 9 3 48 1 36 30 4 12 1 42 115 14 1 17 126 1 4 2 25 42 1 31 45 1 44 6 12 701
58.0 3 15 1 2 7 9 3 46 1 35 29 4 11 1 41 111 13 1 16 121 1 4 2 25 41 1 30 44 1 43 6 11 678
59.0 3 15 1 2 6 8 3 45 1 34 28 4 11 1 39 107 13 1 16 117 1 4 2 24 39 1 29 42 1 41 6 11 656
60.0 3 14 1 2 6 8 3 43 1 33 28 4 11 1 38 104 12 1 15 114 1 4 2 23 38 1 28 41 1 40 5 11 635
61.0 3 14 1 2 6 8 3 42 1 32 27 3 10 1 37 100 12 1 15 110 1 3 2 22 37 1 27 39 1 39 5 10 614
62.0 2 13 1 2 6 7 2 41 1 31 26 3 10 1 36 97 12 1 14 106 1 3 2 22 36 1 27 38 1 37 5 10 594
63.0 2 13 1 2 6 7 2 39 1 30 25 3 10 1 35 94 11 1 14 103 1 3 2 21 35 1 26 37 1 36 5 10 575
64.0 2 12 1 2 5 7 2 38 1 29 24 3 9 1 33 91 11 1 13 100 1 3 2 20 33 1 25 36 1 35 5 9 556
65.0 2 12 1 2 5 7 2 37 1 28 23 3 9 1 32 88 11 1 13 96 1 3 2 20 32 1 24 35 1 34 5 9 538
66.0 2 12 1 1 5 7 2 36 1 27 23 3 9 1 31 85 10 1 12 93 1 3 1 19 31 1 23 33 1 33 4 9 520
67.0 2 11 1 1 5 6 2 35 1 26 22 3 8 1 30 82 10 1 12 90 1 3 1 18 30 1 23 32 1 32 4 8 503
68.0 2 11 1 1 5 6 2 33 1 25 21 3 8 1 29 80 10 1 12 87 1 3 1 18 29 1 22 31 1 31 4 8 487
69.0 2 11 1 1 5 6 2 32 1 24 20 3 8 1 28 77 9 1 11 84 1 3 1 17 28 1 21 30 1 30 4 8 471
70.0 2 10 1 1 4 6 2 31 1 24 20 3 8 1 27 75 9 1 11 82 1 3 1 17 27 1 20 29 1 29 4 8 456
71.0 2 10 1 1 4 6 2 30 1 23 19 2 7 1 27 72 9 1 10 79 1 2 1 16 27 1 20 28 1 28 4 7 441
72.0 2 10 1 1 4 5 2 29 1 22 18 2 7 1 26 70 8 1 10 76 1 2 1 16 26 1 19 27 1 27 4 7 427
73.0 2 9 1 1 4 5 2 28 1 21 18 2 7 1 25 68 8 1 10 74 1 2 1 15 25 1 18 27 1 26 3 7 413
74.0 2 9 1 1 4 5 2 27 1 21 17 2 7 1 24 65 8 1 9 71 1 2 1 15 24 1 18 26 1 25 3 7 399
75.0 2 9 1 1 4 5 2 26 1 20 17 2 6 1 23 63 8 1 9 69 1 2 1 14 23 1 17 25 1 24 3 6 386
