Covid-19 Nucleation Estimated by PSD Model @ CDS/IISc
Day AN AP AR AS BR CH CT DL GA GJ HR HP JK JH KA KL LA LD MP MH MN OR PY PB RJ SK TN TG TR UP UT WB Total
0.0 0 0 0 0 0 0 0 0 0 0 0 0 0 0 0 0 0 0 0 0 0 0 0 0 0 0 0 0 0 0 0 0 0
1.0 1 4 0 1 2 3 1 14 0 10 9 1 3 0 12 33 4 0 5 36 0 1 1 7 12 0 9 13 0 13 2 3 200
2.0 1 4 0 0 2 2 1 11 0 9 7 1 3 0 10 27 3 0 4 29 0 1 0 6 10 0 7 11 0 10 1 3 164
3.0 1 4 0 0 2 2 1 11 0 9 7 1 3 0 10 27 3 0 4 30 0 1 0 6 10 0 7 11 0 11 1 3 167
4.0 1 4 0 1 2 2 1 12 0 9 8 1 3 0 11 30 4 0 4 33 0 1 1 7 11 0 8 12 0 11 2 3 182
5.0 1 5 0 1 2 3 1 14 0 10 9 1 3 0 12 33 4 0 5 36 0 1 1 7 12 0 9 13 0 13 2 3 203
6.0 1 5 0 1 2 3 1 16 0 12 10 1 4 0 14 37 4 0 5 41 0 1 1 8 14 0 10 15 0 14 2 4 229
7.0 1 6 0 1 3 3 1 18 0 13 11 1 4 0 15 42 5 0 6 46 0 1 1 9 15 0 12 17 0 16 2 4 258
8.0 1 6 0 1 3 4 1 20 0 15 13 2 5 0 17 48 6 0 7 52 0 2 1 11 17 0 13 19 0 18 2 5 290
9.0 1 7 0 1 3 4 1 22 0 17 14 2 5 0 20 53 6 0 8 58 0 2 1 12 20 0 15 21 0 21 3 5 327
10.0 2 8 1 1 4 5 2 25 1 19 16 2 6 1 22 60 7 1 9 66 1 2 1 13 22 1 16 24 1 23 3 6 367
11.0 2 9 1 1 4 5 2 28 1 21 18 2 7 1 25 67 8 1 10 74 1 2 1 15 25 1 18 26 1 26 3 7 411
12.0 2 10 1 1 5 6 2 32 1 24 20 3 8 1 28 75 9 1 11 82 1 3 1 17 28 1 21 30 1 29 4 8 460
13.0 2 12 1 1 5 6 2 35 1 27 22 3 9 1 31 84 10 1 12 92 1 3 1 19 31 1 23 33 1 32 4 9 514
14.0 2 13 1 2 6 7 2 39 1 30 25 3 10 1 35 94 11 1 14 103 1 3 2 21 35 1 26 37 1 36 5 10 574
15.0 3 14 1 2 6 8 3 44 1 33 28 4 11 1 38 105 13 1 15 114 1 4 2 23 38 1 29 41 1 40 5 11 639
16.0 3 16 1 2 7 9 3 48 1 36 30 4 12 1 42 115 14 1 17 126 1 4 2 26 42 1 31 45 1 44 6 12 702
17.0 3 17 1 2 7 10 3 52 1 39 33 4 13 1 46 124 15 1 18 136 1 4 2 28 46 1 34 49 1 48 6 13 760
18.0 3 18 1 2 8 10 3 56 1 42 35 5 14 1 49 134 16 1 19 146 1 5 2 30 49 1 37 53 1 51 7 14 818
19.0 4 20 1 2 9 11 4 60 1 45 38 5 15 1 53 143 17 1 21 156 1 5 2 32 53 1 39 56 1 55 7 15 874
20.0 4 21 1 3 9 12 4 64 1 48 40 5 16 1 56 152 18 1 22 166 1 5 3 34 56 1 41 60 1 58 8 16 927
21.0 4 22 1 3 10 12 4 67 1 51 42 5 16 1 59 160 19 1 23 175 1 5 3 36 59 1 44 63 1 62 8 16 979
22.0 4 23 1 3 10 13 4 70 1 53 44 6 17 1 61 167 20 1 24 183 1 6 3 37 61 1 46 66 1 64 9 17 1021
23.0 5 25 2 3 11 14 5 75 2 57 48 6 18 2 66 180 21 2 26 196 2 6 3 40 66 2 49 71 2 69 9 18 1097
24.0 5 26 2 3 11 15 5 80 2 61 51 7 20 2 71 192 23 2 28 210 2 7 3 43 71 2 53 76 2 74 10 20 1174
25.0 5 28 2 4 12 16 5 86 2 65 54 7 21 2 75 205 25 2 30 224 2 7 4 46 75 2 56 81 2 79 11 21 1253
26.0 6 30 2 4 13 17 6 92 2 69 58 7 22 2 80 219 26 2 32 239 2 7 4 49 80 2 60 86 2 84 11 22 1337
27.0 6 32 2 4 14 18 6 98 2 74 62 8 24 2 86 233 28 2 34 255 2 8 4 52 86 2 64 92 2 90 12 24 1426
28.0 6 34 2 4 15 19 6 104 2 79 66 9 26 2 91 249 30 2 36 272 2 9 4 55 91 2 68 98 2 96 13 26 1521
29.0 7 36 2 5 16 20 7 111 2 84 70 9 27 2 98 265 32 2 39 290 2 9 5 59 98 2 73 104 2 102 14 27 1621
30.0 7 39 2 5 17 22 7 118 2 89 75 10 29 2 104 283 34 2 41 309 2 10 5 63 104 2 77 111 2 109 15 29 1728
31.0 8 41 3 5 18 23 8 126 3 95 80 10 31 3 111 301 36 3 44 330 3 10 5 67 111 3 82 118 3 116 15 31 1842
32.0 8 44 3 5 19 25 8 134 3 102 85 11 33 3 118 321 38 3 47 351 3 11 5 71 118 3 88 126 3 123 16 33 1962
33.0 9 47 3 6 20 26 9 143 3 108 91 12 35 3 126 342 41 3 50 374 3 12 6 76 126 3 93 134 3 131 18 35 2089
34.0 9 50 3 6 22 28 9 152 3 115 96 12 37 3 134 364 44 3 53 398 3 12 6 81 134 3 100 143 3 140 19 37 2223
35.0 10 53 3 7 23 30 10 162 3 122 103 13 40 3 142 387 46 3 56 423 3 13 7 86 142 3 106 152 3 149 20 40 2365
36.0 11 56 4 7 25 32 11 172 4 130 109 14 42 4 151 412 49 4 60 450 4 14 7 91 151 4 113 162 4 158 21 42 2515
37.0 11 59 4 7 26 33 11 182 4 137 115 15 45 4 160 434 52 4 63 475 4 15 7 97 160 4 119 171 4 167 22 45 2654
38.0 12 62 4 8 27 35 12 190 4 144 121 16 47 4 167 455 54 4 66 498 4 16 8 101 167 4 124 179 4 175 23 47 2780
39.0 12 65 4 8 28 37 12 199 4 150 126 16 49 4 175 475 57 4 69 520 4 16 8 106 175 4 130 187 4 183 24 49 2905
40.0 13 68 4 8 30 38 13 207 4 157 131 17 51 4 182 495 59 4 72 542 4 17 8 110 182 4 135 195 4 191 25 51 3028
41.0 13 70 4 9 31 40 13 216 4 163 136 18 53 4 189 515 62 4 75 563 4 18 9 114 189 4 141 202 4 198 26 53 3145
42.0 14 73 5 9 32 41 14 223 5 169 141 18 55 5 196 533 64 5 77 583 5 18 9 118 196 5 146 210 5 205 27 55 3257
43.0 14 75 5 9 33 42 14 230 5 174 146 19 56 5 202 550 66 5 80 602 5 19 9 122 202 5 150 216 5 212 28 56 3361
44.0 15 77 5 10 34 44 15 237 5 179 150 19 58 5 208 566 68 5 82 619 5 19 10 126 208 5 155 222 5 218 29 58 3457
45.0 15 79 5 10 35 45 15 243 5 183 154 20 59 5 213 580 69 5 84 635 5 20 10 129 213 5 159 228 5 223 30 59 3545
46.0 15 81 5 10 35 46 15 248 5 187 157 20 61 5 218 593 71 5 86 648 5 20 10 132 218 5 162 233 5 228 30 61 3622
47.0 15 83 5 10 36 46 15 253 5 191 160 21 62 5 222 604 72 5 88 660 5 21 10 134 222 5 165 237 5 232 31 62 3689
48.0 16 84 5 10 37 47 16 257 5 194 162 21 63 5 225 613 73 5 89 670 5 21 10 136 225 5 168 241 5 236 31 63 3745
49.0 16 85 5 11 37 48 16 260 5 196 164 21 64 5 228 620 74 5 90 678 5 21 11 138 228 5 170 244 5 238 32 64 3789
50.0 16 85 5 11 37 48 16 262 5 198 166 21 64 5 230 625 75 5 91 684 5 21 11 139 230 5 171 246 5 240 32 64 3820
51.0 16 86 5 11 38 48 16 263 5 199 166 21 64 5 231 628 75 5 91 687 5 21 11 140 231 5 172 247 5 242 32 64 3839
52.0 16 87 5 11 38 49 16 267 5 201 169 22 65 5 234 636 76 5 92 696 5 22 11 141 234 5 174 250 5 245 33 65 3889
53.0 17 89 6 11 39 50 17 272 6 206 172 22 67 6 239 650 78 6 94 711 6 22 11 144 239 6 178 256 6 250 33 67 3972
54.0 17 91 6 11 40 51 17 278 6 210 176 23 68 6 244 663 79 6 96 726 6 23 11 147 244 6 181 261 6 255 34 68 4053
55.0 17 93 6 12 40 52 17 283 6 214 179 23 69 6 249 677 81 6 98 740 6 23 12 150 249 6 185 266 6 260 35 69 4135
56.0 18 94 6 12 41 53 18 289 6 218 183 24 71 6 254 691 83 6 100 756 6 24 12 154 254 6 189 272 6 266 35 71 4222
57.0 18 97 6 12 42 54 18 296 6 223 187 24 72 6 259 706 84 6 103 772 6 24 12 157 259 6 193 277 6 271 36 72 4313
58.0 18 99 6 12 43 55 18 302 6 228 191 25 74 6 265 721 86 6 105 789 6 25 12 160 265 6 197 284 6 277 37 74 4408
59.0 19 101 6 13 44 57 19 309 6 233 195 25 76 6 271 738 88 6 107 807 6 25 13 164 271 6 202 290 6 284 38 76 4509
60.0 19 103 6 13 45 58 19 316 6 239 200 26 77 6 278 755 90 6 110 826 6 26 13 168 278 6 207 297 6 290 39 77 4614
61.0 20 106 7 13 46 59 20 324 7 244 205 26 79 7 284 773 93 7 112 846 7 26 13 172 284 7 211 304 7 297 40 79 4725
62.0 20 108 7 14 47 61 20 332 7 250 210 27 81 7 291 792 95 7 115 866 7 27 14 176 291 7 217 311 7 305 41 81 4839
63.0 21 111 7 14 49 62 21 340 7 257 215 28 83 7 298 811 97 7 118 888 7 28 14 180 298 7 222 319 7 312 42 83 4958
64.0 21 114 7 14 50 64 21 348 7 263 220 28 85 7 306 832 99 7 121 910 7 28 14 185 306 7 227 327 7 320 43 85 5081
65.0 22 117 7 15 51 66 22 357 7 270 226 29 87 7 313 852 102 7 124 933 7 29 15 189 313 7 233 335 7 328 44 87 5209
66.0 22 120 7 15 52 67 22 366 7 276 232 30 90 7 321 874 105 7 127 956 7 30 15 194 321 7 239 344 7 336 45 90 5341
67.0 23 123 8 15 54 69 23 375 8 283 238 31 92 8 329 896 107 8 130 981 8 31 15 199 329 8 245 352 8 345 46 92 5478
68.0 24 126 8 16 55 71 24 385 8 291 244 31 94 8 338 919 110 8 134 1006 8 31 16 204 338 8 251 361 8 354 47 94 5619
69.0 24 129 8 16 56 73 24 395 8 298 250 32 97 8 347 943 113 8 137 1032 8 32 16 210 347 8 258 371 8 363 48 97 5764
70.0 25 132 8 17 58 74 25 405 8 306 256 33 99 8 356 968 116 8 141 1059 8 33 17 215 356 8 265 380 8 372 50 99 5914
71.0 25 136 8 17 59 76 25 416 8 314 263 34 102 8 365 993 119 8 144 1086 8 34 17 221 365 8 272 390 8 382 51 102 6068
72.0 26 139 9 17 61 78 26 427 9 322 270 35 105 9 375 1019 122 9 148 1115 9 35 17 226 375 9 279 401 9 392 52 105 6227
73.0 27 143 9 18 63 80 27 438 9 331 277 36 107 9 384 1046 125 9 152 1144 9 36 18 232 384 9 286 411 9 402 54 107 6391
74.0 28 147 9 18 64 83 28 450 9 339 284 37 110 9 394 1073 128 9 156 1174 9 37 18 239 394 9 294 422 9 413 55 110 6559
75.0 28 151 9 19 66 85 28 461 9 348 292 38 113 9 405 1102 132 9 160 1205 9 38 19 245 405 9 301 433 9 424 56 113 6733
76.0 29 155 10 19 68 87 29 473 10 357 300 39 116 10 415 1130 135 10 164 1237 10 39 19 251 415 10 309 444 10 435 58 116 6908
77.0 30 159 10 20 69 89 30 486 10 367 307 40 119 10 426 1159 139 10 168 1268 10 40 20 258 426 10 317 456 10 446 59 119 7085
78.0 30 163 10 20 71 91 30 498 10 376 315 41 122 10 437 1189 142 10 173 1301 10 41 20 264 437 10 325 468 10 457 61 122 7267
79.0 31 167 10 21 73 94 31 511 10 386 323 42 125 10 448 1220 146 10 177 1334 10 42 21 271 448 10 334 480 10 469 63 125 7453
80.0 32 171 11 21 75 96 32 524 11 396 331 43 128 11 460 1251 150 11 182 1368 11 43 21 278 460 11 342 492 11 481 64 128 7643
81.0 33 175 11 22 77 99 33 537 11 406 340 44 132 11 471 1283 153 11 186 1403 11 44 22 285 471 11 351 504 11 493 66 132 7838
82.0 34 180 11 22 79 101 34 551 11 416 348 45 135 11 483 1315 157 11 191 1439 11 45 22 292 483 11 360 517 11 506 67 135 8036
83.0 35 184 12 23 81 104 35 565 12 426 357 46 138 12 495 1348 161 12 196 1475 12 46 23 300 495 12 369 530 12 519 69 138 8239
84.0 35 189 12 24 83 106 35 579 12 437 366 47 142 12 508 1382 165 12 201 1512 12 47 24 307 508 12 378 543 12 532 71 142 8446
85.0 36 194 12 24 85 109 36 593 12 448 375 48 145 12 521 1417 170 12 206 1550 12 48 24 315 521 12 387 557 12 545 73 145 8657
86.0 37 199 12 25 87 112 37 608 12 459 385 50 149 12 534 1452 174 12 211 1588 12 50 25 323 534 12 397 571 12 558 74 149 8873
87.0 38 203 13 25 89 114 38 623 13 471 394 51 153 13 547 1488 178 13 216 1628 13 51 25 331 547 13 407 585 13 572 76 153 9094
88.0 39 209 13 26 91 117 39 639 13 482 404 52 156 13 560 1525 182 13 222 1668 13 52 26 339 560 13 417 600 13 586 78 156 9319
89.0 40 214 13 27 93 120 40 654 13 494 414 53 160 13 574 1562 187 13 227 1709 13 53 27 347 574 13 427 614 13 601 80 160 9548
90.0 41 219 14 27 96 123 41 670 14 506 424 55 164 14 588 1601 192 14 233 1751 14 55 27 356 588 14 438 629 14 616 82 164 9783
91.0 42 224 14 28 98 126 42 687 14 519 435 56 168 14 603 1640 196 14 238 1794 14 56 28 364 603 14 449 645 14 631 84 168 10022
92.0 43 230 14 29 101 129 43 704 14 531 445 57 172 14 617 1680 201 14 244 1838 14 57 29 373 617 14 459 661 14 646 86 172 10266
93.0 44 235 15 29 103 132 44 721 15 544 456 59 176 15 632 1721 206 15 250 1883 15 59 29 382 632 15 471 677 15 662 88 176 10516
94.0 45 241 15 30 105 136 45 738 15 557 467 60 181 15 648 1762 211 15 256 1928 15 60 30 392 648 15 482 693 15 678 90 181 10770
95.0 46 247 15 31 108 139 46 756 15 571 478 62 185 15 663 1805 216 15 262 1975 15 62 31 401 663 15 494 710 15 694 93 185 11030
96.0 47 253 16 32 111 142 47 774 16 584 490 63 190 16 679 1848 221 16 269 2022 16 63 32 411 679 16 505 727 16 711 95 190 11294
97.0 49 259 16 32 113 146 49 793 16 598 501 65 194 16 695 1892 226 16 275 2070 16 65 32 421 695 16 518 744 16 728 97 194 11564
98.0 50 265 17 33 116 149 50 811 17 613 513 66 199 17 712 1937 232 17 282 2120 17 66 33 431 712 17 530 762 17 745 99 199 11840
99.0 51 271 17 34 119 153 51 831 17 627 525 68 203 17 729 1983 237 17 288 2170 17 68 34 441 729 17 542 780 17 763 102 203 12120
100.0 52 278 17 35 121 156 52 850 17 642 538 69 208 17 746 2030 243 17 295 2221 17 69 35 451 746 17 555 798 17 781 104 208 12407
101.0 53 284 18 36 124 160 53 870 18 657 551 71 213 18 764 2078 249 18 302 2273 18 71 36 462 764 18 568 817 18 799 107 213 12698
102.0 55 291 18 36 127 164 55 891 18 673 563 73 218 18 782 2127 254 18 309 2327 18 73 36 473 782 18 582 836 18 818 109 218 12996
103.0 56 298 19 37 130 167 56 911 19 688 577 74 223 19 800 2176 260 19 316 2381 19 74 37 484 800 19 595 856 19 837 112 223 13299
104.0 57 305 19 38 133 171 57 933 19 704 590 76 228 19 818 2227 266 19 324 2436 19 76 38 495 818 19 609 875 19 856 114 228 13608
105.0 58 312 19 39 136 175 58 954 19 720 604 78 234 19 837 2278 273 19 331 2493 19 78 39 506 837 19 623 896 19 876 117 234 13923
106.0 60 319 20 40 139 179 60 976 20 737 618 80 239 20 857 2331 279 20 339 2550 20 80 40 518 857 20 637 916 20 896 120 239 14244
107.0 61 326 20 41 143 183 61 999 20 754 632 82 245 20 876 2384 285 20 346 2608 20 82 41 530 876 20 652 937 20 917 122 245 14570
108.0 63 333 21 42 146 188 63 1021 21 771 646 83 250 21 896 2439 292 21 354 2668 21 83 42 542 896 21 667 959 21 938 125 250 14903
109.0 64 341 21 43 149 192 64 1045 21 789 661 85 256 21 917 2494 298 21 362 2729 21 85 43 554 917 21 682 981 21 959 128 256 15242
110.0 65 349 22 44 153 196 65 1068 22 807 676 87 262 22 937 2551 305 22 371 2790 22 87 44 567 937 22 698 1003 22 981 131 262 15587
111.0 67 357 22 45 156 201 67 1092 22 825 691 89 268 22 959 2608 312 22 379 2853 22 89 45 580 959 22 713 1025 22 1003 134 268 15939
112.0 68 365 23 46 160 205 68 1117 23 843 707 91 274 23 980 2667 319 23 387 2917 23 91 46 593 980 23 729 1048 23 1026 137 274 16296
113.0 70 373 23 47 163 210 70 1142 23 862 722 93 280 23 1002 2726 326 23 396 2983 23 93 47 606 1002 23 746 1072 23 1049 140 280 16661
114.0 71 381 24 48 167 214 71 1167 24 881 738 95 286 24 1024 2787 333 24 405 3049 24 95 48 619 1024 24 762 1096 24 1072 143 286 17031
115.0 73 390 24 49 170 219 73 1193 24 901 755 97 292 24 1047 2849 341 24 414 3116 24 97 49 633 1047 24 779 1120 24 1096 146 292 17408
116.0 75 398 25 50 174 224 75 1219 25 921 771 100 299 25 1070 2911 348 25 423 3185 25 100 50 647 1070 25 796 1145 25 1120 149 299 17792
117.0 76 407 25 51 178 229 76 1246 25 941 788 102 305 25 1093 2975 356 25 432 3255 25 102 51 661 1093 25 814 1170 25 1144 153 305 18182
118.0 78 416 26 52 182 234 78 1273 26 961 806 104 312 26 1117 3040 364 26 442 3326 26 104 52 676 1117 26 832 1195 26 1169 156 312 18579
119.0 80 425 27 53 186 239 80 1301 27 982 823 106 319 27 1142 3106 372 27 451 3398 27 106 53 690 1142 27 850 1221 27 1195 159 319 18983
120.0 81 434 27 54 190 244 81 1329 27 1004 841 108 325 27 1166 3173 380 27 461 3472 27 108 54 705 1166 27 868 1248 27 1221 163 325 19393
121.0 83 443 28 55 194 249 83 1358 28 1025 859 111 332 28 1191 3242 388 28 471 3547 28 111 55 720 1191 28 887 1275 28 1247 166 332 19811
122.0 85 453 28 57 198 255 85 1387 28 1047 877 113 340 28 1217 3311 396 28 481 3623 28 113 57 736 1217 28 906 1302 28 1274 170 340 20235
123.0 87 462 29 58 202 260 87 1416 29 1069 896 116 347 29 1243 3382 405 29 491 3700 29 116 58 752 1243 29 925 1330 29 1301 173 347 20666
124.0 89 472 30 59 207 266 89 1446 30 1092 915 118 354 30 1269 3453 413 30 502 3778 30 118 59 767 1269 30 945 1358 30 1328 177 354 21105
125.0 90 482 30 60 211 271 90 1477 30 1115 934 121 362 30 1296 3526 422 30 512 3858 30 121 60 784 1296 30 964 1386 30 1356 181 362 21550
126.0 92 492 31 62 215 277 92 1508 31 1139 954 123 369 31 1323 3600 431 31 523 3939 31 123 62 800 1323 31 985 1416 31 1385 185 369 22003
127.0 94 503 31 63 220 283 94 1539 31 1162 974 126 377 31 1351 3676 440 31 534 4021 31 126 63 817 1351 31 1005 1445 31 1414 188 377 22462
128.0 96 513 32 64 224 289 96 1571 32 1187 994 128 385 32 1379 3752 449 32 545 4105 32 128 64 834 1379 32 1026 1475 32 1443 192 385 22929
129.0 98 524 33 65 229 295 98 1604 33 1211 1015 131 393 33 1407 3830 458 33 556 4190 33 131 65 851 1407 33 1047 1506 33 1473 196 393 23403
130.0 100 534 33 67 234 301 100 1637 33 1236 1036 134 401 33 1436 3908 468 33 568 4276 33 134 67 869 1436 33 1069 1537 33 1503 200 401 23884
131.0 102 545 34 68 239 307 102 1670 34 1261 1057 136 409 34 1466 3988 477 34 580 4363 34 136 68 886 1466 34 1091 1568 34 1534 205 409 24373
132.0 104 557 35 70 243 313 104 1704 35 1287 1078 139 417 35 1496 4070 487 35 591 4452 35 139 70 904 1496 35 1113 1600 35 1565 209 417 24869
133.0 106 568 35 71 248 319 106 1739 35 1313 1100 142 426 35 1526 4152 497 35 603 4542 35 142 71 923 1526 35 1136 1632 35 1597 213 426 25373
134.0 109 579 36 72 253 326 109 1774 36 1339 1122 145 434 36 1557 4235 507 36 615 4634 36 145 72 941 1557 36 1158 1665 36 1629 217 434 25883
135.0 111 591 37 74 258 332 111 1809 37 1366 1145 148 443 37 1588 4320 517 37 628 4726 37 148 74 960 1588 37 1182 1699 37 1662 222 443 26402
136.0 113 603 38 75 264 339 113 1845 38 1393 1167 151 452 38 1619 4406 527 38 640 4821 38 151 75 979 1619 38 1205 1732 38 1695 226 452 26928
137.0 115 615 38 77 269 346 115 1882 38 1421 1191 154 461 38 1651 4494 538 38 653 4916 38 154 77 999 1651 38 1229 1767 38 1728 230 461 27461
138.0 117 627 39 78 274 352 117 1919 39 1449 1214 157 470 39 1684 4582 548 39 666 5013 39 157 78 1018 1684 39 1253 1801 39 1762 235 470 28002
139.0 120 639 40 80 280 359 120 1957 40 1477 1238 160 479 40 1717 4672 559 40 679 5111 40 160 80 1038 1717 40 1278 1837 40 1797 240 479 28550
140.0 122 651 41 81 285 366 122 1995 41 1506 1262 163 488 41 1750 4763 570 41 692 5211 41 163 81 1058 1750 41 1303 1873 41 1832 244 488 29106
141.0 124 664 41 83 290 373 124 2033 41 1535 1286 166 498 41 1784 4855 581 41 705 5311 41 166 83 1079 1784 41 1328 1909 41 1867 249 498 29669
142.0 127 677 42 85 296 381 127 2072 42 1565 1311 169 508 42 1819 4948 592 42 719 5414 42 169 85 1100 1819 42 1353 1946 42 1903 254 508 30240
143.0 129 690 43 86 302 388 129 2112 43 1595 1336 172 517 43 1853 5043 603 43 733 5517 43 172 86 1121 1853 43 1379 1983 43 1940 259 517 30818
144.0 132 703 44 88 307 395 132 2152 44 1625 1362 176 527 44 1889 5139 615 44 747 5622 44 176 88 1142 1889 44 1406 2020 44 1977 264 527 31404
145.0 134 716 45 90 313 403 134 2193 45 1656 1387 179 537 45 1924 5236 627 45 761 5728 45 179 90 1164 1924 45 1432 2059 45 2014 269 537 31998
146.0 137 729 46 91 319 410 137 2234 46 1687 1413 182 547 46 1961 5334 638 46 775 5836 46 182 91 1185 1961 46 1459 2097 46 2052 274 547 32599
147.0 139 743 46 93 325 418 139 2276 46 1718 1440 186 557 46 1997 5434 650 46 790 5945 46 186 93 1208 1997 46 1486 2136 46 2090 279 557 33208
148.0 142 757 47 95 331 426 142 2318 47 1750 1467 189 568 47 2034 5535 662 47 804 6055 47 189 95 1230 2034 47 1514 2176 47 2129 284 568 33824
149.0 145 771 48 96 337 434 145 2361 48 1783 1494 193 578 48 2072 5637 675 48 819 6167 48 193 96 1253 2072 48 1542 2216 48 2168 289 578 34448
150.0 147 785 49 98 343 442 147 2404 49 1815 1521 196 589 49 2110 5740 687 49 834 6280 49 196 98 1276 2110 49 1570 2257 49 2208 294 589 35079
151.0 150 799 50 100 350 450 150 2448 50 1848 1549 200 599 50 2148 5845 699 50 849 6394 50 200 100 1299 2148 50 1599 2298 50 2248 300 599 35718
152.0 153 814 51 102 356 458 153 2492 51 1882 1577 203 610 51 2187 5951 712 51 865 6510 51 203 102 1322 2187 51 1628 2340 51 2289 305 610 36364
153.0 155 828 52 104 362 466 155 2537 52 1916 1605 207 621 52 2226 6058 725 52 880 6627 52 207 104 1346 2226 52 1657 2382 52 2330 311 621 37018
154.0 158 843 53 105 369 474 158 2582 53 1950 1634 211 632 53 2266 6166 738 53 896 6745 53 211 105 1370 2266 53 1686 2424 53 2371 316 632 37679
155.0 161 858 54 107 375 483 161 2628 54 1984 1663 215 644 54 2306 6275 751 54 912 6865 54 215 107 1394 2306 54 1716 2467 54 2413 322 644 38348
156.0 164 873 55 109 382 491 164 2674 55 2019 1692 218 655 55 2347 6386 764 55 928 6986 55 218 109 1419 2347 55 1747 2511 55 2456 327 655 39023
157.0 167 889 56 111 389 500 167 2721 56 2055 1722 222 666 56 2388 6497 777 56 944 7108 56 222 111 1444 2388 56 1777 2555 56 2499 333 666 39706
158.0 169 904 56 113 395 508 169 2768 56 2090 1751 226 678 56 2429 6610 791 56 960 7232 56 226 113 1469 2429 56 1808 2599 56 2542 339 678 40397
159.0 172 920 57 115 402 517 172 2816 57 2127 1782 230 690 57 2471 6724 805 57 977 7357 57 230 115 1494 2471 57 1839 2644 57 2586 345 690 41094
160.0 175 935 58 117 409 526 175 2865 58 2163 1812 234 702 58 2514 6840 818 58 994 7483 58 234 117 1520 2514 58 1871 2689 58 2631 351 702 41799
161.0 178 951 59 119 416 535 178 2913 59 2200 1843 238 713 59 2557 6956 832 59 1011 7610 59 238 119 1546 2557 59 1903 2735 59 2675 357 713 42510
162.0 181 967 60 121 423 544 181 2963 60 2237 1874 242 726 60 2600 7074 846 60 1028 7739 60 242 121 1572 2600 60 1935 2781 60 2721 363 726 43229
163.0 184 984 61 123 430 553 184 3012 61 2275 1906 246 738 61 2643 7192 861 61 1045 7869 61 246 123 1598 2643 61 1967 2828 61 2766 369 738 43954
164.0 187 1000 62 125 437 562 187 3062 62 2312 1937 250 750 62 2687 7312 875 62 1062 8000 62 250 125 1625 2687 62 2000 2875 62 2812 375 750 44686
165.0 191 1017 64 127 445 572 191 3113 64 2351 1969 254 762 64 2732 7433 889 64 1080 8132 64 254 127 1652 2732 64 2033 2922 64 2859 381 762 45425
166.0 194 1033 65 129 452 581 194 3164 65 2389 2002 258 775 65 2777 7555 904 65 1098 8266 65 258 129 1679 2777 65 2066 2970 65 2906 387 775 46171
167.0 197 1050 66 131 459 591 197 3216 66 2428 2034 263 788 66 2822 7678 919 66 1116 8400 66 263 131 1706 2822 66 2100 3019 66 2953 394 788 46923
168.0 200 1067 67 133 467 600 200 3268 67 2467 2067 267 800 67 2868 7802 934 67 1134 8536 67 267 133 1734 2868 67 2134 3068 67 3001 400 800 47682
169.0 203 1084 68 136 474 610 203 3320 68 2507 2100 271 813 68 2914 7928 949 68 1152 8673 68 271 136 1762 2914 68 2168 3117 68 3049 407 813 48447
170.0 207 1101 69 138 482 620 207 3373 69 2547 2134 275 826 69 2960 8054 964 69 1170 8811 69 275 138 1790 2960 69 2203 3166 69 3098 413 826 49218
171.0 210 1119 70 140 489 629 210 3426 70 2587 2168 280 839 70 3007 8181 979 70 1189 8950 70 280 140 1818 3007 70 2238 3216 70 3147 420 839 49996
172.0 213 1136 71 142 497 639 213 3480 71 2628 2202 284 852 71 3054 8309 994 71 1207 9091 71 284 142 1847 3054 71 2273 3267 71 3196 426 852 50779
173.0 216 1154 72 144 505 649 216 3534 72 2669 2236 288 865 72 3101 8438 1010 72 1226 9232 72 288 144 1875 3101 72 2308 3318 72 3246 433 865 51568
174.0 220 1172 73 146 513 659 220 3589 73 2710 2270 293 879 73 3149 8569 1025 73 1245 9374 73 293 146 1904 3149 73 2344 3369 73 3296 439 879 52364
175.0 223 1190 74 149 520 669 223 3643 74 2751 2305 297 892 74 3197 8700 1041 74 1264 9518 74 297 149 1933 3197 74 2379 3420 74 3346 446 892 53165
176.0 226 1208 75 151 528 679 226 3699 75 2793 2340 302 906 75 3246 8832 1057 75 1283 9662 75 302 151 1963 3246 75 2415 3472 75 3397 453 906 53971
177.0 230 1226 77 153 536 690 230 3754 77 2835 2375 306 919 77 3295 8964 1073 77 1303 9807 77 306 153 1992 3295 77 2452 3524 77 3448 460 919 54783
178.0 233 1244 78 156 544 700 233 3810 78 2877 2411 311 933 78 3344 9098 1089 78 1322 9954 78 311 156 2022 3344 78 2488 3577 78 3499 467 933 55600
179.0 237 1263 79 158 552 710 237 3867 79 2920 2446 316 947 79 3393 9233 1105 79 1342 10101 79 316 158 2052 3393 79 2525 3630 79 3551 473 947 56422
180.0 240 1281 80 160 560 721 240 3923 80 2963 2482 320 961 80 3443 9368 1121 80 1361 10249 80 320 160 2082 3443 80 2562 3683 80 3603 480 961 57249
181.0 244 1300 81 162 569 731 244 3980 81 3006 2518 325 975 81 3493 9504 1137 81 1381 10398 81 325 162 2112 3493 81 2599 3737 81 3655 487 975 58081
182.0 247 1318 82 165 577 742 247 4038 82 3049 2554 330 989 82 3543 9641 1154 82 1401 10547 82 330 165 2142 3543 82 2637 3791 82 3708 494 989 58918
183.0 251 1337 84 167 585 752 251 4095 84 3092 2591 334 1003 84 3594 9779 1170 84 1421 10698 84 334 167 2173 3594 84 2675 3845 84 3761 501 1003 59759
184.0 254 1356 85 170 593 763 254 4153 85 3136 2628 339 1017 85 3645 9917 1187 85 1441 10849 85 339 170 2204 3645 85 2712 3899 85 3814 509 1017 60604
185.0 258 1375 86 172 602 774 258 4211 86 3180 2664 344 1031 86 3696 10056 1203 86 1461 11001 86 344 172 2235 3696 86 2750 3954 86 3868 516 1031 61453
186.0 261 1394 87 174 610 784 261 4270 87 3224 2701 349 1046 87 3747 10196 1220 87 1481 11154 87 349 174 2266 3747 87 2789 4009 87 3921 523 1046 62306
187.0 265 1413 88 177 618 795 265 4329 88 3269 2739 353 1060 88 3799 10336 1237 88 1502 11308 88 353 177 2297 3799 88 2827 4064 88 3975 530 1060 63163
188.0 269 1433 90 179 627 806 269 4388 90 3313 2776 358 1075 90 3850 10477 1254 90 1522 11462 90 358 179 2328 3850 90 2865 4119 90 4029 537 1075 64024
189.0 272 1452 91 182 635 817 272 4447 91 3358 2813 363 1089 91 3902 10618 1271 91 1543 11616 91 363 182 2360 3902 91 2904 4175 91 4084 545 1089 64888
190.0 276 1471 92 184 644 828 276 4506 92 3403 2851 368 1104 92 3954 10760 1288 92 1563 11771 92 368 184 2391 3954 92 2943 4230 92 4138 552 1104 65755
191.0 280 1491 93 186 652 839 280 4566 93 3448 2889 373 1118 93 4007 10902 1305 93 1584 11927 93 373 186 2423 4007 93 2982 4286 93 4193 559 1118 66624
192.0 283 1510 94 189 661 850 283 4626 94 3493 2926 378 1133 94 4059 11045 1322 94 1605 12083 94 378 189 2454 4059 94 3021 4342 94 4248 566 1133 67497
193.0 287 1530 96 191 669 861 287 4686 96 3538 2964 383 1148 96 4112 11188 1339 96 1626 12240 96 383 191 2486 4112 96 3060 4399 96 4303 574 1148 68372
194.0 291 1550 97 194 678 872 291 4746 97 3584 3002 387 1162 97 4165 11332 1356 97 1646 12397 97 387 194 2518 4165 97 3099 4455 97 4358 581 1162 69249
195.0 294 1569 98 196 687 883 294 4806 98 3629 3041 392 1177 98 4218 11476 1373 98 1667 12555 98 392 196 2550 4218 98 3139 4512 98 4414 588 1177 70129
196.0 298 1589 99 199 695 894 298 4866 99 3675 3079 397 1192 99 4271 11620 1390 99 1688 12712 99 397 199 2582 4271 99 3178 4568 99 4469 596 1192 71010
197.0 302 1609 101 201 704 905 302 4927 101 3720 3117 402 1207 101 4324 11764 1408 101 1709 12870 101 402 201 2614 4324 101 3218 4625 101 4525 603 1207 71893
198.0 305 1629 102 204 712 916 305 4987 102 3766 3155 407 1221 102 4377 11909 1425 102 1730 13029 102 407 204 2646 4377 102 3257 4682 102 4580 611 1221 72777
199.0 309 1648 103 206 721 927 309 5048 103 3812 3194 412 1236 103 4430 12054 1442 103 1751 13187 103 412 206 2679 4430 103 3297 4739 103 4636 618 1236 73662
200.0 313 1668 104 209 730 938 313 5109 104 3858 3232 417 1251 104 4483 12199 1460 104 1772 13346 104 417 209 2711 4483 104 3336 4796 104 4692 626 1251 74548
201.0 317 1688 106 211 739 950 317 5170 106 3904 3271 422 1266 106 4537 12344 1477 106 1794 13504 106 422 211 2743 4537 106 3376 4853 106 4748 633 1266 75434
202.0 320 1708 107 213 747 961 320 5230 107 3949 3309 427 1281 107 4590 12489 1494 107 1815 13663 107 427 213 2775 4590 107 3416 4910 107 4803 640 1281 76321
203.0 324 1728 108 216 756 972 324 5291 108 3995 3347 432 1296 108 4643 12634 1512 108 1836 13822 108 432 216 2808 4643 108 3455 4967 108 4859 648 1296 77208
204.0 328 1748 109 218 765 983 328 5352 109 4041 3386 437 1311 109 4697 12779 1529 109 1857 13981 109 437 218 2840 4697 109 3495 5024 109 4915 655 1311 78095
205.0 331 1767 110 221 773 994 331 5413 110 4087 3424 442 1326 110 4750 12924 1546 110 1878 14139 110 442 221 2872 4750 110 3535 5081 110 4971 663 1326 78981
206.0 335 1787 112 223 782 1005 335 5473 112 4133 3463 447 1340 112 4803 13069 1564 112 1899 14298 112 447 223 2904 4803 112 3574 5138 112 5027 670 1340 79866
207.0 339 1807 113 226 791 1016 339 5534 113 4179 3501 452 1355 113 4856 13214 1581 113 1920 14456 113 452 226 2936 4856 113 3614 5195 113 5082 678 1355 80751
208.0 343 1827 114 228 799 1028 343 5595 114 4224 3539 457 1370 114 4909 13358 1598 114 1941 14614 114 457 228 2969 4909 114 3654 5252 114 5138 685 1370 81634
209.0 346 1847 115 231 808 1039 346 5655 115 4270 3578 462 1385 115 4962 13503 1616 115 1962 14772 115 462 231 3001 4962 115 3693 5309 115 5193 692 1385 82516
210.0 350 1866 117 233 816 1050 350 5715 117 4316 3616 467 1400 117 5015 13647 1633 117 1983 14930 117 467 233 3033 5015 117 3732 5365 117 5249 700 1400 83395
211.0 354 1886 118 236 825 1061 354 5775 118 4361 3654 471 1414 118 5068 13790 1650 118 2004 15087 118 471 236 3064 5068 118 3772 5422 118 5304 707 1414 84273
212.0 357 1905 119 238 834 1072 357 5835 119 4406 3692 476 1429 119 5121 13933 1667 119 2024 15243 119 476 238 3096 5121 119 3811 5478 119 5359 715 1429 85148
213.0 361 1925 120 241 842 1083 361 5895 120 4451 3730 481 1444 120 5173 14076 1684 120 2045 15399 120 481 241 3128 5173 120 3850 5534 120 5414 722 1444 86020
214.0 365 1944 122 243 851 1094 365 5955 122 4496 3767 486 1458 122 5226 14218 1701 122 2066 15555 122 486 243 3160 5226 122 3889 5590 122 5469 729 1458 86890
215.0 368 1964 123 245 859 1105 368 6014 123 4541 3805 491 1473 123 5278 14360 1718 123 2086 15710 123 491 245 3191 5278 123 3928 5646 123 5523 736 1473 87756
216.0 372 1983 124 248 868 1115 372 6073 124 4586 3842 496 1487 124 5329 14501 1735 124 2107 15864 124 496 248 3222 5329 124 3966 5701 124 5577 744 1487 88618
217.0 375 2002 125 250 876 1126 375 6132 125 4630 3879 501 1502 125 5381 14642 1752 125 2127 16018 125 501 250 3254 5381 125 4005 5757 125 5631 751 1502 89476
218.0 379 2021 126 253 884 1137 379 6190 126 4674 3916 505 1516 126 5432 14781 1769 126 2148 16171 126 505 253 3285 5432 126 4043 5811 126 5685 758 1516 90331
219.0 383 2040 128 255 893 1148 383 6249 128 4718 3953 510 1530 128 5484 14920 1785 128 2168 16323 128 510 255 3316 5484 128 4081 5866 128 5739 765 1530 91180
220.0 386 2059 129 257 901 1158 386 6307 129 4762 3990 515 1544 129 5534 15059 1802 129 2188 16474 129 515 257 3346 5534 129 4119 5920 129 5792 772 1544 92025
221.0 390 2078 130 260 909 1169 390 6364 130 4806 4026 520 1559 130 5585 15196 1818 130 2208 16625 130 520 260 3377 5585 130 4156 5975 130 5845 779 1559 92865
222.0 393 2097 131 262 917 1179 393 6421 131 4849 4062 524 1573 131 5635 15333 1835 131 2228 16774 131 524 262 3407 5635 131 4194 6028 131 5897 786 1573 93699
223.0 397 2115 132 264 925 1190 397 6478 132 4892 4098 529 1586 132 5685 15468 1851 132 2247 16922 132 529 264 3437 5685 132 4231 6081 132 5949 793 1586 94527
224.0 400 2134 133 267 933 1200 400 6534 133 4934 4134 533 1600 133 5734 15603 1867 133 2267 17070 133 533 267 3467 5734 133 4267 6134 133 6001 800 1600 95349
225.0 403 2152 134 269 941 1210 403 6590 134 4976 4169 538 1614 134 5783 15736 1883 134 2286 17216 134 538 269 3497 5783 134 4304 6187 134 6052 807 1614 96165
226.0 407 2170 136 271 949 1221 407 6646 136 5018 4204 543 1628 136 5832 15869 1899 136 2306 17360 136 543 271 3526 5832 136 4340 6239 136 6103 814 1628 96974
227.0 410 2188 137 274 957 1231 410 6701 137 5060 4239 547 1641 137 5880 16000 1915 137 2325 17504 137 547 274 3556 5880 137 4376 6291 137 6154 821 1641 97776
228.0 414 2206 138 276 965 1241 414 6755 138 5101 4274 551 1654 138 5928 16130 1930 138 2344 17646 138 551 276 3584 5928 138 4412 6342 138 6204 827 1654 98571
229.0 417 2223 139 278 973 1251 417 6809 139 5142 4308 556 1668 139 5975 16259 1945 139 2362 17787 139 556 278 3613 5975 139 4447 6392 139 6253 834 1668 99358
230.0 420 2241 140 280 980 1260 420 6863 140 5182 4342 560 1681 140 6022 16386 1961 140 2381 17927 140 560 280 3641 6022 140 4482 6442 140 6302 840 1681 100137
231.0 423 2258 141 282 988 1270 423 6915 141 5222 4375 565 1694 141 6069 16512 1976 141 2399 18065 141 565 282 3669 6069 141 4516 6492 141 6351 847 1694 100908
232.0 427 2275 142 284 995 1280 427 6968 142 5261 4408 569 1706 142 6114 16637 1991 142 2417 18201 142 569 284 3697 6114 142 4550 6541 142 6399 853 1706 101671
233.0 430 2292 143 287 1003 1289 430 7019 143 5300 4441 573 1719 143 6160 16760 2006 143 2435 18336 143 573 287 3725 6160 143 4584 6590 143 6446 860 1719 102424
234.0 433 2309 144 289 1010 1299 433 7070 144 5339 4473 577 1731 144 6205 16882 2020 144 2453 18469 144 577 289 3752 6205 144 4617 6637 144 6493 866 1731 103168
235.0 436 2325 145 291 1017 1308 436 7121 145 5377 4505 581 1744 145 6249 17002 2034 145 2470 18601 145 581 291 3778 6249 145 4650 6685 145 6539 872 1744 103903
236.0 439 2341 146 293 1024 1317 439 7170 146 5414 4536 585 1756 146 6292 17121 2049 146 2488 18731 146 585 293 3805 6292 146 4683 6731 146 6585 878 1756 104628
237.0 442 2357 147 295 1031 1326 442 7219 147 5451 4567 589 1768 147 6335 17238 2063 147 2505 18859 147 589 295 3831 6335 147 4715 6777 147 6630 884 1768 105342
238.0 445 2373 148 297 1038 1335 445 7268 148 5488 4598 593 1780 148 6378 17353 2076 148 2521 18985 148 593 297 3856 6378 148 4746 6823 148 6674 890 1780 106047
239.0 448 2389 149 299 1045 1344 448 7315 149 5524 4628 597 1791 149 6419 17467 2090 149 2538 19109 149 597 299 3881 6419 149 4777 6867 149 6718 896 1791 106740
240.0 451 2404 150 300 1052 1352 451 7362 150 5559 4658 601 1803 150 6460 17578 2103 150 2554 19231 150 601 300 3906 6460 150 4808 6911 150 6761 901 1803 107423
241.0 454 2419 151 302 1058 1361 454 7408 151 5594 4687 605 1814 151 6501 17688 2117 151 2570 19351 151 605 302 3931 6501 151 4838 6954 151 6803 907 1814 108094
242.0 456 2434 152 304 1065 1369 456 7453 152 5628 4715 608 1825 152 6540 17796 2129 152 2586 19469 152 608 304 3955 6540 152 4867 6997 152 6845 913 1825 108754
243.0 459 2448 153 306 1071 1377 459 7497 153 5661 4743 612 1836 153 6579 17902 2142 153 2601 19585 153 612 306 3978 6579 153 4896 7038 153 6885 918 1836 109402
244.0 462 2462 154 308 1077 1385 462 7541 154 5694 4771 616 1847 154 6618 18006 2155 154 2616 19699 154 616 308 4001 6618 154 4925 7079 154 6925 923 1847 110038
245.0 464 2476 155 310 1083 1393 464 7584 155 5727 4798 619 1857 155 6655 18108 2167 155 2631 19811 155 619 310 4024 6655 155 4953 7119 155 6965 929 1857 110661
246.0 467 2490 156 311 1089 1401 467 7626 156 5758 4824 622 1867 156 6692 18208 2179 156 2646 19920 156 622 311 4046 6692 156 4980 7159 156 7003 934 1867 111271
247.0 469 2503 156 313 1095 1408 469 7667 156 5789 4850 626 1878 156 6728 18306 2190 156 2660 20027 156 626 313 4068 6728 156 5007 7197 156 7041 939 1878 111869
248.0 472 2516 157 315 1101 1415 472 7707 157 5819 4876 629 1887 157 6763 18401 2202 157 2674 20132 157 629 315 4089 6763 157 5033 7235 157 7077 944 1887 112453
249.0 474 2529 158 316 1107 1423 474 7746 158 5849 4900 632 1897 158 6797 18495 2213 158 2687 20234 158 632 316 4110 6797 158 5058 7271 158 7113 948 1897 113024
250.0 477 2542 159 318 1112 1430 477 7784 159 5878 4925 635 1906 159 6831 18586 2224 159 2701 20333 159 635 318 4130 6831 159 5083 7307 159 7148 953 1906 113581
251.0 479 2554 160 319 1117 1437 479 7821 160 5906 4948 638 1915 160 6863 18675 2235 160 2713 20431 160 638 319 4150 6863 160 5108 7342 160 7183 958 1915 114124
252.0 481 2566 160 321 1122 1443 481 7857 160 5933 4971 641 1924 160 6895 18761 2245 160 2726 20525 160 641 321 4169 6895 160 5131 7376 160 7216 962 1924 114653
253.0 483 2577 161 322 1128 1450 483 7893 161 5960 4993 644 1933 161 6926 18846 2255 161 2738 20617 161 644 322 4188 6926 161 5154 7409 161 7248 966 1933 115167
254.0 485 2588 162 324 1132 1456 485 7927 162 5986 5015 647 1941 162 6956 18927 2265 162 2750 20707 162 647 324 4206 6956 162 5177 7442 162 7280 971 1941 115667
255.0 487 2599 162 325 1137 1462 487 7960 162 6011 5036 650 1949 162 6985 19007 2274 162 2762 20794 162 650 325 4224 6985 162 5198 7473 162 7310 975 1949 116152
256.0 489 2610 163 326 1142 1468 489 7992 163 6035 5056 652 1957 163 7014 19083 2283 163 2773 20878 163 652 326 4241 7014 163 5219 7503 163 7340 979 1957 116621
257.0 491 2620 164 327 1146 1474 491 8023 164 6058 5076 655 1965 164 7041 19158 2292 164 2784 20959 164 655 327 4257 7041 164 5240 7532 164 7368 982 1965 117075
258.0 493 2630 164 329 1150 1479 493 8053 164 6081 5095 657 1972 164 7067 19229 2301 164 2794 21037 164 657 329 4273 7067 164 5259 7560 164 7396 986 1972 117513
259.0 495 2639 165 330 1155 1485 495 8082 165 6103 5113 660 1979 165 7093 19299 2309 165 2804 21113 165 660 330 4289 7093 165 5278 7587 165 7423 990 1979 117936
260.0 497 2648 166 331 1159 1490 497 8110 166 6124 5131 662 1986 166 7117 19365 2317 166 2814 21186 166 662 331 4303 7117 166 5296 7614 166 7448 993 1986 118342
261.0 498 2657 166 332 1162 1495 498 8137 166 6144 5148 664 1993 166 7141 19429 2325 166 2823 21256 166 664 332 4318 7141 166 5314 7639 166 7473 996 1993 118732
262.0 500 2665 167 333 1166 1499 500 8163 167 6164 5164 666 1999 167 7163 19490 2332 167 2832 21323 167 666 333 4331 7163 167 5331 7663 167 7496 999 1999 119106
263.0 501 2673 167 334 1170 1504 501 8187 167 6182 5180 668 2005 167 7185 19549 2339 167 2840 21386 167 668 334 4344 7185 167 5347 7686 167 7519 1002 2005 119464
264.0 503 2681 168 335 1173 1508 503 8210 168 6200 5194 670 2011 168 7205 19604 2346 168 2848 21447 168 670 335 4357 7205 168 5362 7708 168 7540 1005 2011 119804
265.0 504 2688 168 336 1176 1512 504 8233 168 6216 5208 672 2016 168 7224 19657 2352 168 2856 21505 168 672 336 4368 7224 168 5376 7729 168 7560 1008 2016 120128
266.0 505 2695 168 337 1179 1516 505 8254 168 6232 5222 674 2021 168 7243 19707 2358 168 2863 21560 168 674 337 4379 7243 168 5390 7748 168 7580 1011 2021 120434
267.0 507 2702 169 338 1182 1520 507 8273 169 6247 5234 675 2026 169 7260 19755 2364 169 2870 21612 169 675 338 4390 7260 169 5403 7767 169 7598 1013 2026 120724
268.0 508 2708 169 338 1185 1523 508 8292 169 6261 5246 677 2031 169 7277 19799 2369 169 2877 21661 169 677 338 4400 7277 169 5415 7784 169 7615 1015 2031 120996
269.0 509 2713 170 339 1187 1526 509 8309 170 6274 5257 678 2035 170 7292 19841 2374 170 2883 21706 170 678 339 4409 7292 170 5427 7801 170 7631 1017 2035 121250
270.0 510 2719 170 340 1189 1529 510 8326 170 6287 5267 680 2039 170 7306 19880 2379 170 2889 21749 170 680 340 4418 7306 170 5437 7816 170 7646 1019 2039 121487
271.0 511 2723 170 340 1192 1532 511 8341 170 6298 5277 681 2043 170 7319 19916 2383 170 2894 21788 170 681 340 4426 7319 170 5447 7830 170 7660 1021 2043 121706
272.0 511 2728 170 341 1193 1534 511 8354 170 6308 5285 682 2046 170 7331 19948 2387 170 2898 21824 170 682 341 4433 7331 170 5456 7843 170 7672 1023 2046 121907
273.0 512 2732 171 342 1195 1537 512 8367 171 6318 5293 683 2049 171 7343 19978 2391 171 2903 21857 171 683 342 4440 7343 171 5464 7855 171 7684 1025 2049 122091
274.0 513 2736 171 342 1197 1539 513 8378 171 6327 5301 684 2052 171 7352 20006 2394 171 2907 21886 171 684 342 4446 7352 171 5472 7865 171 7694 1026 2052 122256
275.0 514 2739 171 342 1198 1541 514 8388 171 6334 5307 685 2054 171 7361 20030 2397 171 2910 21913 171 685 342 4451 7361 171 5478 7875 171 7704 1027 2054 122403
276.0 514 2742 171 343 1200 1542 514 8397 171 6341 5313 685 2056 171 7369 20051 2399 171 2913 21936 171 685 343 4456 7369 171 5484 7883 171 7712 1028 2056 122532
277.0 515 2744 172 343 1201 1544 515 8405 172 6347 5317 686 2058 172 7376 20069 2401 172 2916 21956 172 686 343 4460 7376 172 5489 7890 172 7719 1029 2058 122643
278.0 515 2747 172 343 1202 1545 515 8411 172 6351 5321 687 2060 172 7381 20084 2403 172 2918 21972 172 687 343 4463 7381 172 5493 7896 172 7725 1030 2060 122735
279.0 515 2748 172 344 1202 1546 515 8416 172 6355 5325 687 2061 172 7386 20096 2405 172 2920 21985 172 687 344 4466 7386 172 5496 7901 172 7729 1031 2061 122809
280.0 516 2749 172 344 1203 1547 516 8420 172 6358 5327 687 2062 172 7389 20105 2406 172 2921 21995 172 687 344 4468 7389 172 5499 7905 172 7733 1031 2062 122865
281.0 516 2750 172 344 1203 1547 516 8423 172 6360 5329 688 2063 172 7391 20111 2406 172 2922 22002 172 688 344 4469 7391 172 5501 7907 172 7735 1031 2063 122902
282.0 516 2751 172 344 1203 1547 516 8424 172 6361 5329 688 2063 172 7392 20114 2407 172 2923 22005 172 688 344 4470 7392 172 5501 7908 172 7736 1032 2063 122921
283.0 516 2751 172 344 1203 1547 516 8424 172 6361 5329 688 2063 172 7392 20114 2407 172 2923 22006 172 688 344 4470 7392 172 5501 7908 172 7736 1032 2063 122922
284.0 516 2750 172 344 1203 1547 516 8423 172 6360 5329 688 2063 172 7391 20111 2407 172 2922 22002 172 688 344 4469 7391 172 5501 7907 172 7735 1031 2063 122903
285.0 516 2749 172 344 1203 1547 516 8420 172 6358 5327 687 2062 172 7389 20105 2406 172 2921 21996 172 687 344 4468 7389 172 5499 7905 172 7733 1031 2062 122867
286.0 515 2748 172 344 1202 1546 515 8416 172 6355 5325 687 2061 172 7386 20096 2405 172 2920 21986 172 687 344 4466 7386 172 5496 7901 172 7729 1031 2061 122812
287.0 515 2747 172 343 1202 1545 515 8411 172 6352 5322 687 2060 172 7381 20084 2403 172 2918 21973 172 687 343 4463 7381 172 5493 7896 172 7725 1030 2060 122738
288.0 515 2745 172 343 1201 1544 515 8405 172 6347 5318 686 2058 172 7376 20069 2401 172 2916 21956 172 686 343 4460 7376 172 5489 7891 172 7719 1029 2058 122647
289.0 514 2742 171 343 1200 1542 514 8398 171 6341 5313 686 2057 171 7369 20051 2399 171 2913 21937 171 686 343 4456 7369 171 5484 7883 171 7712 1028 2057 122537
290.0 514 2739 171 342 1198 1541 514 8389 171 6334 5307 685 2054 171 7362 20030 2397 171 2910 21914 171 685 342 4451 7362 171 5478 7875 171 7704 1027 2054 122408
291.0 513 2736 171 342 1197 1539 513 8379 171 6327 5301 684 2052 171 7353 20006 2394 171 2907 21887 171 684 342 4446 7353 171 5472 7866 171 7695 1026 2052 122261
292.0 512 2732 171 342 1195 1537 512 8367 171 6318 5294 683 2049 171 7343 19979 2391 171 2903 21858 171 683 342 4440 7343 171 5464 7855 171 7684 1025 2049 122096
293.0 512 2728 171 341 1194 1535 512 8355 171 6309 5286 682 2046 171 7332 19949 2387 171 2899 21825 171 682 341 4433 7332 171 5456 7843 171 7673 1023 2046 121914
294.0 511 2724 170 340 1192 1532 511 8341 170 6298 5277 681 2043 170 7320 19917 2383 170 2894 21789 170 681 340 4426 7320 170 5447 7830 170 7660 1021 2043 121713
295.0 510 2719 170 340 1189 1529 510 8326 170 6287 5268 680 2039 170 7307 19881 2379 170 2889 21750 170 680 340 4418 7307 170 5437 7816 170 7646 1020 2039 121494
296.0 509 2713 170 339 1187 1526 509 8310 170 6275 5257 678 2035 170 7292 19842 2374 170 2883 21708 170 678 339 4409 7292 170 5427 7801 170 7632 1018 2035 121257
297.0 508 2708 169 338 1185 1523 508 8292 169 6262 5246 677 2031 169 7277 19800 2369 169 2877 21662 169 677 338 4400 7277 169 5415 7785 169 7616 1015 2031 121003
298.0 507 2702 169 338 1182 1520 507 8274 169 6248 5234 675 2026 169 7261 19756 2364 169 2871 21613 169 675 338 4390 7261 169 5403 7767 169 7598 1013 2026 120731
299.0 505 2695 168 337 1179 1516 505 8254 168 6233 5222 674 2021 168 7243 19709 2358 168 2864 21561 168 674 337 4380 7243 168 5390 7749 168 7580 1011 2021 120441
300.0 504 2688 168 336 1176 1512 504 8233 168 6217 5209 672 2016 168 7225 19658 2352 168 2856 21507 168 672 336 4369 7225 168 5377 7729 168 7561 1008 2016 120134
301.0 503 2681 168 335 1173 1508 503 8211 168 6200 5195 670 2011 168 7205 19605 2346 168 2849 21449 168 670 335 4357 7205 168 5362 7708 168 7541 1005 2011 119810
302.0 501 2673 167 334 1170 1504 501 8187 167 6182 5180 668 2005 167 7185 19550 2339 167 2841 21388 167 668 334 4344 7185 167 5347 7686 167 7519 1003 2005 119469
303.0 500 2665 167 333 1166 1499 500 8163 167 6164 5164 666 1999 167 7163 19491 2332 167 2832 21323 167 666 333 4331 7163 167 5331 7663 167 7497 1000 1999 119111
304.0 498 2657 166 332 1162 1495 498 8137 166 6144 5148 664 1993 166 7141 19430 2325 166 2823 21256 166 664 332 4318 7141 166 5314 7639 166 7473 996 1993 118737
305.0 497 2648 166 331 1159 1490 497 8110 166 6124 5131 662 1986 166 7117 19366 2317 166 2814 21186 166 662 331 4303 7117 166 5297 7614 166 7448 993 1986 118346
306.0 495 2639 165 330 1155 1485 495 8082 165 6103 5113 660 1979 165 7093 19299 2309 165 2804 21113 165 660 330 4289 7093 165 5278 7588 165 7423 990 1979 117938
307.0 493 2630 164 329 1150 1479 493 8053 164 6081 5095 657 1972 164 7067 19230 2301 164 2794 21038 164 657 329 4273 7067 164 5259 7560 164 7396 986 1972 117515
308.0 491 2620 164 327 1146 1474 491 8023 164 6058 5076 655 1965 164 7041 19158 2292 164 2784 20959 164 655 327 4257 7041 164 5240 7532 164 7368 982 1965 117075
309.0 489 2610 163 326 1142 1468 489 7992 163 6035 5056 652 1957 163 7013 19083 2283 163 2773 20877 163 652 326 4241 7013 163 5219 7503 163 7340 979 1957 116620
310.0 487 2599 162 325 1137 1462 487 7960 162 6010 5036 650 1949 162 6985 19006 2274 162 2762 20793 162 650 325 4224 6985 162 5198 7473 162 7310 975 1949 116149
311.0 485 2588 162 324 1132 1456 485 7927 162 5985 5015 647 1941 162 6956 18927 2265 162 2750 20706 162 647 324 4206 6956 162 5177 7441 162 7279 971 1941 115663
312.0 483 2577 161 322 1127 1450 483 7892 161 5959 4993 644 1933 161 6926 18845 2255 161 2738 20616 161 644 322 4188 6926 161 5154 7409 161 7248 966 1933 115161
313.0 481 2565 160 321 1122 1443 481 7857 160 5933 4971 641 1924 160 6895 18760 2245 160 2726 20524 160 641 321 4169 6895 160 5131 7376 160 7215 962 1924 114645
314.0 479 2554 160 319 1117 1436 479 7820 160 5905 4948 638 1915 160 6863 18673 2234 160 2713 20429 160 638 319 4150 6863 160 5107 7342 160 7182 958 1915 114114
315.0 477 2541 159 318 1112 1430 477 7783 159 5877 4924 635 1906 159 6830 18584 2224 159 2700 20331 159 635 318 4130 6830 159 5083 7307 159 7148 953 1906 113569
316.0 474 2529 158 316 1106 1422 474 7745 158 5848 4900 632 1897 158 6796 18492 2213 158 2687 20231 158 632 316 4109 6796 158 5058 7271 158 7112 948 1897 113009
317.0 472 2516 157 315 1101 1415 472 7705 157 5818 4875 629 1887 157 6762 18399 2202 157 2673 20128 157 629 315 4089 6762 157 5032 7234 157 7076 944 1887 112436
318.0 469 2503 156 313 1095 1408 469 7665 156 5788 4849 626 1877 156 6727 18303 2190 156 2659 20023 156 626 313 4067 6727 156 5006 7196 156 7039 939 1877 111849
319.0 467 2489 156 311 1089 1400 467 7624 156 5757 4823 622 1867 156 6690 18204 2178 156 2645 19916 156 622 311 4045 6690 156 4979 7157 156 7002 934 1867 111248
320.0 464 2476 155 309 1083 1393 464 7582 155 5725 4797 619 1857 155 6654 18104 2166 155 2630 19806 155 619 309 4023 6654 155 4951 7118 155 6963 928 1857 110635
321.0 462 2462 154 308 1077 1385 462 7539 154 5693 4770 615 1846 154 6616 18001 2154 154 2616 19694 154 615 308 4000 6616 154 4923 7077 154 6924 923 1846 110008
322.0 459 2447 153 306 1071 1377 459 7495 153 5660 4742 612 1836 153 6577 17897 2141 153 2600 19579 153 612 306 3977 6577 153 4895 7036 153 6883 918 1836 109369
323.0 456 2433 152 304 1064 1368 456 7451 152 5626 4714 608 1825 152 6538 17790 2129 152 2585 19463 152 608 304 3953 6538 152 4866 6994 152 6842 912 1825 108718
324.0 453 2418 151 302 1058 1360 453 7405 151 5592 4685 604 1813 151 6498 17682 2116 151 2569 19344 151 604 302 3929 6498 151 4836 6952 151 6801 907 1813 108054
325.0 451 2403 150 300 1051 1352 451 7359 150 5557 4656 601 1802 150 6458 17571 2103 150 2553 19223 150 601 300 3905 6458 150 4806 6908 150 6758 901 1802 107379
326.0 448 2388 149 298 1045 1343 448 7312 149 5521 4626 597 1791 149 6416 17459 2089 149 2537 19100 149 597 298 3880 6416 149 4775 6864 149 6715 895 1791 106692
327.0 445 2372 148 296 1038 1334 445 7264 148 5485 4596 593 1779 148 6375 17345 2075 148 2520 18975 148 593 296 3854 6375 148 4744 6819 148 6671 889 1779 105995
328.0 442 2356 147 295 1031 1325 442 7215 147 5448 4565 589 1767 147 6332 17229 2062 147 2503 18848 147 589 295 3829 6332 147 4712 6774 147 6626 884 1767 105286
329.0 439 2340 146 292 1024 1316 439 7166 146 5411 4534 585 1755 146 6289 17111 2047 146 2486 18720 146 585 292 3802 6289 146 4680 6727 146 6581 877 1755 104567
330.0 436 2324 145 290 1017 1307 436 7116 145 5373 4502 581 1743 145 6245 16992 2033 145 2469 18589 145 581 290 3776 6245 145 4647 6680 145 6535 871 1743 103837
331.0 433 2307 144 288 1009 1298 433 7065 144 5335 4470 577 1730 144 6200 16871 2019 144 2451 18457 144 577 288 3749 6200 144 4614 6633 144 6489 865 1730 103098
332.0 429 2290 143 286 1002 1288 429 7014 143 5296 4438 573 1718 143 6155 16748 2004 143 2433 18323 143 573 286 3722 6155 143 4581 6585 143 6442 859 1718 102349
333.0 426 2273 142 284 995 1279 426 6962 142 5257 4405 568 1705 142 6110 16624 1989 142 2415 18187 142 568 284 3694 6110 142 4547 6536 142 6394 853 1705 101591
334.0 423 2256 141 282 987 1269 423 6910 141 5217 4371 564 1692 141 6063 16498 1974 141 2397 18049 141 564 282 3666 6063 141 4512 6487 141 6346 846 1692 100823
335.0 420 2239 140 280 979 1259 420 6856 140 5177 4338 560 1679 140 6017 16371 1959 140 2379 17911 140 560 280 3638 6017 140 4478 6437 140 6297 840 1679 100047
336.0 416 2221 139 278 972 1249 416 6803 139 5137 4304 555 1666 139 5970 16243 1944 139 2360 17770 139 555 278 3610 5970 139 4443 6386 139 6247 833 1666 99262
337.0 413 2204 138 275 964 1239 413 6748 138 5096 4269 551 1653 138 5922 16113 1928 138 2341 17628 138 551 275 3581 5922 138 4407 6335 138 6197 826 1653 98470
338.0 410 2186 137 273 956 1229 410 6693 137 5054 4235 546 1639 137 5874 15982 1912 137 2322 17485 137 546 273 3552 5874 137 4371 6284 137 6147 820 1639 97670
339.0 406 2168 135 271 948 1219 406 6638 135 5012 4200 542 1626 135 5825 15850 1897 135 2303 17340 135 542 271 3522 5825 135 4335 6232 135 6096 813 1626 96862
340.0 403 2149 134 269 940 1209 403 6582 134 4970 4164 537 1612 134 5776 15717 1881 134 2284 17194 134 537 269 3493 5776 134 4299 6179 134 6045 806 1612 96047
341.0 400 2131 133 266 932 1199 400 6526 133 4928 4129 533 1598 133 5727 15582 1865 133 2264 17047 133 533 266 3463 5727 133 4262 6126 133 5993 799 1598 95225
342.0 396 2112 132 264 924 1188 396 6469 132 4885 4093 528 1584 132 5677 15447 1848 132 2244 16899 132 528 264 3433 5677 132 4225 6073 132 5941 792 1584 94397
343.0 393 2094 131 262 916 1178 393 6412 131 4842 4057 523 1570 131 5627 15310 1832 131 2225 16750 131 523 262 3402 5627 131 4187 6019 131 5889 785 1570 93562
344.0 389 2075 130 259 908 1167 389 6354 130 4798 4020 519 1556 130 5576 15173 1816 130 2205 16599 130 519 259 3372 5576 130 4150 5965 130 5836 778 1556 92722
345.0 385 2056 128 257 899 1156 385 6296 128 4754 3983 514 1542 128 5525 15034 1799 128 2184 16448 128 514 257 3341 5525 128 4112 5911 128 5782 771 1542 91876
346.0 382 2037 127 255 891 1146 382 6238 127 4710 3947 509 1528 127 5474 14895 1782 127 2164 16295 127 509 255 3310 5474 127 4074 5856 127 5729 764 1528 91025
347.0 378 2018 126 252 883 1135 378 6179 126 4666 3909 504 1513 126 5423 14755 1766 126 2144 16142 126 504 252 3279 5423 126 4036 5801 126 5675 757 1513 90169
348.0 375 1999 125 250 874 1124 375 6120 125 4622 3872 500 1499 125 5371 14614 1749 125 2123 15988 125 500 250 3248 5371 125 3997 5746 125 5621 749 1499 89308
349.0 371 1979 124 247 866 1113 371 6061 124 4577 3835 495 1484 124 5319 14473 1732 124 2103 15833 124 495 247 3216 5319 124 3958 5690 124 5566 742 1484 88444
350.0 367 1960 122 245 857 1102 367 6002 122 4532 3797 490 1470 122 5267 14330 1715 122 2082 15678 122 490 245 3185 5267 122 3919 5634 122 5512 735 1470 87575
351.0 364 1940 121 243 849 1091 364 5942 121 4487 3759 485 1455 121 5214 14188 1698 121 2061 15522 121 485 243 3153 5214 121 3880 5578 121 5457 728 1455 86702
352.0 360 1921 120 240 840 1080 360 5882 120 4441 3721 480 1440 120 5162 14044 1681 120 2041 15365 120 480 240 3121 5162 120 3841 5522 120 5402 720 1440 85826
353.0 356 1901 119 238 832 1069 356 5822 119 4396 3683 475 1426 119 5109 13900 1663 119 2020 15207 119 475 238 3089 5109 119 3802 5465 119 5346 713 1426 84947
354.0 353 1881 118 235 823 1058 353 5761 118 4350 3645 470 1411 118 5056 13756 1646 118 1999 15049 118 470 235 3057 5056 118 3762 5408 118 5291 705 1411 84066
355.0 349 1861 116 233 814 1047 349 5701 116 4304 3606 465 1396 116 5003 13611 1629 116 1978 14891 116 465 233 3025 5003 116 3723 5352 116 5235 698 1396 83181
356.0 345 1842 115 230 806 1036 345 5640 115 4259 3568 460 1381 115 4949 13466 1611 115 1957 14733 115 460 230 2993 4949 115 3683 5295 115 5179 691 1381 82295
357.0 342 1822 114 228 797 1025 342 5579 114 4213 3530 455 1366 114 4896 13321 1594 114 1936 14574 114 455 228 2960 4896 114 3643 5237 114 5124 683 1366 81407
358.0 338 1802 113 225 788 1014 338 5518 113 4167 3491 450 1351 113 4842 13176 1577 113 1914 14414 113 450 225 2928 4842 113 3604 5180 113 5068 676 1351 80517
359.0 334 1782 111 223 780 1002 334 5457 111 4120 3452 445 1336 111 4789 13030 1559 111 1893 14255 111 445 223 2895 4789 111 3564 5123 111 5011 668 1336 79626
360.0 330 1762 110 220 771 991 330 5396 110 4074 3414 440 1321 110 4735 12884 1542 110 1872 14095 110 440 220 2863 4735 110 3524 5065 110 4955 661 1321 78734
361.0 327 1742 109 218 762 980 327 5335 109 4028 3375 435 1306 109 4681 12738 1524 109 1851 13935 109 435 218 2831 4681 109 3484 5008 109 4899 653 1306 77841
362.0 323 1722 108 215 753 969 323 5273 108 3982 3336 430 1291 108 4628 12591 1507 108 1830 13775 108 430 215 2798 4628 108 3444 4950 108 4843 646 1291 76948
363.0 319 1702 106 213 745 957 319 5212 106 3936 3297 425 1276 106 4574 12445 1489 106 1808 13615 106 425 213 2766 4574 106 3404 4893 106 4787 638 1276 76054
364.0 315 1682 105 210 736 946 315 5151 105 3889 3259 420 1261 105 4520 12299 1472 105 1787 13455 105 420 210 2733 4520 105 3364 4836 105 4730 631 1261 75161
365.0 312 1662 104 208 727 935 312 5090 104 3843 3220 415 1246 104 4466 12153 1454 104 1766 13296 104 415 208 2701 4466 104 3324 4778 104 4674 623 1246 74268
