Covid-19 Population Estimated by PSD Model @ CDS/IISc
Day AN AP AR AS BR CH CT DL GA GJ HR HP JK JH KA KL LA LD MP MH MN OR PY PB RJ SK TN TG TR UP UT WB Total
0.0 3 17 1 2 7 9 3 51 1 38 32 4 12 1 45 121 14 1 18 132 1 4 2 27 45 1 33 48 1 47 6 12 740
1.0 4 20 1 3 9 11 4 62 1 47 39 5 15 1 54 148 18 1 21 162 1 5 3 33 54 1 40 58 1 57 8 15 902
2.0 4 23 1 3 10 13 4 72 1 54 45 6 18 1 63 171 20 1 25 187 1 6 3 38 63 1 47 67 1 66 9 18 1045
3.0 5 27 2 3 12 15 5 81 2 61 51 7 20 2 71 194 23 2 28 212 2 7 3 43 71 2 53 76 2 75 10 20 1187
4.0 6 30 2 4 13 17 6 92 2 69 58 7 22 2 81 219 26 2 32 240 2 7 4 49 81 2 60 86 2 84 11 22 1340
5.0 6 34 2 4 15 19 6 104 2 78 65 8 25 2 91 247 30 2 36 270 2 8 4 55 91 2 68 97 2 95 13 25 1510
6.0 7 38 2 5 17 21 7 117 2 88 74 10 29 2 102 279 33 2 40 305 2 10 5 62 102 2 76 109 2 107 14 29 1702
7.0 8 43 3 5 19 24 8 131 3 99 83 11 32 3 115 314 38 3 46 343 3 11 5 70 115 3 86 123 3 121 16 32 1917
8.0 9 48 3 6 21 27 9 148 3 112 94 12 36 3 130 353 42 3 51 387 3 12 6 79 130 3 97 139 3 136 18 36 2160
9.0 10 54 3 7 24 31 10 167 3 126 105 14 41 3 146 398 48 3 58 435 3 14 7 88 146 3 109 156 3 153 20 41 2431
10.0 11 61 4 8 27 34 11 187 4 142 119 15 46 4 165 448 54 4 65 490 4 15 8 99 165 4 122 176 4 172 23 46 2735
11.0 13 69 4 9 30 39 13 211 4 159 133 17 52 4 185 503 60 4 73 551 4 17 9 112 185 4 138 198 4 194 26 52 3076
12.0 14 77 5 10 34 43 14 237 5 179 150 19 58 5 208 565 68 5 82 619 5 19 10 126 208 5 155 222 5 217 29 58 3455
13.0 16 87 5 11 38 49 16 266 5 201 168 22 65 5 233 635 76 5 92 694 5 22 11 141 233 5 174 250 5 244 33 65 3878
14.0 18 97 6 12 43 55 18 298 6 225 189 24 73 6 262 712 85 6 103 779 6 24 12 158 262 6 195 280 6 274 36 73 4349
15.0 20 109 7 14 48 61 20 334 7 252 211 27 82 7 293 797 95 7 116 872 7 27 14 177 293 7 218 313 7 307 41 82 4871
16.0 23 122 8 15 53 68 23 373 8 281 236 30 91 8 327 890 107 8 129 974 8 30 15 198 327 8 243 350 8 342 46 91 5440
17.0 25 135 8 17 59 76 25 415 8 313 262 34 102 8 364 990 118 8 144 1083 8 34 17 220 364 8 271 389 8 381 51 102 6050
18.0 28 150 9 19 66 84 28 459 9 347 290 37 112 9 403 1096 131 9 159 1199 9 37 19 244 403 9 300 431 9 422 56 112 6700
19.0 31 165 10 21 72 93 31 506 10 382 320 41 124 10 444 1209 145 10 176 1322 10 41 21 269 444 10 331 475 10 465 62 124 7387
20.0 34 181 11 23 79 102 34 556 11 419 351 45 136 11 488 1326 159 11 193 1451 11 45 23 295 488 11 363 522 11 510 68 136 8106
21.0 37 198 12 25 87 111 37 607 12 458 384 50 149 12 533 1449 173 12 211 1585 12 50 25 322 533 12 396 570 12 557 74 149 8856
22.0 40 215 13 27 94 121 40 660 13 498 417 54 162 13 579 1575 188 13 229 1723 13 54 27 350 579 13 431 619 13 606 81 162 9626
23.0 44 234 15 29 102 132 44 716 15 541 453 58 175 15 628 1710 205 15 248 1871 15 58 29 380 628 15 468 672 15 658 88 175 10450
24.0 48 253 16 32 111 143 48 776 16 586 491 63 190 16 681 1853 222 16 269 2027 16 63 32 412 681 16 507 729 16 713 95 190 11325
25.0 51 274 17 34 120 154 51 840 17 634 531 69 206 17 737 2005 240 17 291 2193 17 69 34 446 737 17 548 788 17 771 103 206 12252
26.0 56 296 19 37 130 167 56 907 19 685 574 74 222 19 796 2166 259 19 315 2369 19 74 37 481 796 19 592 851 19 833 111 222 13235
27.0 60 319 20 40 140 180 60 978 20 739 619 80 240 20 859 2336 280 20 339 2556 20 80 40 519 859 20 639 918 20 898 120 240 14275
28.0 65 344 22 43 151 194 65 1054 22 796 667 86 258 22 925 2516 301 22 366 2753 22 86 43 559 925 22 688 989 22 968 129 258 15378
29.0 69 370 23 46 162 208 69 1134 23 856 717 93 278 23 995 2708 324 23 393 2962 23 93 46 602 995 23 741 1065 23 1041 139 278 16547
30.0 75 398 25 50 174 224 75 1219 25 920 771 100 299 25 1070 2910 348 25 423 3184 25 100 50 647 1070 25 796 1144 25 1119 149 299 17786
31.0 80 427 27 53 187 240 80 1309 27 988 828 107 321 27 1149 3125 374 27 454 3419 27 107 53 694 1149 27 855 1229 27 1202 160 321 19098
32.0 86 458 29 57 201 258 86 1404 29 1060 888 115 344 29 1232 3352 401 29 487 3668 29 115 57 745 1232 29 917 1318 29 1289 172 344 20487
33.0 92 491 31 61 215 276 92 1505 31 1136 952 123 368 31 1320 3593 430 31 522 3931 31 123 61 798 1320 31 983 1413 31 1382 184 368 21956
34.0 99 526 33 66 230 296 99 1611 33 1217 1019 132 395 33 1414 3847 460 33 559 4209 33 132 66 855 1414 33 1052 1513 33 1480 197 395 23510
35.0 106 563 35 70 246 317 106 1724 35 1302 1091 141 422 35 1513 4116 493 35 598 4503 35 141 70 915 1513 35 1126 1618 35 1583 211 422 25153
36.0 113 602 38 75 263 338 113 1843 38 1391 1166 150 451 38 1617 4400 526 38 639 4814 38 150 75 978 1617 38 1203 1730 38 1692 226 451 26889
37.0 120 642 40 80 281 361 120 1967 40 1485 1244 161 482 40 1726 4697 562 40 682 5138 40 161 80 1044 1726 40 1285 1847 40 1806 241 482 28702
38.0 128 684 43 86 299 385 128 2096 43 1582 1326 171 513 43 1839 5004 599 43 727 5474 43 171 86 1112 1839 43 1369 1967 43 1924 257 513 30578
39.0 136 728 45 91 318 409 136 2228 45 1683 1410 182 546 45 1955 5320 637 45 773 5821 45 182 91 1182 1955 45 1455 2092 45 2046 273 546 32513
40.0 145 772 48 97 338 434 145 2364 48 1785 1496 193 579 48 2075 5646 676 48 820 6177 48 193 97 1255 2075 48 1544 2220 48 2171 290 579 34502
41.0 153 818 51 102 358 460 153 2504 51 1891 1584 204 613 51 2197 5979 715 51 869 6541 51 204 102 1329 2197 51 1635 2351 51 2300 307 613 36537
42.0 162 864 54 108 378 486 162 2646 54 1998 1674 216 648 54 2322 6318 756 54 918 6912 54 216 108 1404 2322 54 1728 2484 54 2430 324 648 38610
43.0 171 911 57 114 399 512 171 2790 57 2107 1765 228 683 57 2448 6662 797 57 968 7288 57 228 114 1480 2448 57 1822 2619 57 2562 342 683 40712
44.0 180 958 60 120 419 539 180 2935 60 2216 1857 240 719 60 2576 7009 839 60 1018 7668 60 240 120 1558 2576 60 1917 2756 60 2696 359 719 42832
45.0 189 1006 63 126 440 566 189 3081 63 2327 1949 252 755 63 2704 7357 880 63 1069 8049 63 252 126 1635 2704 63 2012 2893 63 2830 377 755 44960
46.0 198 1054 66 132 461 593 198 3227 66 2437 2041 263 790 66 2832 7705 922 66 1120 8429 66 263 132 1712 2832 66 2107 3029 66 2963 395 790 47086
47.0 206 1101 69 138 482 619 206 3372 69 2546 2133 275 826 69 2959 8050 963 69 1170 8807 69 275 138 1789 2959 69 2202 3165 69 3096 413 826 49197
48.0 215 1148 72 143 502 646 215 3515 72 2654 2223 287 861 72 3084 8392 1004 72 1219 9181 72 287 143 1865 3084 72 2295 3299 72 3228 430 861 51283
49.0 224 1193 75 149 522 671 224 3655 75 2760 2312 298 895 75 3207 8727 1044 75 1268 9547 75 298 149 1939 3207 75 2387 3431 75 3357 448 895 53332
50.0 232 1238 77 155 542 696 232 3792 77 2863 2399 310 929 77 3328 9054 1083 77 1316 9905 77 310 155 2012 3328 77 2476 3560 77 3482 464 929 55331
51.0 240 1282 80 160 561 721 240 3925 80 2964 2483 320 961 80 3444 9372 1121 80 1362 10253 80 320 160 2083 3444 80 2563 3685 80 3604 481 961 57271
52.0 248 1325 83 166 580 745 248 4057 83 3063 2566 331 993 83 3560 9686 1159 83 1407 10597 83 331 166 2152 3560 83 2649 3808 83 3725 497 993 59192
53.0 256 1368 85 171 598 769 256 4189 85 3163 2650 342 1026 85 3676 10003 1197 85 1453 10944 85 342 171 2223 3676 85 2736 3933 85 3847 513 1026 61132
54.0 265 1412 88 176 618 794 265 4323 88 3265 2735 353 1059 88 3794 10323 1235 88 1500 11294 88 353 176 2294 3794 88 2823 4059 88 3970 529 1059 63086
55.0 273 1456 91 182 637 819 273 4459 91 3367 2821 364 1092 91 3913 10646 1274 91 1547 11647 91 364 182 2366 3913 91 2912 4186 91 4095 546 1092 65058
56.0 281 1500 94 188 656 844 281 4595 94 3470 2907 375 1125 94 4032 10972 1313 94 1594 12003 94 375 188 2438 4032 94 3001 4314 94 4220 563 1125 67049
57.0 290 1545 97 193 676 869 290 4733 97 3574 2994 386 1159 97 4154 11301 1352 97 1642 12364 97 386 193 2511 4154 97 3091 4443 97 4347 580 1159 69064
58.0 298 1591 99 199 696 895 298 4873 99 3680 3083 398 1193 99 4276 11636 1392 99 1691 12730 99 398 199 2586 4276 99 3182 4575 99 4475 597 1193 71107
59.0 307 1638 102 205 716 921 307 5015 102 3787 3173 409 1228 102 4401 11975 1433 102 1740 13101 102 409 205 2661 4401 102 3275 4708 102 4606 614 1228 73182
60.0 316 1685 105 211 737 948 316 5160 105 3896 3264 421 1264 105 4528 12321 1474 105 1790 13479 105 421 211 2738 4528 105 3370 4844 105 4739 632 1264 75292
61.0 325 1733 108 217 758 975 325 5307 108 4007 3358 433 1300 108 4657 12672 1516 108 1841 13864 108 433 217 2816 4657 108 3466 4982 108 4874 650 1300 77441
62.0 334 1782 111 223 780 1002 334 5457 111 4121 3453 445 1336 111 4789 13031 1559 111 1893 14256 111 445 223 2896 4789 111 3564 5123 111 5012 668 1336 79632
63.0 344 1832 115 229 802 1031 344 5611 115 4237 3550 458 1374 115 4924 13397 1603 115 1947 14656 115 458 229 2977 4924 115 3664 5267 115 5153 687 1374 81868
64.0 353 1883 118 235 824 1059 353 5767 118 4355 3649 471 1412 118 5061 13770 1648 118 2001 15065 118 471 235 3060 5061 118 3766 5414 118 5296 706 1412 84151
65.0 363 1935 121 242 847 1089 363 5927 121 4475 3750 484 1452 121 5201 14152 1693 121 2056 15483 121 484 242 3145 5201 121 3871 5564 121 5443 726 1452 86485
66.0 373 1989 124 249 870 1119 373 6091 124 4599 3853 497 1492 124 5345 14543 1740 124 2113 15910 124 497 249 3232 5345 124 3978 5718 124 5593 746 1492 88872
67.0 383 2043 128 255 894 1149 383 6258 128 4725 3959 511 1533 128 5492 14942 1788 128 2171 16347 128 511 255 3321 5492 128 4087 5875 128 5747 766 1533 91315
68.0 394 2099 131 262 918 1181 394 6429 131 4855 4068 525 1575 131 5642 15352 1837 131 2231 16795 131 525 262 3411 5642 131 4199 6036 131 5904 787 1575 93816
69.0 404 2157 135 270 944 1213 404 6605 135 4987 4179 539 1618 135 5796 15771 1887 135 2291 17254 135 539 270 3505 5796 135 4313 6200 135 6066 809 1618 96377
70.0 415 2215 138 277 969 1246 415 6785 138 5123 4292 554 1662 138 5954 16200 1938 138 2354 17723 138 554 277 3600 5954 138 4431 6369 138 6231 831 1662 99001
71.0 427 2276 142 284 996 1280 427 6969 142 5262 4409 569 1707 142 6116 16640 1991 142 2418 18205 142 569 284 3698 6116 142 4551 6542 142 6400 853 1707 101691
72.0 438 2337 146 292 1023 1315 438 7158 146 5405 4529 584 1753 146 6281 17092 2045 146 2483 18698 146 584 292 3798 6281 146 4675 6720 146 6574 876 1753 104448
73.0 450 2401 150 300 1050 1350 450 7352 150 5551 4651 600 1800 150 6452 17554 2100 150 2551 19205 150 600 300 3901 6452 150 4801 6902 150 6752 900 1800 107275
74.0 462 2465 154 308 1079 1387 462 7550 154 5701 4777 616 1849 154 6626 18029 2157 154 2620 19724 154 616 308 4006 6626 154 4931 7088 154 6934 925 1849 110175
75.0 475 2532 158 317 1108 1424 475 7754 158 5855 4906 633 1899 158 6805 18515 2216 158 2690 20256 158 633 317 4115 6805 158 5064 7280 158 7121 950 1899 113149
76.0 488 2600 163 325 1138 1463 488 7963 163 6013 5038 650 1950 163 6988 19014 2275 163 2763 20802 163 650 325 4225 6988 163 5200 7476 163 7313 975 1950 116197
77.0 501 2670 167 334 1168 1502 501 8177 167 6175 5173 668 2003 167 7176 19525 2336 167 2837 21361 167 668 334 4339 7176 167 5340 7676 167 7510 1001 2003 119319
78.0 514 2742 171 343 1199 1542 514 8396 171 6340 5312 685 2056 171 7368 20048 2399 171 2913 21933 171 685 343 4455 7368 171 5483 7882 171 7711 1028 2056 122517
79.0 528 2815 176 352 1232 1583 528 8621 176 6510 5454 704 2111 176 7565 20584 2463 176 2991 22520 176 704 352 4574 7565 176 5630 8093 176 7917 1056 2111 125793
80.0 542 2890 181 361 1264 1626 542 8851 181 6683 5599 722 2167 181 7767 21133 2529 181 3071 23120 181 722 361 4696 7767 181 5780 8309 181 8128 1084 2167 129147
81.0 556 2967 185 371 1298 1669 556 9086 185 6861 5748 742 2225 185 7973 21695 2596 185 3152 23735 185 742 371 4821 7973 185 5934 8530 185 8344 1113 2225 132581
82.0 571 3046 190 381 1332 1713 571 9327 190 7043 5901 761 2284 190 8185 22270 2665 190 3236 24364 190 761 381 4949 8185 190 6091 8756 190 8566 1142 2284 136097
83.0 586 3126 195 391 1368 1758 586 9574 195 7229 6057 782 2345 195 8401 22859 2735 195 3321 25009 195 782 391 5080 8401 195 6252 8987 195 8792 1172 2345 139697
84.0 602 3209 201 401 1404 1805 602 9826 201 7420 6217 802 2406 201 8623 23462 2807 201 3409 25668 201 802 401 5214 8623 201 6417 9224 201 9024 1203 2406 143381
85.0 617 3293 206 412 1441 1852 617 10084 206 7615 6380 823 2470 206 8850 24079 2881 206 3499 26343 206 823 412 5351 8850 206 6586 9467 206 9261 1235 2470 147151
86.0 634 3379 211 422 1478 1901 634 10349 211 7814 6547 845 2534 211 9082 24711 2957 211 3590 27034 211 845 422 5491 9082 211 6758 9715 211 9504 1267 2534 151009
87.0 650 3468 217 433 1517 1950 650 10619 217 8019 6718 867 2601 217 9319 25356 3034 217 3684 27740 217 867 433 5635 9319 217 6935 9969 217 9752 1300 2601 154956
88.0 667 3558 222 445 1557 2001 667 10896 222 8228 6893 889 2668 222 9562 26017 3113 222 3780 28463 222 889 445 5782 9562 222 7116 10229 222 10007 1334 2668 158995
89.0 684 3650 228 456 1597 2053 684 11179 228 8441 7073 913 2738 228 9810 26693 3194 228 3879 29203 228 913 456 5932 9810 228 7301 10495 228 10267 1369 2738 163125
90.0 702 3745 234 468 1638 2107 702 11469 234 8660 7256 936 2809 234 10064 27385 3277 234 3979 29959 234 936 468 6085 10064 234 7490 10767 234 10533 1404 2809 167350
91.0 720 3842 240 480 1681 2161 720 11765 240 8884 7443 960 2881 240 10324 28092 3361 240 4082 30733 240 960 480 6243 10324 240 7683 11045 240 10804 1441 2881 171671
92.0 739 3940 246 493 1724 2217 739 12068 246 9112 7635 985 2955 246 10590 28815 3448 246 4187 31524 246 985 493 6403 10590 246 7881 11329 246 11083 1478 2955 176090
93.0 758 4042 253 505 1768 2273 758 12377 253 9346 7831 1010 3031 253 10862 29554 3536 253 4294 32332 253 1010 505 6568 10862 253 8083 11619 253 11367 1516 3031 180607
94.0 777 4145 259 518 1813 2332 777 12694 259 9585 8031 1036 3109 259 11139 30310 3627 259 4404 33159 259 1036 518 6735 11139 259 8290 11917 259 11658 1554 3109 185225
95.0 797 4251 266 531 1860 2391 797 13017 266 9829 8235 1063 3188 266 11423 31082 3719 266 4516 34004 266 1063 531 6907 11423 266 8501 12220 266 11955 1594 3188 189946
96.0 817 4359 272 545 1907 2452 817 13348 272 10079 8445 1090 3269 272 11714 31872 3814 272 4631 34868 272 1090 545 7083 11714 272 8717 12531 272 12258 1634 3269 194772
97.0 838 4469 279 559 1955 2514 838 13686 279 10334 8658 1117 3352 279 12010 32679 3910 279 4748 35751 279 1117 559 7262 12010 279 8938 12848 279 12569 1676 3352 199703
98.0 859 4582 286 573 2004 2577 859 14031 286 10595 8877 1145 3436 286 12313 33503 4009 286 4868 36653 286 1145 573 7445 12313 286 9163 13172 286 12886 1718 3436 204742
99.0 881 4697 294 587 2055 2642 881 14384 294 10862 9100 1174 3523 294 12623 34346 4110 294 4990 37575 294 1174 587 7632 12623 294 9394 13503 294 13210 1761 3523 209891
100.0 903 4815 301 602 2106 2708 903 14745 301 11134 9328 1204 3611 301 12939 35207 4213 301 5115 38517 301 1204 602 7824 12939 301 9629 13842 301 13541 1805 3611 215151
101.0 925 4935 308 617 2159 2776 925 15113 308 11412 9561 1234 3701 308 13262 36086 4318 308 5243 39479 308 1234 617 8019 13262 308 9870 14188 308 13879 1851 3701 220525
102.0 948 5058 316 632 2213 2845 948 15489 316 11696 9799 1264 3793 316 13592 36984 4425 316 5374 40461 316 1264 632 8219 13592 316 10115 14541 316 14225 1897 3793 226013
103.0 972 5183 324 648 2268 2915 972 15873 324 11986 10042 1296 3887 324 13930 37901 4535 324 5507 41465 324 1296 648 8422 13930 324 10366 14901 324 14577 1944 3887 231619
104.0 996 5311 332 664 2324 2988 996 16265 332 12282 10290 1328 3983 332 14274 38838 4647 332 5643 42489 332 1328 664 8631 14274 332 10622 15270 332 14938 1992 3983 237343
105.0 1020 5442 340 680 2381 3061 1020 16666 340 12585 10544 1360 4081 340 14625 39794 4762 340 5782 43536 340 1360 680 8843 14625 340 10884 15646 340 15305 2041 4081 243187
106.0 1045 5575 348 697 2439 3136 1045 17075 348 12893 10802 1394 4182 348 14984 40771 4879 348 5924 44604 348 1394 697 9060 14984 348 11151 16029 348 15681 2091 4182 249154
107.0 1071 5712 357 714 2499 3213 1071 17492 357 13208 11067 1428 4284 357 15350 41767 4998 357 6069 45694 357 1428 714 9282 15350 357 11424 16421 357 16064 2142 4284 255245
108.0 1097 5851 366 731 2560 3291 1097 17918 366 13530 11336 1463 4388 366 15724 42785 5120 366 6217 46807 366 1463 731 9508 15724 366 11702 16821 366 16456 2194 4388 261462
109.0 1124 5993 375 749 2622 3371 1124 18353 375 13859 11611 1498 4495 375 16106 43823 5244 375 6367 47943 375 1498 749 9738 16106 375 11986 17230 375 16855 2247 4495 267807
110.0 1151 6138 384 767 2685 3452 1151 18797 384 14194 11892 1534 4603 384 16495 44882 5371 384 6521 49102 384 1534 767 9974 16495 384 12276 17646 384 17262 2302 4603 274281
111.0 1179 6286 393 786 2750 3536 1179 19250 393 14535 12178 1571 4714 393 16893 45963 5500 393 6678 50285 393 1571 786 10214 16893 393 12571 18071 393 17678 2357 4714 280888
112.0 1207 6436 402 805 2816 3620 1207 19712 402 14884 12471 1609 4827 402 17298 47066 5632 402 6839 51491 402 1609 805 10459 17298 402 12873 18505 402 18102 2414 4827 287627
113.0 1236 6590 412 824 2883 3707 1236 20183 412 15240 12769 1648 4943 412 17711 48191 5766 412 7002 52722 412 1648 824 10709 17711 412 13181 18947 412 18535 2471 4943 294503
114.0 1265 6747 422 843 2952 3795 1265 20663 422 15603 13073 1687 5060 422 18133 49339 5904 422 7169 53978 422 1687 843 10964 18133 422 13494 19398 422 18976 2530 5060 301515
115.0 1295 6907 432 863 3022 3885 1295 21153 432 15973 13383 1727 5180 432 18563 50509 6044 432 7339 55258 432 1727 863 11224 18563 432 13814 19858 432 19427 2590 5180 308667
116.0 1326 7070 442 884 3093 3977 1326 21653 442 16350 13699 1768 5303 442 19002 51702 6187 442 7512 56563 442 1768 884 11489 19002 442 14141 20327 442 19886 2651 5303 315960
117.0 1357 7237 452 905 3166 4071 1357 22163 452 16735 14021 1809 5428 452 19449 52919 6332 452 7689 57895 452 1809 905 11760 19449 452 14474 20806 452 20354 2714 5428 323395
118.0 1389 7406 463 926 3240 4166 1389 22682 463 17127 14350 1852 5555 463 19905 54160 6481 463 7869 59252 463 1852 926 12035 19905 463 14813 21294 463 20831 2777 5555 330975
119.0 1421 7579 474 947 3316 4263 1421 23212 474 17527 14685 1895 5685 474 20370 55424 6632 474 8053 60635 474 1895 947 12316 20370 474 15159 21791 474 21317 2842 5685 338702
120.0 1454 7756 485 969 3393 4363 1454 23751 485 17935 15026 1939 5817 485 20843 56713 6786 485 8240 62045 485 1939 969 12603 20843 485 15511 22297 485 21813 2908 5817 346578
121.0 1488 7935 496 992 3472 4464 1488 24301 496 18350 15374 1984 5951 496 21326 58026 6943 496 8431 63481 496 1984 992 12895 21326 496 15870 22814 496 22318 2976 5951 354603
122.0 1522 8118 507 1015 3552 4566 1522 24862 507 18773 15729 2030 6089 507 21818 59364 7103 507 8626 64945 507 2030 1015 13192 21818 507 16236 23340 507 22832 3044 6089 362781
123.0 1557 8305 519 1038 3633 4671 1557 25433 519 19204 16090 2076 6228 519 22319 60728 7267 519 8824 66437 519 2076 1038 13495 22319 519 16609 23876 519 23357 3114 6228 371113
124.0 1593 8495 531 1062 3716 4778 1593 26015 531 19644 16458 2124 6371 531 22829 62117 7433 531 9025 67957 531 2124 1062 13804 22829 531 16989 24422 531 23891 3185 6371 379601
125.0 1629 8688 543 1086 3801 4887 1629 26607 543 20091 16833 2172 6516 543 23349 63531 7602 543 9231 69504 543 2172 1086 14118 23349 543 17376 24978 543 24435 3258 6516 388246
126.0 1666 8885 555 1111 3887 4998 1666 27210 555 20547 17215 2221 6664 555 23879 64972 7774 555 9440 71080 555 2221 1111 14438 23879 555 17770 25545 555 24989 3332 6664 397051
127.0 1704 9086 568 1136 3975 5111 1704 27825 568 21011 17604 2271 6814 568 24418 66439 7950 568 9654 72686 568 2271 1136 14764 24418 568 18171 26121 568 25554 3407 6814 406017
128.0 1742 9290 581 1161 4064 5226 1742 28451 581 21483 17999 2322 6967 581 24967 67933 8129 581 9871 74320 581 2322 1161 15096 24967 581 18580 26709 581 26128 3484 6967 415146
129.0 1781 9498 594 1187 4155 5343 1781 29087 594 21964 18402 2374 7123 594 25526 69454 8311 594 10092 75984 594 2374 1187 15434 25526 594 18996 27307 594 26713 3562 7123 424439
130.0 1821 9710 607 1214 4248 5462 1821 29736 607 22454 18812 2427 7282 607 26095 71002 8496 607 10316 77677 607 2427 1214 15778 26095 607 19419 27915 607 27308 3641 7282 433899
131.0 1861 9925 620 1241 4342 5583 1861 30396 620 22952 19230 2481 7444 620 26674 72577 8684 620 10545 79401 620 2481 1241 16128 26674 620 19850 28535 620 27914 3722 7444 443527
132.0 1902 10144 634 1268 4438 5706 1902 31067 634 23459 19655 2536 7608 634 27263 74181 8876 634 10778 81155 634 2536 1268 16485 27263 634 20289 29165 634 28531 3804 7608 453325
133.0 1944 10367 648 1296 4536 5832 1944 31750 648 23975 20087 2592 7776 648 27862 75812 9072 648 11015 82939 648 2592 1296 16847 27862 648 20735 29806 648 29158 3888 7776 463295
134.0 1986 10594 662 1324 4635 5959 1986 32445 662 24500 20527 2649 7946 662 28472 77472 9270 662 11257 84755 662 2649 1324 17216 28472 662 21189 30459 662 29797 3973 7946 473437
135.0 2030 10825 677 1353 4736 6089 2030 33152 677 25033 20974 2706 8119 677 29093 79160 9472 677 11502 86602 677 2706 1353 17591 29093 677 21651 31123 677 30446 4059 8119 483755
136.0 2074 11060 691 1383 4839 6221 2074 33872 691 25576 21429 2765 8295 691 29724 80877 9678 691 11751 88481 691 2765 1383 17973 29724 691 22120 31798 691 31107 4148 8295 494248
137.0 2119 11299 706 1412 4943 6356 2119 34603 706 26129 21892 2825 8474 706 30366 82623 9887 706 12005 90391 706 2825 1412 18361 30366 706 22598 32484 706 31778 4237 8474 504920
138.0 2164 11542 721 1443 5050 6492 2164 35347 721 26690 22362 2885 8656 721 31018 84399 10099 721 12263 92334 721 2885 1443 18755 31018 721 23083 33182 721 32461 4328 8656 515770
139.0 2210 11789 737 1474 5158 6631 2210 36103 737 27261 22840 2947 8841 737 31682 86204 10315 737 12525 94309 737 2947 1474 19156 31682 737 23577 33892 737 33155 4421 8841 526802
140.0 2257 12040 752 1505 5267 6772 2257 36871 752 27841 23327 3010 9030 752 32356 88039 10535 752 12792 96316 752 3010 1505 19564 32356 752 24079 34614 752 33861 4515 9030 538016
141.0 2305 12295 768 1537 5379 6916 2305 37652 768 28431 23821 3074 9221 768 33042 89904 10758 768 13063 98357 768 3074 1537 19979 33042 768 24589 35347 768 34578 4610 9221 549414
142.0 2354 12554 785 1569 5492 7061 2354 38446 785 29031 24323 3138 9415 785 33738 91799 10985 785 13338 100430 785 3138 1569 20400 33738 785 25108 36092 785 35307 4708 9415 560997
143.0 2403 12817 801 1602 5607 7210 2403 39252 801 29640 24833 3204 9613 801 34446 93725 11215 801 13618 102537 801 3204 1602 20828 34446 801 25634 36849 801 36048 4806 9613 572766
144.0 2453 13085 818 1636 5725 7360 2453 40072 818 30258 25352 3271 9814 818 35165 95682 11449 818 13903 104678 818 3271 1636 21263 35165 818 26169 37619 818 36801 4907 9814 584723
145.0 2504 13357 835 1670 5843 7513 2504 40904 835 30887 25878 3339 10017 835 35896 97669 11687 835 14191 106852 835 3339 1670 21704 35896 835 26713 38400 835 37565 5009 10017 596869
146.0 2556 13633 852 1704 5964 7668 2556 41750 852 31525 26413 3408 10224 852 36638 99688 11928 852 14485 109061 852 3408 1704 22153 36638 852 27265 39194 852 38342 5112 10224 609205
147.0 2609 13913 870 1739 6087 7826 2609 42608 870 32174 26956 3478 10435 870 37391 101738 12174 870 14782 111303 870 3478 1739 22608 37391 870 27826 40000 870 39130 5217 10435 621733
148.0 2662 14198 887 1775 6211 7986 2662 43480 887 32832 27508 3549 10648 887 38156 103820 12423 887 15085 113580 887 3549 1775 23071 38156 887 28395 40818 887 39931 5324 10648 634453
149.0 2716 14487 905 1811 6338 8149 2716 44365 905 33500 28068 3622 10865 905 38933 105933 12676 905 15392 115892 905 3622 1811 23541 38933 905 28973 41649 905 40743 5432 10865 647367
150.0 2771 14780 924 1847 6466 8314 2771 45263 924 34178 28636 3695 11085 924 39721 108078 12932 924 15704 118239 924 3695 1847 24017 39721 924 29560 42492 924 41568 5542 11085 660475
151.0 2827 15078 942 1885 6596 8481 2827 46175 942 34867 29213 3769 11308 942 40521 110255 13193 942 16020 120620 942 3769 1885 24501 40521 942 30155 43348 942 42406 5654 11308 673778
152.0 2884 15380 961 1922 6729 8651 2884 47100 961 35565 29798 3845 11535 961 41333 112464 13457 961 16341 123037 961 3845 1922 24992 41333 961 30759 44217 961 43255 5767 11535 687278
153.0 2941 15686 980 1961 6863 8823 2941 48039 980 36274 30392 3922 11765 980 42157 114705 13725 980 16667 125489 980 3922 1961 25490 42157 980 31372 45098 980 44117 5882 11765 700975
154.0 2999 15997 1000 2000 6999 8998 2999 48991 1000 36993 30994 3999 11998 1000 42992 116979 13997 1000 16997 127977 1000 3999 2000 25995 42992 1000 31994 45992 1000 44992 5999 11998 714871
155.0 3059 16312 1020 2039 7137 9176 3059 49957 1020 37723 31605 4078 12234 1020 43840 119285 14273 1020 17332 130500 1020 4078 2039 26508 43840 1020 32625 46898 1020 45879 6117 12234 728965
156.0 3119 16632 1040 2079 7277 9356 3119 50937 1040 38462 32225 4158 12474 1040 44699 121624 14553 1040 17672 133059 1040 4158 2079 27028 44699 1040 33265 47818 1040 46778 6237 12474 743258
157.0 3179 16957 1060 2120 7419 9538 3179 51930 1060 39212 32854 4239 12718 1060 45571 123996 14837 1060 18016 135653 1060 4239 2120 27555 45571 1060 33913 48750 1060 47691 6359 12718 757751
158.0 3241 17285 1080 2161 7562 9723 3241 52937 1080 39973 33491 4321 12964 1080 46455 126400 15125 1080 18366 138284 1080 4321 2161 28089 46455 1080 34571 49696 1080 48615 6482 12964 772445
159.0 3304 17619 1101 2202 7708 9911 3304 53958 1101 40743 34136 4405 13214 1101 47350 128837 15416 1101 18720 140950 1101 4405 2202 28631 47350 1101 35238 50654 1101 49553 6607 13214 787339
160.0 3367 17957 1122 2245 7856 10101 3367 54992 1122 41525 34791 4489 13467 1122 48258 131308 15712 1122 19079 143653 1122 4489 2245 29179 48258 1122 35913 51625 1122 50503 6734 13467 802435
161.0 3431 18299 1144 2287 8006 10293 3431 56040 1144 42316 35454 4575 13724 1144 49178 133811 16012 1144 19443 146391 1144 4575 2287 29736 49178 1144 36598 52609 1144 51466 6862 13724 817733
162.0 3496 18646 1165 2331 8158 10488 3496 57103 1165 43118 36126 4661 13984 1165 50110 136347 16315 1165 19811 149166 1165 4661 2331 30299 50110 1165 37291 53607 1165 52441 6992 13984 833232
163.0 3562 18997 1187 2375 8311 10686 3562 58179 1187 43931 36807 4749 14248 1187 51055 138916 16622 1187 20184 151977 1187 4749 2375 30870 51055 1187 37994 54617 1187 53429 7124 14248 848933
164.0 3629 19353 1210 2419 8467 10886 3629 59268 1210 44754 37496 4838 14515 1210 52011 141519 16934 1210 20563 154824 1210 4838 2419 31449 52011 1210 38706 55640 1210 54430 7257 14515 864836
165.0 3696 19713 1232 2464 8625 11089 3696 60372 1232 45587 38195 4928 14785 1232 52980 144154 17249 1232 20945 157707 1232 4928 2464 32034 52980 1232 39427 56676 1232 55444 7393 14785 880941
166.0 3765 20078 1255 2510 8784 11294 3765 61490 1255 46431 38902 5020 15059 1255 53960 146822 17569 1255 21333 160626 1255 5020 2510 32627 53960 1255 40157 57725 1255 56470 7529 15059 897248
167.0 3834 20448 1278 2556 8946 11502 3834 62621 1278 47285 39617 5112 15336 1278 54953 149524 17892 1278 21726 163582 1278 5112 2556 33228 54953 1278 40895 58787 1278 57509 7668 15336 913757
168.0 3904 20822 1301 2603 9109 11712 3904 63766 1301 48150 40342 5205 15616 1301 55958 152258 18219 1301 22123 166573 1301 5205 2603 33835 55958 1301 41643 59862 1301 58561 7808 15616 930468
169.0 3975 21200 1325 2650 9275 11925 3975 64925 1325 49025 41075 5300 15900 1325 56975 155026 18550 1325 22525 169601 1325 5300 2650 34450 56975 1325 42400 60950 1325 59625 7950 15900 947379
170.0 4047 21583 1349 2698 9443 12140 4047 66098 1349 49911 41817 5396 16187 1349 58004 157826 18885 1349 22932 172664 1349 5396 2698 35072 58004 1349 43166 62051 1349 60702 8094 16187 964491
171.0 4119 21970 1373 2746 9612 12358 4119 67284 1373 50807 42568 5493 16478 1373 59045 160659 19224 1373 23344 175763 1373 5493 2746 35702 59045 1373 43941 63165 1373 61792 8239 16478 981803
172.0 4193 22362 1398 2795 9783 12579 4193 68484 1398 51713 43327 5591 16772 1398 60099 163524 19567 1398 23760 178898 1398 5591 2795 36339 60099 1398 44725 64292 1398 62894 8386 16772 999314
173.0 4267 22759 1422 2845 9957 12802 4267 69698 1422 52629 44095 5690 17069 1422 61164 166422 19914 1422 24181 182069 1422 5690 2845 36983 61164 1422 45517 65431 1422 64009 8534 17069 1017025
174.0 4342 23159 1447 2895 10132 13027 4342 70925 1447 53556 44871 5790 17370 1447 62241 169353 20264 1447 24607 185275 1447 5790 2895 37634 62241 1447 46319 66583 1447 65136 8685 17370 1034933
175.0 4418 23564 1473 2946 10309 13255 4418 72166 1473 54493 45656 5891 17673 1473 63330 172315 20619 1473 25037 188516 1473 5891 2946 38292 63330 1473 47129 67748 1473 66275 8837 17673 1053038
176.0 4495 23974 1498 2997 10489 13485 4495 73420 1498 55440 46450 5994 17981 1498 64430 175310 20977 1498 25472 191792 1498 5994 2997 38958 64430 1498 47948 68925 1498 67427 8990 17981 1071339
177.0 4573 24388 1524 3048 10670 13718 4573 74688 1524 56397 47252 6097 18291 1524 65543 178337 21339 1524 25912 195103 1524 6097 3048 39630 65543 1524 48776 70115 1524 68591 9145 18291 1089835
178.0 4651 24806 1550 3101 10853 13953 4651 75969 1550 57364 48062 6202 18605 1550 66667 181395 21705 1550 26357 198449 1550 6202 3101 40310 66667 1550 49612 71318 1550 69767 9302 18605 1108525
179.0 4730 25229 1577 3154 11038 14191 4730 77263 1577 58341 48881 6307 18922 1577 67802 184485 22075 1577 26805 201829 1577 6307 3154 40997 67802 1577 50457 72532 1577 70956 9461 18922 1127406
180.0 4810 25655 1603 3207 11224 14431 4810 78570 1603 59328 49707 6414 19242 1603 68949 187606 22449 1603 27259 205244 1603 6414 3207 41690 68949 1603 51311 73759 1603 72156 9621 19242 1146479
181.0 4891 26087 1630 3261 11413 14674 4891 79890 1630 60325 50543 6522 19565 1630 70107 190758 22826 1630 27717 208692 1630 6522 3261 42391 70107 1630 52173 74999 1630 73368 9782 19565 1165741
182.0 4973 26522 1658 3315 11603 14918 4973 81223 1658 61332 51386 6630 19891 1658 71277 193940 23207 1658 28179 212174 1658 6630 3315 43098 71277 1658 53043 76250 1658 74592 9946 19891 1185190
183.0 5055 26961 1685 3370 11795 15166 5055 82568 1685 62348 52237 6740 20221 1685 72458 197153 23591 1685 28646 215689 1685 6740 3370 43812 72458 1685 53922 77513 1685 75828 10110 20221 1204825
184.0 5138 27405 1713 3426 11990 15415 5138 83927 1713 63373 53096 6851 20553 1713 73650 200396 23979 1713 29117 219237 1713 6851 3426 44533 73650 1713 54809 78788 1713 77076 10277 20553 1224645
185.0 5222 27852 1741 3482 12185 15667 5222 85297 1741 64408 53964 6963 20889 1741 74853 203669 24371 1741 29593 222818 1741 6963 3482 45260 74853 1741 55704 80075 1741 78334 10445 20889 1244646
186.0 5307 28304 1769 3538 12383 15921 5307 86680 1769 65453 54839 7076 21228 1769 76066 206972 24766 1769 30073 226430 1769 7076 3538 45994 76066 1769 56608 81373 1769 79604 10614 21228 1264827
187.0 5392 28759 1797 3595 12582 16177 5392 88076 1797 66506 55721 7190 21570 1797 77291 210303 25164 1797 30557 230075 1797 7190 3595 46734 77291 1797 57519 82683 1797 80886 10785 21570 1285185
188.0 5479 29219 1826 3652 12783 16436 5479 89483 1826 67569 56612 7305 21914 1826 78526 213663 25567 1826 31045 233751 1826 7305 3652 47481 78526 1826 58438 84004 1826 82178 10957 21914 1305719
189.0 5565 29682 1855 3710 12986 16696 5565 90902 1855 68640 57509 7421 22262 1855 79771 217051 25972 1855 31537 237458 1855 7421 3710 48234 79771 1855 59364 85336 1855 83481 11131 22262 1326425
190.0 5653 30149 1884 3769 13190 16959 5653 92333 1884 69721 58414 7537 22612 1884 81027 220468 26381 1884 32034 241195 1884 7537 3769 48993 81027 1884 60299 86680 1884 84795 11306 22612 1347302
191.0 5741 30620 1914 3828 13396 17224 5741 93775 1914 70810 59327 7655 22965 1914 82292 223911 26793 1914 32534 244963 1914 7655 3828 49758 82292 1914 61241 88033 1914 86120 11483 22965 1368346
192.0 5830 31095 1943 3887 13604 17491 5830 95228 1943 71907 60246 7774 23321 1943 83568 227382 27208 1943 33038 248759 1943 7774 3887 50529 83568 1943 62190 89398 1943 87454 11661 23321 1389555
193.0 5920 31573 1973 3947 13813 17760 5920 96693 1973 73013 61173 7893 23680 1973 84853 230879 27627 1973 33546 252585 1973 7893 3947 51306 84853 1973 63146 90773 1973 88799 11840 23680 1410925
194.0 6010 32055 2003 4007 14024 18031 6010 98168 2003 74127 62106 8014 24041 2003 86148 234402 28048 2003 34058 256439 2003 8014 4007 52089 86148 2003 64110 92158 2003 90154 12021 24041 1432454
195.0 6101 32540 2034 4068 14236 18304 6101 99654 2034 75249 63047 8135 24405 2034 87452 237950 28473 2034 34574 260321 2034 8135 4068 52878 87452 2034 65080 93553 2034 91519 12203 24405 1454139
196.0 6193 33029 2064 4129 14450 18579 6193 101151 2064 76379 63993 8257 24772 2064 88765 241523 28900 2064 35093 264231 2064 8257 4129 53672 88765 2064 66058 94958 2064 92894 12386 24772 1475976
197.0 6285 33521 2095 4190 14665 18855 6285 102657 2095 77517 64947 8380 25141 2095 90087 245121 29331 2095 35616 268167 2095 8380 4190 54471 90087 2095 67042 96372 2095 94277 12570 25141 1497961
198.0 6378 34016 2126 4252 14882 19134 6378 104174 2126 78662 65906 8504 25512 2126 91418 248742 29764 2126 36142 272128 2126 8504 4252 55276 91418 2126 68032 97796 2126 95670 12756 25512 1520092
199.0 6471 34514 2157 4314 15100 19414 6471 105700 2157 79815 66872 8629 25886 2157 92758 252387 30200 2157 36672 276116 2157 8629 4314 56086 92758 2157 69029 99229 2157 97072 12943 25886 1542364
200.0 6565 35016 2188 4377 15319 19696 6565 107236 2188 80974 67843 8754 26262 2188 94105 256054 30639 2188 37204 280127 2188 8754 4377 56901 94105 2188 70032 100671 2188 98482 13131 26262 1564774
201.0 6660 35520 2220 4440 15540 19980 6660 108781 2220 82141 68821 8880 26640 2220 95461 259743 31080 2220 37740 284163 2220 8880 4440 57721 95461 2220 71041 102121 2220 99901 13320 26640 1587318
202.0 6755 36028 2252 4503 15762 20266 6755 110335 2252 83314 69804 9007 27021 2252 96825 263453 31524 2252 38280 288222 2252 9007 4503 58545 96825 2252 72056 103580 2252 101328 13510 27021 1609992
203.0 6851 36538 2284 4567 15985 20553 6851 111898 2284 84494 70792 9134 27403 2284 98196 267184 31971 2284 38822 292304 2284 9134 4567 59374 98196 2284 73076 105047 2284 102763 13702 27403 1632791
204.0 6947 37051 2316 4631 16210 20841 6947 113468 2316 85680 71786 9263 27788 2316 99574 270935 32420 2316 39367 296407 2316 9263 4631 60208 99574 2316 74102 106521 2316 104206 13894 27788 1655712
205.0 7044 37566 2348 4696 16435 21131 7044 115047 2348 86872 72785 9392 28175 2348 100960 274704 32871 2348 39914 300531 2348 9392 4696 61045 100960 2348 75133 108003 2348 105656 14087 28175 1678749
206.0 7141 38084 2380 4761 16662 21423 7141 116634 2380 88070 73789 9521 28563 2380 102352 278493 33324 2380 40465 304676 2380 9521 4761 61887 102352 2380 76169 109493 2380 107113 14282 28563 1701899
207.0 7238 38605 2413 4826 16890 21715 7238 118228 2413 89274 74797 9651 28954 2413 103751 282298 33779 2413 41018 308839 2413 9651 4826 62733 103751 2413 77210 110989 2413 108576 14477 28954 1725157
208.0 7336 39128 2445 4891 17118 22009 7336 119828 2445 90483 75810 9782 29346 2445 105156 286121 34237 2445 41573 313021 2445 9782 4891 63582 105156 2445 78255 112492 2445 110047 14673 29346 1748518
209.0 7435 39653 2478 4957 17348 22305 7435 121436 2478 91697 76827 9913 29739 2478 106566 289960 34696 2478 42131 317221 2478 9913 4957 64436 106566 2478 79305 114001 2478 111523 14870 29739 1771976
210.0 7534 40180 2511 5022 17579 22601 7534 123050 2511 92915 77848 10045 30135 2511 107983 293814 35157 2511 42691 321437 2511 10045 5022 65292 107983 2511 80359 115517 2511 113005 15067 30135 1795528
211.0 7633 40709 2544 5089 17810 22899 7633 124670 2544 94139 78873 10177 30531 2544 109405 297682 35620 2544 43253 325669 2544 10177 5089 66152 109405 2544 81417 117037 2544 114493 15266 30531 1819168
212.0 7732 41240 2577 5155 18042 23197 7732 126296 2577 95366 79902 10310 30930 2577 110831 301564 36085 2577 43817 329916 2577 10310 5155 67014 110831 2577 82479 118564 2577 115986 15465 30930 1842891
213.0 7832 41772 2611 5222 18275 23497 7832 127927 2611 96598 80933 10443 31329 2611 112263 305458 36551 2611 44383 334177 2611 10443 5222 67880 112263 2611 83544 120095 2611 117484 15665 31329 1866691
214.0 7932 42306 2644 5288 18509 23797 7932 129563 2644 97833 81968 10577 31730 2644 113698 309365 37018 2644 44950 338450 2644 10577 5288 68748 113698 2644 84613 121631 2644 118986 15865 31730 1890563
215.0 8033 42842 2678 5355 18743 24099 8033 131204 2678 99072 83006 10710 32131 2678 115138 313282 37487 2678 45520 342736 2678 10710 5355 69618 115138 2678 85684 123171 2678 120493 16066 32131 1914501
216.0 8134 43379 2711 5422 18978 24401 8134 132848 2711 100314 84047 10845 32534 2711 116581 317209 37957 2711 46090 347032 2711 10845 5422 70491 116581 2711 86758 124715 2711 122003 16267 32534 1938500
217.0 8234 43917 2745 5490 19214 24703 8234 134497 2745 101559 85090 10979 32938 2745 118028 321145 38428 2745 46662 351338 2745 10979 5490 71366 118028 2745 87835 126262 2745 123517 16469 32938 1962554
218.0 8336 44457 2779 5557 19450 25007 8336 136148 2779 102806 86135 11114 33342 2779 119477 325089 38900 2779 47235 355653 2779 11114 5557 72242 119477 2779 88913 127813 2779 125034 16671 33342 1986657
219.0 8437 44997 2812 5625 19686 25311 8437 137803 2812 104056 87182 11249 33748 2812 120929 329040 39372 2812 47809 359976 2812 11249 5625 73120 120929 2812 89994 129366 2812 126554 16874 33748 2010802
220.0 8538 45538 2846 5692 19923 25615 8538 139461 2846 105307 88230 11385 34154 2846 122384 332998 39846 2846 48384 364305 2846 11385 5692 73999 122384 2846 91076 130922 2846 128076 17077 34154 2034985
221.0 8640 46080 2880 5760 20160 25920 8640 141120 2880 106560 89280 11520 34560 2880 123840 336960 40320 2880 48960 368640 2880 11520 5760 74880 123840 2880 92160 132480 2880 129600 17280 34560 2059198
222.0 8742 46622 2914 5828 20397 26225 8742 142781 2914 107814 90331 11656 34967 2914 125298 340926 40795 2914 49536 372979 2914 11656 5828 75761 125298 2914 93245 134039 2914 131125 17483 34967 2083436
223.0 8843 47165 2948 5896 20635 26530 8843 144443 2948 109069 91382 11791 35374 2948 126756 344895 41269 2948 50113 377321 2948 11791 5896 76643 126756 2948 94330 135600 2948 132652 17687 35374 2107692
224.0 8945 47708 2982 5964 20872 26836 8945 146106 2982 110325 92435 11927 35781 2982 128216 348866 41745 2982 50690 381665 2982 11927 5964 77526 128216 2982 95416 137161 2982 134179 17891 35781 2131959
225.0 9047 48251 3016 6031 21110 27141 9047 147770 3016 111581 93487 12063 36188 3016 129675 352838 42220 3016 51267 386010 3016 12063 6031 78408 129675 3016 96503 138723 3016 135707 18094 36188 2156230
226.0 9149 48794 3050 6099 21348 27447 9149 149433 3050 112837 94539 12199 36596 3050 131135 356809 42695 3050 51844 390355 3050 12199 6099 79291 131135 3050 97589 140284 3050 137234 18298 36596 2180500
227.0 9251 49337 3084 6167 21585 27752 9251 151096 3084 114093 95591 12334 37003 3084 132594 360779 43170 3084 52421 394699 3084 12334 6167 80173 132594 3084 98675 141845 3084 138761 18501 37003 2204762
228.0 9352 49880 3117 6235 21822 28057 9352 152757 3117 115347 96642 12470 37410 3117 134052 364747 43645 3117 52997 399039 3117 12470 6235 81055 134052 3117 99760 143405 3117 140287 18705 37410 2229008
229.0 9454 50422 3151 6303 22060 28362 9454 154417 3151 116601 97693 12605 37816 3151 135509 368711 44119 3151 53573 403376 3151 12605 6303 81936 135509 3151 100844 144963 3151 141812 18908 37816 2253231
230.0 9556 50963 3185 6370 22296 28667 9556 156075 3185 117853 98742 12741 38223 3185 136964 372670 44593 3185 54149 407707 3185 12741 6370 82815 136964 3185 101927 146520 3185 143334 19111 38223 2277426
231.0 9657 51504 3219 6438 22533 28971 9657 157731 3219 119103 99789 12876 38628 3219 138417 376623 45066 3219 54723 412032 3219 12876 6438 83694 138417 3219 103008 148074 3219 144855 19314 38628 2301584
232.0 9758 52044 3253 6505 22769 29275 9758 159383 3253 120351 100834 13011 39033 3253 139867 380569 45538 3253 55296 416349 3253 13011 6505 84571 139867 3253 104087 149625 3253 146373 19516 39033 2325698
233.0 9859 52582 3286 6573 23005 29577 9859 161033 3286 121596 101878 13146 39437 3286 141314 384506 46009 3286 55868 420657 3286 13146 6573 85446 141314 3286 105164 151173 3286 147887 19718 39437 2349761
234.0 9960 53119 3320 6640 23240 29880 9960 162678 3320 122838 102919 13280 39839 3320 142758 388435 46479 3320 56439 424954 3320 13280 6640 86319 142758 3320 106239 152718 3320 149398 19920 39839 2373767
235.0 10060 53655 3353 6707 23474 30181 10060 164318 3353 124077 103957 13414 40241 3353 144198 392352 46948 3353 57008 429240 3353 13414 6707 87189 144198 3353 107310 154258 3353 150905 20121 40241 2397707
236.0 10160 54189 3387 6774 23708 30481 10160 165954 3387 125312 104991 13547 40642 3387 145633 396258 47415 3387 57576 433512 3387 13547 6774 88057 145633 3387 108378 155794 3387 152407 20321 40642 2421574
237.0 10260 54721 3420 6840 23941 30781 10260 167584 3420 126543 106023 13680 41041 3420 147064 400150 47881 3420 58141 437771 3420 13680 6840 88922 147064 3420 109443 157324 3420 153904 20521 41041 2445361
238.0 10360 55252 3453 6906 24173 31079 10360 169208 3453 127770 107050 13813 41439 3453 148489 404028 48345 3453 58705 442013 3453 13813 6906 89784 148489 3453 110503 158849 3453 155395 20719 41439 2469060
239.0 10459 55780 3486 6972 24404 31376 10459 170826 3486 128991 108074 13945 41835 3486 149908 407890 48807 3486 59266 446239 3486 13945 6972 90642 149908 3486 111560 160367 3486 156881 20917 41835 2492664
240.0 10557 56306 3519 7038 24634 31672 10557 172436 3519 130207 109092 14076 42229 3519 151322 411736 49268 3519 59825 450446 3519 14076 7038 91497 151322 3519 112612 161879 3519 158360 21115 42229 2516164
241.0 10655 56829 3552 7104 24863 31966 10655 174039 3552 131418 110107 14207 42622 3552 152728 415564 49726 3552 60381 454634 3552 14207 7104 92347 152728 3552 113658 163384 3552 159832 21311 42622 2539555
242.0 10753 57350 3584 7169 25091 32259 10753 175634 3584 132622 111116 14337 43012 3584 154128 419372 50181 3584 60934 458800 3584 14337 7169 93194 154128 3584 114700 164881 3584 161297 21506 43012 2562827
243.0 10850 57868 3617 7233 25317 32551 10850 177221 3617 133820 112119 14467 43401 3617 155520 423159 50634 3617 61485 462944 3617 14467 7233 94035 155520 3617 115736 166370 3617 162754 21700 43401 2585974
244.0 10947 58383 3649 7298 25543 32840 10947 178798 3649 135011 113117 14596 43787 3649 156904 426925 51085 3649 62032 467063 3649 14596 7298 94872 156904 3649 116766 167851 3649 164202 21894 43787 2608987
245.0 11043 58895 3681 7362 25766 33128 11043 180365 3681 136194 114109 14724 44171 3681 158280 430668 51533 3681 62576 471158 3681 14724 7362 95704 158280 3681 117789 169322 3681 165641 22086 44171 2631859
246.0 11138 59403 3713 7425 25989 33414 11138 181922 3713 137370 115094 14851 44552 3713 159646 434386 51978 3713 63116 475226 3713 14851 7425 96530 159646 3713 118806 170784 3713 167072 22276 44552 2654582
247.0 11233 59908 3744 7489 26210 33698 11233 183469 3744 138538 116072 14977 44931 3744 161003 438079 52420 3744 63652 479266 3744 14977 7489 97351 161003 3744 119816 172236 3744 168492 22466 44931 2677148
248.0 11327 60409 3776 7551 26429 33980 11327 185004 3776 139697 117043 15102 45307 3776 162351 441744 52858 3776 64185 483276 3776 15102 7551 98165 162351 3776 120819 173677 3776 169902 22654 45307 2699549
249.0 11420 60907 3807 7613 26647 34260 11420 186527 3807 140847 118007 15227 45680 3807 163687 445382 53294 3807 64714 487255 3807 15227 7613 98974 163687 3807 121814 175107 3807 171301 22840 45680 2721779
250.0 11513 61400 3838 7675 26863 34538 11513 188039 3838 141988 118963 15350 46050 3838 165013 448990 53725 3838 65238 491203 3838 15350 7675 99776 165013 3838 122801 176526 3838 172688 23025 46050 2743828
251.0 11604 61890 3868 7736 27077 34813 11604 189537 3868 143120 119911 15472 46417 3868 166328 452567 54153 3868 65758 495117 3868 15472 7736 100571 166328 3868 123779 177932 3868 174064 23209 46417 2765690
252.0 11695 62374 3898 7797 27289 35086 11695 191022 3898 144241 120850 15594 46781 3898 167631 456113 54578 3898 66273 498995 3898 15594 7797 101358 167631 3898 124749 179326 3898 175428 23390 46781 2787356
253.0 11785 62855 3928 7857 27499 35356 11785 192493 3928 145351 121781 15714 47141 3928 168922 459625 54998 3928 66783 502838 3928 15714 7857 102139 168922 3928 125709 180707 3928 176779 23571 47141 2808819
254.0 11874 63330 3958 7916 27707 35623 11874 193949 3958 146451 122702 15833 47498 3958 170200 463103 55414 3958 67288 506642 3958 15833 7916 102912 170200 3958 126661 182075 3958 178116 23749 47498 2830072
255.0 11963 63801 3988 7975 27913 35888 11963 195390 3988 147540 123614 15950 47851 3988 171465 466545 55826 3988 67789 510408 3988 15950 7975 103677 171465 3988 127602 183428 3988 179440 23925 47851 2851105
256.0 12050 64267 4017 8033 28117 36150 12050 196816 4017 148616 124517 16067 48200 4017 172716 469949 56233 4017 68283 514133 4017 16067 8033 104433 172716 4017 128533 184766 4017 180750 24100 48200 2871913
257.0 12136 64727 4045 8091 28318 36409 12136 198226 4045 149681 125409 16182 48545 4045 173954 473316 56636 4045 68772 517816 4045 16182 8091 105181 173954 4045 129454 186090 4045 182045 24273 48545 2892487
258.0 12222 65182 4074 8148 28517 36665 12222 199620 4074 150733 126290 16295 48886 4074 175177 476643 57034 4074 69256 521456 4074 16295 8148 105921 175177 4074 130364 187398 4074 183324 24443 48886 2912820
259.0 12306 65631 4102 8204 28714 36918 12306 200996 4102 151773 127161 16408 49224 4102 176384 479930 57427 4102 69733 525051 4102 16408 8204 106651 176384 4102 131263 188690 4102 184588 24612 49224 2932903
260.0 12389 66075 4130 8259 28908 37167 12389 202355 4130 152799 128021 16519 49556 4130 177577 483174 57816 4130 70205 528601 4130 16519 8259 107372 177577 4130 132150 189966 4130 185836 24778 49556 2952731
261.0 12471 66513 4157 8314 29099 37414 12471 203696 4157 153811 128869 16628 49885 4157 178753 486376 58199 4157 70670 532103 4157 16628 8314 108083 178753 4157 133026 191225 4157 187068 24942 49885 2972295
262.0 12552 66945 4184 8368 29288 37656 12552 205018 4184 154809 129705 16736 50208 4184 179914 489533 58577 4184 71129 535557 4184 16736 8368 108785 179914 4184 133889 192466 4184 188282 25104 50208 2991588
263.0 12632 67370 4211 8421 29474 37896 12632 206321 4211 155793 130530 16843 50528 4211 181057 492644 58949 4211 71581 538961 4211 16843 8421 109476 181057 4211 134740 193689 4211 189478 25264 50528 3010602
264.0 12710 67789 4237 8474 29658 38131 12710 207605 4237 156763 131342 16947 50842 4237 182184 495709 59316 4237 72026 542314 4237 16947 8474 110158 182184 4237 135578 194894 4237 190657 25421 50842 3029332
265.0 12788 68202 4263 8525 29838 38364 12788 208868 4263 157717 132141 17050 51151 4263 183292 498726 59677 4263 72464 545614 4263 17050 8525 110828 183292 4263 136404 196080 4263 191818 25576 51151 3047768
266.0 12864 68608 4288 8576 30016 38592 12864 210111 4288 158655 132927 17152 51456 4288 184383 501694 60032 4288 72896 548861 4288 17152 8576 111487 184383 4288 137215 197247 4288 192959 25728 51456 3065905
267.0 12939 69007 4313 8626 30190 38816 12939 211333 4313 159578 133700 17252 51755 4313 185455 504611 60381 4313 73320 552053 4313 17252 8626 112136 185455 4313 138013 198394 4313 194081 25878 51755 3083736
268.0 13012 69399 4337 8675 30362 39037 13012 212533 4337 160484 134460 17350 52049 4337 186509 507478 60724 4337 73736 555189 4337 17350 8675 112773 186509 4337 138797 199521 4337 195184 26024 52049 3101253
269.0 13084 69783 4361 8723 30530 39253 13084 213712 4361 161374 135206 17446 52338 4361 187543 510292 61061 4361 74145 558268 4361 17446 8723 113398 187543 4361 139567 200628 4361 196266 26169 52338 3118450
270.0 13155 70161 4385 8770 30695 39466 13155 214868 4385 162247 135937 17540 52621 4385 188558 513052 61391 4385 74546 561288 4385 17540 8770 114012 188558 4385 140322 201713 4385 197328 26310 52621 3135320
271.0 13225 70531 4408 8816 30857 39674 13225 216001 4408 163103 136654 17633 52898 4408 189552 515758 61715 4408 74939 564248 4408 17633 8816 114613 189552 4408 141062 202777 4408 198369 26449 52898 3151856
272.0 13293 70893 4431 8862 31016 39878 13293 217111 4431 163941 137356 17723 53170 4431 190526 518409 62032 4431 75324 567148 4431 17723 8862 115202 190526 4431 141787 203819 4431 199388 26585 53170 3168053
273.0 13359 71248 4453 8906 31171 40077 13359 218198 4453 164761 138043 17812 53436 4453 191479 521002 62342 4453 75701 569985 4453 17812 8906 115778 191479 4453 142496 204839 4453 200386 26718 53436 3183903
274.0 13424 71595 4475 8949 31323 40272 13424 219260 4475 165563 138715 17899 53696 4475 192412 523538 62646 4475 76070 572760 4475 17899 8949 116342 192412 4475 143190 205836 4475 201361 26848 53696 3199401
275.0 13488 71934 4496 8992 31471 40463 13488 220297 4496 166347 139372 17983 53950 4496 193322 526016 62942 4496 76430 575470 4496 17983 8992 116892 193322 4496 143868 206810 4496 202314 26975 53950 3214540
276.0 13550 72264 4517 9033 31616 40649 13550 221310 4517 167111 140012 18066 54198 4517 194211 528433 63231 4517 76781 578115 4517 18066 9033 117430 194211 4517 144529 207760 4517 203244 27099 54198 3229315
277.0 13610 72587 4537 9073 31757 40830 13610 222297 4537 167857 140637 18147 54440 4537 195077 530790 63513 4537 77123 580694 4537 18147 9073 117953 195077 4537 145173 208687 4537 204150 27220 54440 3243719
278.0 13669 72901 4556 9113 31894 41007 13669 223258 4556 168583 141245 18225 54675 4556 195920 533086 63788 4556 77457 583205 4556 18225 9113 118464 195920 4556 145801 209589 4556 205033 27338 54675 3257748
279.0 13726 73206 4575 9151 32028 41178 13726 224193 4575 169289 141837 18302 54905 4575 196741 535319 64055 4575 77781 585648 4575 18302 9151 118960 196741 4575 146412 210467 4575 205892 27452 54905 3271394
280.0 13782 73503 4594 9188 32157 41345 13782 225102 4594 169975 142412 18376 55127 4594 197539 537489 64315 4594 78097 588022 4594 18376 9188 119442 197539 4594 147005 211320 4594 206726 27564 55127 3284654
281.0 13836 73791 4612 9224 32283 41507 13836 225984 4612 170641 142969 18448 55343 4612 198312 539594 64567 4612 78403 590325 4612 18448 9224 119910 198312 4612 147581 212148 4612 207536 27672 55343 3297521
282.0 13888 74070 4629 9259 32405 41664 13888 226838 4629 171286 143510 18517 55552 4629 199062 541635 64811 4629 78699 592558 4629 18517 9259 120363 199062 4629 148139 212950 4629 208321 27776 55552 3309990
283.0 13939 74340 4646 9292 32524 41816 13939 227665 4646 171911 144033 18585 55755 4646 199788 543609 65047 4646 78986 594718 4646 18585 9292 120802 199788 4646 148679 213727 4646 209081 27877 55755 3322057
284.0 13988 74601 4663 9325 32638 41963 13988 228465 4663 172514 144539 18650 55950 4663 200489 545517 65276 4663 79263 596805 4663 18650 9325 121226 200489 4663 149201 214477 4663 209814 27975 55950 3333717
285.0 14035 74852 4678 9357 32748 42104 14035 229235 4678 173096 145026 18713 56139 4678 201166 547358 65496 4678 79531 598819 4678 18713 9357 121635 201166 4678 149705 215201 4678 210522 28070 56139 3344965
286.0 14080 75095 4693 9387 32854 42241 14080 229978 4693 173657 145496 18774 56321 4693 201817 549130 65708 4693 79788 600758 4693 18774 9387 122029 201817 4693 150189 215897 4693 211204 28161 56321 3355796
287.0 14124 75328 4708 9416 32956 42372 14124 230691 4708 174195 145947 18832 56496 4708 202443 550834 65912 4708 80036 602622 4708 18832 9416 122408 202443 4708 150655 216567 4708 211859 28248 56496 3366207
288.0 14166 75551 4722 9444 33054 42498 14166 231375 4722 174712 146380 18888 56663 4722 203044 552468 66107 4722 80273 604409 4722 18888 9444 122771 203044 4722 151102 217210 4722 212488 28332 56663 3376193
289.0 14206 75765 4735 9471 33147 42618 14206 232030 4735 175207 146795 18941 56824 4735 203618 554032 66294 4735 80500 606120 4735 18941 9471 123118 203618 4735 151530 217824 4735 213089 28412 56824 3385749
290.0 14244 75969 4748 9496 33237 42733 14244 232656 4748 175679 147190 18992 56977 4748 204167 555525 66473 4748 80717 607754 4748 18992 9496 123450 204167 4748 151938 218411 4748 213663 28488 56977 3394874
291.0 14281 76164 4760 9520 33322 42842 14281 233251 4760 176128 147567 19041 57123 4760 204690 556946 66643 4760 80924 609309 4760 19041 9520 123766 204690 4760 152327 218970 4760 214210 28561 57123 3403561
292.0 14315 76348 4772 9544 33402 42946 14315 233816 4772 176555 147925 19087 57261 4772 205186 558296 66805 4772 81120 610785 4772 19087 9544 124066 205186 4772 152696 219501 4772 214729 28631 57261 3411810
293.0 14348 76523 4783 9565 33479 43044 14348 234351 4783 176959 148263 19131 57392 4783 205655 559573 66957 4783 81306 612183 4783 19131 9565 124350 205655 4783 153046 220003 4783 215221 28696 57392 3419615
294.0 14379 76688 4793 9586 33551 43137 14379 234856 4793 177340 148582 19172 57516 4793 206098 560778 67102 4793 81480 613500 4793 19172 9586 124617 206098 4793 153375 220477 4793 215684 28758 57516 3426974
295.0 14408 76842 4803 9605 33618 43224 14408 235329 4803 177697 148882 19211 57632 4803 206513 561908 67237 4803 81645 614737 4803 19211 9605 124869 206513 4803 153684 220921 4803 216119 28816 57632 3433884
296.0 14435 76987 4812 9623 33682 43305 14435 235772 4812 178032 149162 19247 57740 4812 206902 562965 67363 4812 81798 615894 4812 19247 9623 125103 206902 4812 153973 221337 4812 216525 28870 57740 3440343
297.0 14460 77121 4820 9640 33740 43381 14460 236183 4820 178342 149422 19280 57841 4820 207263 563948 67481 4820 81941 616968 4820 19280 9640 125322 207263 4820 154242 221723 4820 216903 28920 57841 3446347
298.0 14483 77245 4828 9656 33795 43450 14483 236563 4828 178630 149663 19311 57934 4828 207597 564856 67590 4828 82073 617962 4828 19311 9656 125523 207597 4828 154490 222080 4828 217252 28967 57934 3451896
299.0 14505 77359 4835 9670 33845 43515 14505 236912 4835 178893 149883 19340 58019 4835 207903 565689 67689 4835 82194 618873 4835 19340 9670 125709 207903 4835 154718 222407 4835 217573 29010 58019 3456985
300.0 14524 77463 4841 9683 33890 43573 14524 237230 4841 179133 150084 19366 58097 4841 208181 566446 67780 4841 82304 619702 4841 19366 9683 125877 208181 4841 154925 222705 4841 217864 29049 58097 3461615
301.0 14542 77556 4847 9694 33931 43625 14542 237515 4847 179348 150265 19389 58167 4847 208432 567128 67861 4847 82403 620448 4847 19389 9694 126028 208432 4847 155112 222973 4847 218126 29083 58167 3465782
302.0 14557 77639 4852 9705 33967 43672 14557 237769 4852 179540 150425 19410 58229 4852 208654 567734 67934 4852 82491 621111 4852 19410 9705 126163 208654 4852 155278 223212 4852 218359 29115 58229 3469486
303.0 14571 77711 4857 9714 33999 43713 14571 237991 4857 179707 150566 19428 58284 4857 208849 568264 67997 4857 82568 621691 4857 19428 9714 126281 208849 4857 155423 223420 4857 218563 29142 58284 3472725
304.0 14583 77773 4861 9722 34026 43748 14583 238181 4861 179851 150686 19443 58330 4861 209016 568718 68052 4861 82634 622187 4861 19443 9722 126382 209016 4861 155547 223599 4861 218738 29165 58330 3475499
305.0 14592 77825 4864 9728 34048 43777 14592 238339 4864 179970 150786 19456 58369 4864 209155 569095 68097 4864 82689 622600 4864 19456 9728 126466 209155 4864 155650 223747 4864 218883 29184 58369 3477805
306.0 14600 77866 4867 9733 34066 43800 14600 238465 4867 180066 150866 19467 58400 4867 209265 569396 68133 4867 82733 622929 4867 19467 9733 126533 209265 4867 155732 223865 4867 218999 29200 58400 3479644
307.0 14606 77897 4869 9737 34080 43817 14606 238559 4869 180136 150925 19474 58423 4869 209348 569621 68160 4869 82765 623175 4869 19474 9737 126582 209348 4869 155794 223953 4869 219085 29211 58423 3481015
308.0 14609 77917 4870 9740 34089 43828 14609 238621 4870 180183 150964 19479 58438 4870 209402 569768 68177 4870 82787 623336 4870 19479 9740 126615 209402 4870 155834 224012 4870 219142 29219 58438 3481918
309.0 14611 77927 4870 9741 34093 43834 14611 238651 4870 180206 150983 19482 58445 4870 209428 569840 68186 4870 82797 623414 4870 19482 9741 126631 209428 4870 155854 224039 4870 219169 29223 58445 3482353
310.0 14611 77926 4870 9741 34093 43833 14611 238648 4870 180204 150982 19482 58445 4870 209426 569834 68185 4870 82796 623408 4870 19482 9741 126630 209426 4870 155852 224037 4870 219167 29222 58445 3482319
311.0 14609 77915 4870 9739 34088 43827 14609 238614 4870 180178 150960 19479 58436 4870 209396 569752 68175 4870 82784 623318 4870 19479 9739 126612 209396 4870 155830 224005 4870 219135 29218 58436 3481818
312.0 14605 77893 4868 9737 34078 43815 14605 238548 4868 180128 150918 19473 58420 4868 209338 569593 68156 4868 82761 623145 4868 19473 9737 126576 209338 4868 155786 223943 4868 219074 29210 58420 3480849
313.0 14599 77861 4866 9733 34064 43797 14599 238449 4866 180054 150856 19465 58396 4866 209251 569359 68128 4866 82727 622888 4866 19465 9733 126524 209251 4866 155722 223850 4866 218984 29198 58396 3479414
314.0 14591 77818 4864 9727 34046 43773 14591 238319 4864 179955 150773 19455 58364 4864 209137 569048 68091 4864 82682 622548 4864 19455 9727 126455 209137 4864 155637 223728 4864 218864 29182 58364 3477513
315.0 14581 77766 4860 9721 34022 43743 14581 238157 4860 179833 150671 19441 58324 4860 208995 568661 68045 4860 82626 622124 4860 19441 9721 126369 208995 4860 155531 223576 4860 218716 29162 58324 3475148
316.0 14569 77702 4856 9713 33995 43708 14569 237963 4856 179686 150548 19426 58277 4856 208825 568198 67989 4856 82559 621618 4856 19426 9713 126266 208825 4856 155405 223394 4856 218538 29138 58277 3472320
317.0 14555 77629 4852 9704 33963 43666 14555 237738 4852 179516 150406 19407 58221 4852 208627 567660 67925 4852 82480 621029 4852 19407 9704 126147 208627 4852 155257 223182 4852 218331 29111 58221 3469030
318.0 14540 77545 4847 9693 33926 43619 14540 237481 4847 179322 150243 19386 58159 4847 208402 567046 67852 4847 82391 620358 4847 19386 9693 126010 208402 4847 155090 222941 4847 218095 29079 58159 3465281
319.0 14522 77451 4841 9681 33885 43566 14522 237192 4841 179105 150061 19363 58088 4841 208148 566358 67769 4841 82291 619605 4841 19363 9681 125857 208148 4841 154901 222670 4841 217830 29044 58088 3461074
320.0 14502 77346 4834 9668 33839 43507 14502 236873 4834 178863 149858 19337 58010 4834 207868 565595 67678 4834 82180 618770 4834 19337 9668 125688 207868 4834 154693 222370 4834 217536 29005 58010 3456411
321.0 14481 77232 4827 9654 33789 43443 14481 236522 4827 178598 149637 19308 57924 4827 207560 564757 67578 4827 82059 617854 4827 19308 9654 125502 207560 4827 154464 222041 4827 217214 28962 57924 3451295
322.0 14458 77107 4819 9638 33734 43373 14458 236141 4819 178310 149395 19277 57830 4819 207226 563846 67469 4819 81926 616858 4819 19277 9638 125299 207226 4819 154214 221683 4819 216864 28915 57830 3445728
323.0 14432 76973 4811 9622 33676 43297 14432 235729 4811 177999 149134 19243 57729 4811 206864 562862 67351 4811 81783 615781 4811 19243 9622 125080 206864 4811 153945 221296 4811 216485 28865 57729 3439712
324.0 14405 76828 4802 9604 33612 43216 14405 235286 4802 177665 148854 19207 57621 4802 206475 561805 67225 4802 81630 614624 4802 19207 9604 124846 206475 4802 153656 220881 4802 216079 28811 57621 3433252
325.0 14376 76674 4792 9584 33545 43129 14376 234813 4792 177308 148555 19168 57505 4792 206060 560675 67089 4792 81466 613388 4792 19168 9584 124595 206060 4792 153347 220436 4792 215644 28753 57505 3426349
326.0 14345 76509 4782 9564 33473 43036 14345 234310 4782 176928 148237 19127 57382 4782 205619 559474 66946 4782 81291 612074 4782 19127 9564 124328 205619 4782 153019 219964 4782 215182 28691 57382 3419008
327.0 14313 76335 4771 9542 33397 42939 14313 233777 4771 176525 147900 19084 57251 4771 205151 558201 66793 4771 81106 610682 4771 19084 9542 124045 205151 4771 152670 219464 4771 214693 28626 57251 3411231
328.0 14278 76152 4759 9519 33316 42835 14278 233214 4759 176100 147544 19038 57114 4759 204657 556858 66633 4759 80911 609212 4759 19038 9519 123746 204657 4759 152303 218936 4759 214176 28557 57114 3403022
329.0 14242 75958 4747 9495 33232 42727 14242 232622 4747 175654 147169 18990 56969 4747 204138 555445 66463 4747 80706 607666 4747 18990 9495 123432 204138 4747 151917 218380 4747 213633 28484 56969 3394385
330.0 14204 75756 4735 9469 33143 42612 14204 232001 4735 175185 146776 18939 56817 4735 203593 553962 66286 4735 80490 606044 4735 18939 9469 123103 203593 4735 151511 217797 4735 213062 28408 56817 3385324
331.0 14164 75543 4721 9443 33050 42493 14164 231352 4721 174694 146365 18886 56658 4721 203023 552411 66100 4721 80265 604347 4721 18886 9443 122758 203023 4721 151087 217187 4721 212466 28329 56658 3375843
332.0 14123 75322 4708 9415 32953 42369 14123 230673 4708 174182 145936 18830 56491 4708 202428 550791 65907 4708 80030 602575 4708 18830 9415 122398 202428 4708 150644 216550 4708 211843 28246 56491 3365947
333.0 14080 75091 4693 9386 32852 42239 14080 229967 4693 173648 145489 18773 56318 4693 201808 549105 65705 4693 79784 600730 4693 18773 9386 122023 201808 4693 150182 215887 4693 211194 28159 56318 3355639
334.0 14035 74851 4678 9356 32748 42104 14035 229233 4678 173094 145025 18713 56139 4678 201163 547351 65495 4678 79530 598812 4678 18713 9356 121634 201163 4678 149703 215198 4678 210520 28069 56139 3344924
335.0 13988 74603 4663 9325 32639 41964 13988 228471 4663 172519 144543 18651 55952 4663 200495 545532 65277 4663 79265 596821 4663 18651 9325 121229 200495 4663 149205 214483 4663 209820 27976 55952 3333807
336.0 13940 74345 4647 9293 32526 41819 13940 227682 4647 171923 144044 18586 55759 4647 199802 543648 65052 4647 78992 594760 4647 18586 9293 120811 199802 4647 148690 213742 4647 209095 27879 55759 3322294
337.0 13890 74079 4630 9260 32409 41669 13890 226866 4630 171307 143527 18520 55559 4630 199086 541700 64819 4630 78709 592629 4630 18520 9260 120378 199086 4630 148157 212976 4630 208346 27779 55559 3310388
338.0 13838 73804 4613 9225 32289 41514 13838 226023 4613 170671 142994 18451 55353 4613 198347 539688 64578 4613 78416 590428 4613 18451 9225 119931 198347 4613 147607 212185 4613 207572 27676 55353 3298096
339.0 13785 73520 4595 9190 32165 41355 13785 225155 4595 170015 142445 18380 55140 4595 197585 537614 64330 4595 78115 588159 4595 18380 9190 119470 197585 4595 147040 211370 4595 206775 27570 55140 3285422
340.0 13730 73228 4577 9153 32037 41191 13730 224260 4577 169340 141879 18307 54921 4577 196800 535479 64074 4577 77805 585823 4577 18307 9153 118995 196800 4577 146456 210530 4577 205953 27460 54921 3272372
341.0 13674 72928 4558 9116 31906 41022 13674 223341 4558 168645 141297 18232 54696 4558 195993 533283 63812 4558 77486 583421 4558 18232 9116 118507 195993 4558 145855 209667 4558 205109 27348 54696 3258951
342.0 13616 72619 4539 9077 31771 40848 13616 222396 4539 167932 140700 18155 54464 4539 195164 531027 63542 4539 77158 580953 4539 18155 9077 118006 195164 4539 145238 208780 4539 204241 27232 54464 3245166
343.0 13557 72303 4519 9038 31632 40670 13557 221427 4519 167200 140086 18076 54227 4519 194313 528713 63265 4519 76822 578421 4519 18076 9038 117492 194313 4519 144605 207870 4519 203351 27113 54227 3231022
344.0 13496 71978 4499 8997 31490 40488 13496 220433 4499 166450 139458 17995 53984 4499 193441 526341 62981 4499 76477 575826 4499 17995 8997 116965 193441 4499 143956 206937 4499 202439 26992 53984 3216526
345.0 13434 71646 4478 8956 31345 40301 13434 219416 4478 165681 138814 17912 53735 4478 192549 523912 62690 4478 76124 573168 4478 17912 8956 116425 192549 4478 143292 205982 4478 201504 26867 53735 3201682
346.0 13370 71306 4457 8913 31196 40110 13370 218375 4457 164896 138156 17827 53480 4457 191635 521427 62393 4457 75763 570450 4457 17827 8913 115873 191635 4457 142612 205005 4457 200549 26740 53480 3186497
347.0 13305 70959 4435 8870 31045 39914 13305 217312 4435 164093 137483 17740 53219 4435 190702 518887 62089 4435 75394 567672 4435 17740 8870 115308 190702 4435 141918 204007 4435 199572 26610 53219 3170978
348.0 13238 70604 4413 8826 30889 39715 13238 216226 4413 163273 136796 17651 52953 4413 189749 516294 61779 4413 75017 564835 4413 17651 8826 114732 189749 4413 141209 202987 4413 198575 26477 52953 3155131
349.0 13170 70243 4390 8780 30731 39511 13170 215118 4390 162436 136095 17561 52682 4390 188777 513648 61462 4390 74633 561940 4390 17561 8780 114144 188777 4390 140485 201947 4390 197557 26341 52682 3138962
350.0 13101 69874 4367 8734 30570 39304 13101 213988 4367 161583 135380 17468 52405 4367 187785 510951 61139 4367 74241 558989 4367 17468 8734 113545 187785 4367 139747 200887 4367 196520 26203 52405 3122479
351.0 13031 69498 4344 8687 30405 39093 13031 212837 4344 160714 134652 17374 52123 4344 186776 508203 60811 4344 73841 555983 4344 17374 8687 112934 186776 4344 138996 199806 4344 195463 26062 52123 3105687
352.0 12959 69115 4320 8639 30238 38877 12959 211666 4320 159829 133911 17279 51837 4320 185748 505406 60476 4320 73435 552923 4320 17279 8639 112312 185748 4320 138231 198707 4320 194387 25918 51837 3088593
353.0 12886 68726 4295 8591 30068 38659 12886 210474 4295 158929 133157 17182 51545 4295 184702 502561 60135 4295 73022 549810 4295 17182 8591 111680 184702 4295 137452 197588 4295 193293 25772 51545 3071204
354.0 12812 68331 4271 8541 29895 38436 12812 209263 4271 158015 132391 17083 51248 4271 183639 499668 59789 4271 72601 546645 4271 17083 8541 111037 183639 4271 136661 196451 4271 192180 25624 51248 3053527
355.0 12737 67929 4246 8491 29719 38210 12737 208032 4246 157085 131612 16982 50947 4246 182559 496730 59438 4246 72174 543431 4246 16982 8491 110384 182559 4246 135858 195295 4246 191050 25473 50947 3035569
356.0 12660 67521 4220 8440 29540 37980 12660 206783 4220 156142 130822 16880 50641 4220 181462 493746 59081 4220 71741 540167 4220 16880 8440 109721 181462 4220 135042 194122 4220 189902 25320 50641 3017337
357.0 12583 67107 4194 8388 29359 37748 12583 205515 4194 155185 130020 16777 50330 4194 180350 490719 58719 4194 71301 536855 4194 16777 8388 109049 180350 4194 134214 192932 4194 188738 25165 50330 2998838
358.0 12504 66687 4168 8336 29176 37511 12504 204229 4168 154214 129206 16672 50015 4168 179222 487649 58351 4168 70855 533497 4168 16672 8336 108367 179222 4168 133374 191725 4168 187557 25008 50015 2980079
359.0 12424 66262 4141 8283 28989 37272 12424 202926 4141 153230 128382 16565 49696 4141 178078 484538 57979 4141 70403 530093 4141 16565 8283 107675 178078 4141 132523 190502 4141 186361 24848 49696 2961067
360.0 12343 65831 4114 8229 28801 37030 12343 201607 4114 152234 127547 16458 49373 4114 176920 481387 57602 4114 69945 526646 4114 16458 8229 106975 176920 4114 131661 189263 4114 185149 24687 49373 2941810
361.0 12261 65394 4087 8174 28610 36784 12261 200270 4087 151225 126702 16349 49046 4087 175748 478197 57220 4087 69482 523155 4087 16349 8174 106266 175748 4087 130789 188009 4087 183922 24523 49046 2922314
362.0 12179 64953 4060 8119 28417 36536 12179 198919 4060 150204 125846 16238 48715 4060 174561 474969 56834 4060 69013 519624 4060 16238 8119 105549 174561 4060 129906 186740 4060 182680 24357 48715 2902587
363.0 12095 64507 4032 8063 28222 36285 12095 197551 4032 149171 124981 16127 48380 4032 173361 471704 56443 4032 68538 516052 4032 16127 8063 104823 173361 4032 129013 185456 4032 181425 24190 48380 2882636
364.0 12010 64055 4003 8007 28024 36031 12010 196169 4003 148128 124107 16014 48041 4003 172148 468404 56048 4003 68059 512442 4003 16014 8007 104090 172148 4003 128110 184159 4003 180155 24021 48041 2862469
365.0 11925 63599 3975 7950 27825 35775 11925 194773 3975 147073 123224 15900 47699 3975 170923 465070 55649 3975 67574 508794 3975 15900 7950 103349 170923 3975 127199 182848 3975 178873 23850 47699 2842092
