Covid-19 Recovered Estimated by PSD Model @ CDS/IISc
Day AN AP AR AS BR CH CT DL GA GJ HR HP JK JH KA KL LA LD MP MH MN OR PY PB RJ SK TN TG TR UP UT WB Total
0.0 0 0 0 0 0 0 0 0 0 0 0 0 0 0 0 0 0 0 0 0 0 0 0 0 0 0 0 0 0 0 0 0 0
1.0 0 0 0 0 0 0 0 1 0 0 0 0 0 0 1 1 0 0 0 2 0 0 0 0 1 0 0 1 0 1 0 0 8
2.0 0 0 0 0 0 0 0 1 0 1 0 0 0 0 1 2 0 0 0 2 0 0 0 0 1 0 0 1 0 1 0 0 10
3.0 0 0 0 0 0 0 0 1 0 1 1 0 0 0 1 2 0 0 0 2 0 0 0 0 1 0 1 1 0 1 0 0 13
4.0 0 0 0 0 0 0 0 1 0 1 1 0 0 0 1 2 0 0 0 3 0 0 0 1 1 0 1 1 0 1 0 0 15
5.0 0 0 0 0 0 0 0 1 0 1 1 0 0 0 1 3 0 0 0 3 0 0 0 1 1 0 1 1 0 1 0 0 18
6.0 0 0 0 0 0 0 0 1 0 1 1 0 0 0 1 3 0 0 0 4 0 0 0 1 1 0 1 1 0 1 0 0 21
7.0 0 1 0 0 0 0 0 2 0 1 1 0 0 0 1 4 0 0 1 4 0 0 0 1 1 0 1 2 0 2 0 0 25
8.0 0 1 0 0 0 0 0 2 0 1 1 0 0 0 2 5 1 0 1 5 0 0 0 1 2 0 1 2 0 2 0 0 29
9.0 0 1 0 0 0 0 0 2 0 2 1 0 1 0 2 6 1 0 1 6 0 0 0 1 2 0 2 2 0 2 0 1 34
10.0 0 1 0 0 0 0 0 3 0 2 2 0 1 0 2 6 1 0 1 7 0 0 0 1 2 0 2 3 0 2 0 1 39
11.0 0 1 0 0 0 1 0 3 0 2 2 0 1 0 3 8 1 0 1 8 0 0 0 2 3 0 2 3 0 3 0 1 46
12.0 0 1 0 0 1 1 0 4 0 3 2 0 1 0 3 9 1 0 1 10 0 0 0 2 3 0 2 3 0 3 0 1 54
13.0 0 1 0 0 1 1 0 4 0 3 3 0 1 0 4 10 1 0 1 11 0 0 0 2 4 0 3 4 0 4 1 1 62
14.0 0 2 0 0 1 1 0 5 0 4 3 0 1 0 4 12 1 0 2 13 0 0 0 3 4 0 3 5 0 5 1 1 72
15.0 0 2 0 0 1 1 0 6 0 4 4 0 1 0 5 14 2 0 2 15 0 0 0 3 5 0 4 5 0 5 1 1 83
16.0 0 2 0 0 1 1 0 7 0 5 4 1 2 0 6 16 2 0 2 17 0 1 0 4 6 0 4 6 0 6 1 2 96
17.0 0 2 0 0 1 1 0 8 0 6 5 1 2 0 7 18 2 0 3 20 0 1 0 4 7 0 5 7 0 7 1 2 111
18.0 1 3 0 0 1 2 1 9 0 7 5 1 2 0 8 21 2 0 3 23 0 1 0 5 8 0 6 8 0 8 1 2 126
19.0 1 3 0 0 1 2 1 10 0 7 6 1 2 0 9 24 3 0 3 26 0 1 0 5 9 0 6 9 0 9 1 2 144
20.0 1 4 0 0 2 2 1 11 0 8 7 1 3 0 10 27 3 0 4 29 0 1 0 6 10 0 7 10 0 10 1 3 163
21.0 1 4 0 1 2 2 1 13 0 9 8 1 3 0 11 30 4 0 4 33 0 1 1 7 11 0 8 12 0 12 2 3 183
22.0 1 5 0 1 2 3 1 14 0 11 9 1 3 0 12 33 4 0 5 37 0 1 1 7 12 0 9 13 0 13 2 3 205
23.0 1 5 0 1 2 3 1 16 0 12 10 1 4 0 14 37 4 0 5 41 0 1 1 8 14 0 10 15 0 14 2 4 229
24.0 1 6 0 1 2 3 1 17 0 13 11 1 4 0 15 42 5 0 6 46 0 1 1 9 15 0 11 16 0 16 2 4 254
25.0 1 6 0 1 3 4 1 19 0 15 12 2 5 0 17 46 6 0 7 51 0 2 1 10 17 0 13 18 0 18 2 5 282
26.0 1 7 0 1 3 4 1 21 0 16 14 2 5 0 19 51 6 0 7 56 0 2 1 11 19 0 14 20 0 20 3 5 313
27.0 1 8 0 1 3 4 1 24 0 18 15 2 6 0 21 57 7 0 8 62 0 2 1 13 21 0 15 22 0 22 3 6 345
28.0 2 9 1 1 4 5 2 26 1 20 16 2 6 1 23 62 7 1 9 68 1 2 1 14 23 1 17 24 1 24 3 6 380
29.0 2 9 1 1 4 5 2 29 1 22 18 2 7 1 25 68 8 1 10 75 1 2 1 15 25 1 19 27 1 26 4 7 418
30.0 2 10 1 1 4 6 2 31 1 24 20 3 8 1 28 75 9 1 11 82 1 3 1 17 28 1 21 30 1 29 4 8 459
31.0 2 11 1 1 5 6 2 34 1 26 22 3 8 1 30 82 10 1 12 90 1 3 1 18 30 1 22 32 1 32 4 8 502
32.0 2 12 1 2 5 7 2 38 1 28 24 3 9 1 33 90 11 1 13 98 1 3 2 20 33 1 25 35 1 35 5 9 548
33.0 3 13 1 2 6 8 3 41 1 31 26 3 10 1 36 98 12 1 14 107 1 3 2 22 36 1 27 38 1 38 5 10 598
34.0 3 15 1 2 6 8 3 45 1 34 28 4 11 1 39 106 13 1 15 116 1 4 2 24 39 1 29 42 1 41 5 11 650
35.0 3 16 1 2 7 9 3 48 1 37 31 4 12 1 42 116 14 1 17 126 1 4 2 26 42 1 32 45 1 44 6 12 706
36.0 3 17 1 2 7 10 3 52 1 40 33 4 13 1 46 125 15 1 18 137 1 4 2 28 46 1 34 49 1 48 6 13 766
37.0 3 19 1 2 8 10 3 57 1 43 36 5 14 1 50 136 16 1 20 148 1 5 2 30 50 1 37 53 1 52 7 14 829
38.0 4 20 1 3 9 11 4 61 1 46 39 5 15 1 54 146 18 1 21 160 1 5 3 33 54 1 40 58 1 56 8 15 894
39.0 4 22 1 3 9 12 4 66 1 50 42 5 16 1 58 157 19 1 23 172 1 5 3 35 58 1 43 62 1 61 8 16 962
40.0 4 23 1 3 10 13 4 71 1 53 45 6 17 1 62 169 20 1 25 185 1 6 3 38 62 1 46 66 1 65 9 17 1033
41.0 5 25 2 3 11 14 5 76 2 57 48 6 19 2 66 181 22 2 26 198 2 6 3 40 66 2 49 71 2 70 9 19 1105
42.0 5 26 2 3 12 15 5 81 2 61 51 7 20 2 71 193 23 2 28 211 2 7 3 43 71 2 53 76 2 74 10 20 1179
43.0 5 28 2 4 12 16 5 86 2 65 54 7 21 2 75 205 25 2 30 224 2 7 4 46 75 2 56 81 2 79 11 21 1254
44.0 6 30 2 4 13 17 6 91 2 69 58 7 22 2 80 218 26 2 32 238 2 7 4 48 80 2 59 86 2 84 11 22 1329
45.0 6 31 2 4 14 18 6 96 2 73 61 8 24 2 85 230 28 2 33 252 2 8 4 51 85 2 63 90 2 88 12 24 1405
46.0 6 33 2 4 15 19 6 102 2 77 64 8 25 2 89 242 29 2 35 265 2 8 4 54 89 2 66 95 2 93 12 25 1481
47.0 7 35 2 4 15 20 7 107 2 81 68 9 26 2 94 255 30 2 37 279 2 9 4 57 94 2 70 100 2 98 13 26 1557
48.0 7 37 2 5 16 21 7 112 2 84 71 9 27 2 98 267 32 2 39 292 2 9 5 59 98 2 73 105 2 103 14 27 1631
49.0 7 38 2 5 17 21 7 117 2 88 74 10 29 2 102 279 33 2 41 305 2 10 5 62 102 2 76 110 2 107 14 29 1704
50.0 7 40 2 5 17 22 7 122 2 92 77 10 30 2 107 290 35 2 42 318 2 10 5 65 107 2 79 114 2 112 15 30 1775
51.0 8 41 3 5 18 23 8 126 3 95 80 10 31 3 111 302 36 3 44 330 3 10 5 67 111 3 82 119 3 116 15 31 1843
52.0 8 43 3 5 19 24 8 132 3 100 83 11 32 3 116 315 38 3 46 344 3 11 5 70 116 3 86 124 3 121 16 32 1923
53.0 8 45 3 6 20 25 8 138 3 104 87 11 34 3 121 329 39 3 48 360 3 11 6 73 121 3 90 130 3 127 17 34 2014
54.0 9 47 3 6 21 27 9 144 3 109 91 12 35 3 127 345 41 3 50 377 3 12 6 77 127 3 94 135 3 133 18 35 2106
55.0 9 49 3 6 22 28 9 151 3 114 95 12 37 3 132 360 43 3 52 394 3 12 6 80 132 3 98 142 3 138 18 37 2200
56.0 10 51 3 6 22 29 10 157 3 119 100 13 39 3 138 376 45 3 55 411 3 13 6 84 138 3 103 148 3 145 19 39 2297
57.0 10 54 3 7 23 30 10 164 3 124 104 13 40 3 144 392 47 3 57 429 3 13 7 87 144 3 107 154 3 151 20 40 2398
58.0 10 56 3 7 24 31 10 171 3 129 108 14 42 3 150 409 49 3 59 448 3 14 7 91 150 3 112 161 3 157 21 42 2502
59.0 11 58 4 7 26 33 11 179 4 135 113 15 44 4 157 427 51 4 62 467 4 15 7 95 157 4 117 168 4 164 22 44 2609
60.0 11 61 4 8 27 34 11 186 4 141 118 15 46 4 164 445 53 4 65 487 4 15 8 99 164 4 122 175 4 171 23 46 2720
61.0 12 63 4 8 28 36 12 194 4 147 123 16 48 4 170 464 55 4 67 507 4 16 8 103 170 4 127 182 4 178 24 48 2833
62.0 12 66 4 8 29 37 12 202 4 153 128 17 50 4 177 483 58 4 70 528 4 17 8 107 177 4 132 190 4 186 25 50 2950
63.0 13 69 4 9 30 39 13 210 4 159 133 17 52 4 185 502 60 4 73 550 4 17 9 112 185 4 137 198 4 193 26 52 3070
64.0 13 71 4 9 31 40 13 219 4 165 138 18 54 4 192 522 63 4 76 572 4 18 9 116 192 4 143 205 4 201 27 54 3193
65.0 14 74 5 9 32 42 14 227 5 172 144 19 56 5 200 543 65 5 79 594 5 19 9 121 200 5 149 213 5 209 28 56 3318
66.0 14 77 5 10 34 43 14 235 5 177 149 19 57 5 206 560 67 5 81 613 5 19 10 125 206 5 153 220 5 216 29 57 3425
67.0 15 79 5 10 34 44 15 241 5 182 152 20 59 5 211 575 69 5 84 630 5 20 10 128 211 5 157 226 5 221 30 59 3517
68.0 15 81 5 10 35 45 15 247 5 187 157 20 61 5 217 591 71 5 86 646 5 20 10 131 217 5 162 232 5 227 30 61 3610
69.0 16 83 5 10 36 47 16 254 5 192 161 21 62 5 223 606 73 5 88 663 5 21 10 135 223 5 166 238 5 233 31 62 3706
70.0 16 85 5 11 37 48 16 261 5 197 165 21 64 5 229 622 74 5 90 681 5 21 11 138 229 5 170 245 5 239 32 64 3803
71.0 16 87 5 11 38 49 16 267 5 202 169 22 65 5 235 639 76 5 93 699 5 22 11 142 235 5 175 251 5 246 33 65 3903
72.0 17 90 6 11 39 50 17 274 6 207 174 22 67 6 241 655 78 6 95 717 6 22 11 146 241 6 179 258 6 252 34 67 4004
73.0 17 92 6 11 40 52 17 281 6 213 178 23 69 6 247 672 80 6 98 735 6 23 11 149 247 6 184 264 6 259 34 69 4107
74.0 18 94 6 12 41 53 18 289 6 218 183 24 71 6 253 689 82 6 100 754 6 24 12 153 253 6 189 271 6 265 35 71 4213
75.0 18 97 6 12 42 54 18 296 6 224 187 24 72 6 260 707 85 6 103 773 6 24 12 157 260 6 193 278 6 272 36 72 4320
76.0 19 99 6 12 43 56 19 304 6 229 192 25 74 6 266 725 87 6 105 793 6 25 12 161 266 6 198 285 6 279 37 74 4429
77.0 19 102 6 13 44 57 19 311 6 235 197 25 76 6 273 743 89 6 108 813 6 25 13 165 273 6 203 292 6 286 38 76 4539
78.0 20 104 7 13 46 59 20 319 7 241 202 26 78 7 280 761 91 7 111 833 7 26 13 169 280 7 208 299 7 293 39 78 4652
79.0 20 107 7 13 47 60 20 327 7 247 207 27 80 7 287 780 93 7 113 853 7 27 13 173 287 7 213 307 7 300 40 80 4766
80.0 20 109 7 14 48 61 20 335 7 253 212 27 82 7 294 799 96 7 116 874 7 27 14 178 294 7 218 314 7 307 41 82 4882
81.0 21 112 7 14 49 63 21 343 7 259 217 28 84 7 301 818 98 7 119 895 7 28 14 182 301 7 224 322 7 315 42 84 4999
82.0 21 115 7 14 50 64 21 351 7 265 222 29 86 7 308 837 100 7 122 916 7 29 14 186 308 7 229 329 7 322 43 86 5118
83.0 22 117 7 15 51 66 22 359 7 271 227 29 88 7 315 857 103 7 125 938 7 29 15 190 315 7 234 337 7 330 44 88 5238
84.0 22 120 7 15 52 67 22 367 7 277 232 30 90 7 322 877 105 7 127 959 7 30 15 195 322 7 240 345 7 337 45 90 5359
85.0 23 123 8 15 54 69 23 376 8 284 238 31 92 8 330 897 107 8 130 981 8 31 15 199 330 8 245 353 8 345 46 92 5482
86.0 24 125 8 16 55 71 24 384 8 290 243 31 94 8 337 917 110 8 133 1004 8 31 16 204 337 8 251 361 8 353 47 94 5606
87.0 24 128 8 16 56 72 24 393 8 297 248 32 96 8 345 938 112 8 136 1026 8 32 16 208 345 8 256 369 8 361 48 96 5731
88.0 25 131 8 16 57 74 25 401 8 303 254 33 98 8 352 958 115 8 139 1048 8 33 16 213 352 8 262 377 8 369 49 98 5856
89.0 25 134 8 17 59 75 25 410 8 310 259 33 100 8 360 979 117 8 142 1071 8 33 17 218 360 8 268 385 8 377 50 100 5983
90.0 26 137 9 17 60 77 26 419 9 316 265 34 103 9 367 1000 120 9 145 1094 9 34 17 222 367 9 273 393 9 385 51 103 6110
91.0 26 140 9 17 61 79 26 428 9 323 270 35 105 9 375 1021 122 9 148 1117 9 35 17 227 375 9 279 401 9 393 52 105 6238
92.0 27 142 9 18 62 80 27 436 9 329 276 36 107 9 383 1042 125 9 151 1140 9 36 18 232 383 9 285 410 9 401 53 107 6366
93.0 27 145 9 18 64 82 27 445 9 336 282 36 109 9 391 1063 127 9 154 1163 9 36 18 236 391 9 291 418 9 409 55 109 6495
94.0 28 148 9 19 65 83 28 454 9 343 287 37 111 9 398 1084 130 9 157 1186 9 37 19 241 398 9 296 426 9 417 56 111 6624
95.0 28 151 9 19 66 85 28 463 9 349 293 38 113 9 406 1105 132 9 161 1209 9 38 19 246 406 9 302 434 9 425 57 113 6754
96.0 29 154 10 19 67 87 29 472 10 356 298 39 116 10 414 1127 135 10 164 1233 10 39 19 250 414 10 308 443 10 433 58 116 6885
97.0 29 157 10 20 69 88 29 481 10 363 304 39 118 10 422 1148 137 10 167 1256 10 39 20 255 422 10 314 451 10 442 59 118 7017
98.0 30 160 10 20 70 90 30 490 10 370 310 40 120 10 430 1170 140 10 170 1280 10 40 20 260 430 10 320 460 10 450 60 120 7151
99.0 31 163 10 20 71 92 31 499 10 377 316 41 122 10 438 1192 143 10 173 1304 10 41 20 265 438 10 326 469 10 459 61 122 7286
100.0 31 166 10 21 73 93 31 509 10 384 322 42 125 10 446 1215 145 10 176 1329 10 42 21 270 446 10 332 478 10 467 62 125 7423
101.0 32 169 11 21 74 95 32 518 11 391 328 42 127 11 455 1237 148 11 180 1353 11 42 21 275 455 11 338 486 11 476 63 127 7561
102.0 32 172 11 22 75 97 32 528 11 398 334 43 129 11 463 1260 151 11 183 1378 11 43 22 280 463 11 345 495 11 485 65 129 7700
103.0 33 175 11 22 77 99 33 537 11 406 340 44 132 11 472 1283 154 11 186 1404 11 44 22 285 472 11 351 504 11 494 66 132 7841
104.0 33 179 11 22 78 100 33 547 11 413 346 45 134 11 480 1306 156 11 190 1429 11 45 22 290 480 11 357 514 11 502 67 134 7984
105.0 34 182 11 23 80 102 34 557 11 421 352 45 136 11 489 1330 159 11 193 1455 11 45 23 296 489 11 364 523 11 512 68 136 8128
106.0 35 185 12 23 81 104 35 567 12 428 359 46 139 12 498 1354 162 12 197 1481 12 46 23 301 498 12 370 532 12 521 69 139 8275
107.0 35 188 12 24 82 106 35 577 12 436 365 47 141 12 507 1378 165 12 200 1508 12 47 24 306 507 12 377 542 12 530 71 141 8422
108.0 36 192 12 24 84 108 36 587 12 444 372 48 144 12 516 1403 168 12 204 1535 12 48 24 312 516 12 384 551 12 540 72 144 8572
109.0 37 195 12 24 85 110 37 598 12 451 378 49 146 12 525 1427 171 12 207 1562 12 49 24 317 525 12 390 561 12 549 73 146 8724
110.0 37 199 12 25 87 112 37 608 12 459 385 50 149 12 534 1453 174 12 211 1589 12 50 25 323 534 12 397 571 12 559 74 149 8877
111.0 38 202 13 25 88 114 38 619 13 467 392 51 152 13 543 1478 177 13 215 1617 13 51 25 328 543 13 404 581 13 568 76 152 9032
112.0 39 206 13 26 90 116 39 630 13 475 398 51 154 13 553 1504 180 13 218 1645 13 51 26 334 553 13 411 591 13 578 77 154 9189
113.0 39 209 13 26 92 118 39 641 13 484 405 52 157 13 562 1530 183 13 222 1673 13 52 26 340 562 13 418 601 13 588 78 157 9347
114.0 40 213 13 27 93 120 40 652 13 492 412 53 160 13 572 1556 186 13 226 1702 13 53 27 346 572 13 426 612 13 598 80 160 9508
115.0 41 216 14 27 95 122 41 663 14 500 419 54 162 14 582 1582 189 14 230 1731 14 54 27 352 582 14 433 622 14 609 81 162 9671
116.0 41 220 14 28 96 124 41 674 14 509 426 55 165 14 591 1609 193 14 234 1761 14 55 28 358 591 14 440 633 14 619 83 165 9835
117.0 42 224 14 28 98 126 42 685 14 518 434 56 168 14 601 1637 196 14 238 1790 14 56 28 364 601 14 448 643 14 629 84 168 10001
118.0 43 228 14 28 100 128 43 697 14 526 441 57 171 14 612 1664 199 14 242 1821 14 57 28 370 612 14 455 654 14 640 85 171 10169
119.0 43 231 14 29 101 130 43 709 14 535 448 58 174 14 622 1692 202 14 246 1851 14 58 29 376 622 14 463 665 14 651 87 174 10339
120.0 44 235 15 29 103 132 44 720 15 544 456 59 176 15 632 1720 206 15 250 1882 15 59 29 382 632 15 470 676 15 662 88 176 10511
121.0 45 239 15 30 105 134 45 732 15 553 463 60 179 15 643 1748 209 15 254 1913 15 60 30 389 643 15 478 687 15 672 90 179 10685
122.0 46 243 15 30 106 137 46 744 15 562 471 61 182 15 653 1777 213 15 258 1944 15 61 30 395 653 15 486 699 15 684 91 182 10861
123.0 46 247 15 31 108 139 46 756 15 571 479 62 185 15 664 1806 216 15 262 1976 15 62 31 401 664 15 494 710 15 695 93 185 11039
124.0 47 251 16 31 110 141 47 769 16 581 486 63 188 16 675 1836 220 16 267 2008 16 63 31 408 675 16 502 722 16 706 94 188 11218
125.0 48 255 16 32 112 143 48 781 16 590 494 64 191 16 686 1865 223 16 271 2041 16 64 32 415 686 16 510 733 16 717 96 191 11400
126.0 49 259 16 32 113 146 49 794 16 599 502 65 194 16 697 1895 227 16 275 2074 16 65 32 421 697 16 518 745 16 729 97 194 11583
127.0 49 263 16 33 115 148 49 807 16 609 510 66 198 16 708 1926 230 16 280 2107 16 66 33 428 708 16 527 757 16 741 99 198 11768
128.0 50 268 17 33 117 150 50 819 17 619 518 67 201 17 719 1956 234 17 284 2140 17 67 33 435 719 17 535 769 17 752 100 201 11956
129.0 51 272 17 34 119 153 51 832 17 628 527 68 204 17 730 1987 238 17 289 2174 17 68 34 442 730 17 544 781 17 764 102 204 12145
130.0 52 276 17 35 121 155 52 845 17 638 535 69 207 17 742 2019 242 17 293 2208 17 69 35 449 742 17 552 794 17 776 104 207 12336
131.0 53 280 18 35 123 158 53 859 18 648 543 70 210 18 753 2050 245 18 298 2243 18 70 35 456 753 18 561 806 18 789 105 210 12528
132.0 53 285 18 36 125 160 53 872 18 658 552 71 214 18 765 2082 249 18 303 2278 18 71 36 463 765 18 569 819 18 801 107 214 12723
133.0 54 289 18 36 126 163 54 885 18 669 560 72 217 18 777 2114 253 18 307 2313 18 72 36 470 777 18 578 831 18 813 108 217 12920
134.0 55 294 18 37 128 165 55 899 18 679 569 73 220 18 789 2147 257 18 312 2348 18 73 37 477 789 18 587 844 18 826 110 220 13118
135.0 56 298 19 37 130 168 56 913 19 689 577 75 224 19 801 2179 261 19 317 2384 19 75 37 484 801 19 596 857 19 838 112 224 13318
136.0 57 303 19 38 132 170 57 927 19 700 586 76 227 19 813 2212 265 19 321 2420 19 76 38 492 813 19 605 870 19 851 113 227 13520
137.0 58 307 19 38 134 173 58 941 19 710 595 77 230 19 825 2246 269 19 326 2457 19 77 38 499 825 19 614 883 19 864 115 230 13724
138.0 58 312 19 39 136 175 58 955 19 721 604 78 234 19 838 2279 273 19 331 2494 19 78 39 507 838 19 623 896 19 877 117 234 13929
139.0 59 316 20 40 138 178 59 969 20 732 613 79 237 20 850 2313 277 20 336 2531 20 79 40 514 850 20 633 909 20 890 119 237 14137
140.0 60 321 20 40 140 181 60 983 20 742 622 80 241 20 863 2347 281 20 341 2568 20 80 40 522 863 20 642 923 20 903 120 241 14346
141.0 61 326 20 41 143 183 61 998 20 753 631 81 244 20 875 2382 285 20 346 2606 20 81 41 529 875 20 651 936 20 916 122 244 14556
142.0 62 330 21 41 145 186 62 1012 21 764 640 83 248 21 888 2417 289 21 351 2644 21 83 41 537 888 21 661 950 21 930 124 248 14769
143.0 63 335 21 42 147 189 63 1027 21 775 650 84 251 21 901 2452 293 21 356 2682 21 84 42 545 901 21 671 964 21 943 126 251 14983
144.0 64 340 21 43 149 191 64 1042 21 787 659 85 255 21 914 2487 298 21 361 2721 21 85 43 553 914 21 680 978 21 957 128 255 15199
145.0 65 345 22 43 151 194 65 1056 22 798 668 86 259 22 927 2523 302 22 367 2760 22 86 43 561 927 22 690 992 22 970 129 259 15416
146.0 66 350 22 44 153 197 66 1072 22 809 678 87 262 22 940 2559 306 22 372 2799 22 87 44 569 940 22 700 1006 22 984 131 262 15635
147.0 67 355 22 44 155 200 67 1087 22 821 687 89 266 22 954 2595 310 22 377 2839 22 89 44 577 954 22 710 1020 22 998 133 266 15856
148.0 67 360 22 45 157 202 67 1102 22 832 697 90 270 22 967 2631 315 22 382 2878 22 90 45 585 967 22 720 1034 22 1012 135 270 16078
149.0 68 365 23 46 160 205 68 1117 23 844 707 91 274 23 980 2668 319 23 388 2918 23 91 46 593 980 23 730 1049 23 1026 137 274 16302
150.0 69 370 23 46 162 208 69 1133 23 855 717 92 277 23 994 2704 324 23 393 2959 23 92 46 601 994 23 740 1063 23 1040 139 277 16527
151.0 70 375 23 47 164 211 70 1148 23 867 726 94 281 23 1008 2742 328 23 398 2999 23 94 47 609 1008 23 750 1078 23 1054 141 281 16754
152.0 71 380 24 48 166 214 71 1164 24 879 736 95 285 24 1021 2779 333 24 404 3040 24 95 48 618 1021 24 760 1093 24 1069 143 285 16982
153.0 72 385 24 48 169 217 72 1180 24 891 746 96 289 24 1035 2816 337 24 409 3081 24 96 48 626 1035 24 770 1107 24 1083 144 289 17212
154.0 73 390 24 49 171 220 73 1195 24 903 756 98 293 24 1049 2854 342 24 415 3123 24 98 49 634 1049 24 781 1122 24 1098 146 293 17442
155.0 74 396 25 49 173 222 74 1211 25 915 766 99 297 25 1063 2892 346 25 420 3164 25 99 49 643 1063 25 791 1137 25 1112 148 297 17675
156.0 75 401 25 50 175 225 75 1227 25 927 776 100 301 25 1077 2930 351 25 426 3206 25 100 50 651 1077 25 801 1152 25 1127 150 301 17908
157.0 76 406 25 51 178 228 76 1243 25 939 787 102 305 25 1091 2969 355 25 431 3248 25 102 51 660 1091 25 812 1167 25 1142 152 305 18143
158.0 77 411 26 51 180 231 77 1260 26 951 797 103 308 26 1105 3008 360 26 437 3290 26 103 51 668 1105 26 823 1182 26 1157 154 308 18379
159.0 78 417 26 52 182 234 78 1276 26 963 807 104 312 26 1120 3046 365 26 443 3333 26 104 52 677 1120 26 833 1198 26 1172 156 312 18617
160.0 79 422 26 53 185 237 79 1292 26 976 817 105 316 26 1134 3085 369 26 448 3375 26 105 53 686 1134 26 844 1213 26 1187 158 316 18855
161.0 80 427 27 53 187 240 80 1309 27 988 828 107 320 27 1148 3125 374 27 454 3418 27 107 53 694 1148 27 855 1228 27 1202 160 320 19095
162.0 81 433 27 54 189 243 81 1325 27 1001 838 108 325 27 1163 3164 379 27 460 3461 27 108 54 703 1163 27 865 1244 27 1217 162 325 19335
163.0 82 438 27 55 192 246 82 1342 27 1013 849 110 329 27 1177 3204 383 27 465 3505 27 110 55 712 1177 27 876 1260 27 1232 164 329 19577
164.0 83 444 28 55 194 249 83 1358 28 1026 859 111 333 28 1192 3243 388 28 471 3548 28 111 55 721 1192 28 887 1275 28 1247 166 333 19820
165.0 84 449 28 56 196 253 84 1375 28 1038 870 112 337 28 1207 3283 393 28 477 3592 28 112 56 730 1207 28 898 1291 28 1263 168 337 20063
166.0 85 454 28 57 199 256 85 1392 28 1051 880 114 341 28 1221 3323 398 28 483 3636 28 114 57 738 1221 28 909 1307 28 1278 170 341 20308
167.0 86 460 29 57 201 259 86 1409 29 1064 891 115 345 29 1236 3363 402 29 489 3679 29 115 57 747 1236 29 920 1322 29 1294 172 345 20553
168.0 87 465 29 58 204 262 87 1425 29 1076 902 116 349 29 1251 3404 407 29 495 3724 29 116 58 756 1251 29 931 1338 29 1309 175 349 20799
169.0 88 471 29 59 206 265 88 1442 29 1089 912 118 353 29 1266 3444 412 29 500 3768 29 118 59 765 1266 29 942 1354 29 1325 177 353 21046
170.0 89 477 30 60 208 268 89 1459 30 1102 923 119 357 30 1281 3484 417 30 506 3812 30 119 60 774 1281 30 953 1370 30 1340 179 357 21294
171.0 90 482 30 60 211 271 90 1476 30 1115 934 121 362 30 1296 3525 422 30 512 3856 30 121 60 783 1296 30 964 1386 30 1356 181 362 21542
172.0 91 488 30 61 213 274 91 1493 30 1128 945 122 366 30 1311 3566 427 30 518 3901 30 122 61 792 1311 30 975 1402 30 1371 183 366 21791
173.0 92 493 31 62 216 277 92 1510 31 1141 956 123 370 31 1326 3607 432 31 524 3946 31 123 62 801 1326 31 986 1418 31 1387 185 370 22040
174.0 94 499 31 62 218 281 94 1528 31 1153 966 125 374 31 1341 3647 436 31 530 3990 31 125 62 811 1341 31 998 1434 31 1403 187 374 22290
175.0 95 504 32 63 221 284 95 1545 32 1166 977 126 378 32 1356 3688 441 32 536 4035 32 126 63 820 1356 32 1009 1450 32 1419 189 378 22541
176.0 96 510 32 64 223 287 96 1562 32 1179 988 128 383 32 1371 3729 446 32 542 4080 32 128 64 829 1371 32 1020 1466 32 1434 191 383 22791
177.0 97 516 32 64 226 290 97 1579 32 1192 999 129 387 32 1386 3771 451 32 548 4125 32 129 64 838 1386 32 1031 1482 32 1450 193 387 23042
178.0 98 521 33 65 228 293 98 1596 33 1205 1010 130 391 33 1401 3812 456 33 554 4170 33 130 65 847 1401 33 1043 1499 33 1466 195 391 23293
179.0 99 527 33 66 231 296 99 1614 33 1218 1021 132 395 33 1416 3853 461 33 560 4215 33 132 66 856 1416 33 1054 1515 33 1482 198 395 23545
180.0 100 533 33 67 233 300 100 1631 33 1231 1032 133 399 33 1431 3894 466 33 566 4260 33 133 67 865 1431 33 1065 1531 33 1498 200 399 23796
181.0 101 538 34 67 235 303 101 1648 34 1244 1043 135 404 34 1446 3935 471 34 572 4305 34 135 67 874 1446 34 1076 1547 34 1514 202 404 24048
182.0 102 544 34 68 238 306 102 1665 34 1257 1054 136 408 34 1461 3976 476 34 578 4350 34 136 68 884 1461 34 1088 1563 34 1529 204 408 24300
183.0 103 549 34 69 240 309 103 1683 34 1270 1064 137 412 34 1477 4017 481 34 584 4395 34 137 69 893 1477 34 1099 1580 34 1545 206 412 24551
184.0 104 555 35 69 243 312 104 1700 35 1283 1075 139 416 35 1492 4059 486 35 590 4440 35 139 69 902 1492 35 1110 1596 35 1561 208 416 24803
185.0 105 561 35 70 245 315 105 1717 35 1296 1086 140 420 35 1507 4100 491 35 596 4485 35 140 70 911 1507 35 1121 1612 35 1577 210 420 25054
186.0 106 566 35 71 248 319 106 1734 35 1309 1097 142 425 35 1522 4141 495 35 602 4530 35 142 71 920 1522 35 1133 1628 35 1593 212 425 25305
187.0 107 572 36 71 250 322 107 1751 36 1322 1108 143 429 36 1537 4182 500 36 608 4575 36 143 71 929 1537 36 1144 1644 36 1608 214 429 25555
188.0 108 577 36 72 253 325 108 1768 36 1335 1119 144 433 36 1552 4223 505 36 614 4620 36 144 72 938 1552 36 1155 1660 36 1624 217 433 25806
189.0 109 583 36 73 255 328 109 1786 36 1348 1130 146 437 36 1567 4264 510 36 620 4664 36 146 73 947 1567 36 1166 1676 36 1640 219 437 26055
190.0 110 589 37 74 258 331 110 1803 37 1361 1140 147 441 37 1582 4304 515 37 625 4709 37 147 74 957 1582 37 1177 1692 37 1656 221 441 26305
191.0 111 594 37 74 260 334 111 1820 37 1374 1151 149 446 37 1597 4345 520 37 631 4754 37 149 74 966 1597 37 1188 1708 37 1671 223 446 26553
192.0 112 600 37 75 262 337 112 1837 37 1387 1162 150 450 37 1612 4386 525 37 637 4798 37 150 75 975 1612 37 1200 1724 37 1687 225 450 26801
193.0 113 605 38 76 265 340 113 1854 38 1400 1173 151 454 38 1627 4426 530 38 643 4842 38 151 76 984 1627 38 1211 1740 38 1702 227 454 27049
194.0 115 611 38 76 267 344 115 1871 38 1412 1183 153 458 38 1642 4466 534 38 649 4886 38 153 76 993 1642 38 1222 1756 38 1718 229 458 27295
195.0 116 616 39 77 270 347 116 1887 39 1425 1194 154 462 39 1656 4507 539 39 655 4930 39 154 77 1001 1656 39 1233 1772 39 1733 231 462 27540
196.0 117 622 39 78 272 350 117 1904 39 1438 1205 155 466 39 1671 4547 544 39 661 4974 39 155 78 1010 1671 39 1244 1788 39 1749 233 466 27785
197.0 118 627 39 78 274 353 118 1921 39 1450 1215 157 470 39 1686 4586 549 39 666 5018 39 157 78 1019 1686 39 1254 1803 39 1764 235 470 28029
198.0 119 633 40 79 277 356 119 1937 40 1463 1226 158 474 40 1700 4626 554 40 672 5061 40 158 79 1028 1700 40 1265 1819 40 1779 237 474 28271
199.0 120 638 40 80 279 359 120 1954 40 1475 1236 160 479 40 1715 4666 558 40 678 5104 40 160 80 1037 1715 40 1276 1834 40 1794 239 479 28512
200.0 121 643 40 80 281 362 121 1970 40 1488 1247 161 483 40 1729 4705 563 40 684 5147 40 161 80 1046 1729 40 1287 1850 40 1810 241 483 28752
201.0 122 649 41 81 284 365 122 1987 41 1500 1257 162 487 41 1743 4744 568 41 689 5190 41 162 81 1054 1743 41 1297 1865 41 1825 243 487 28991
202.0 123 654 41 82 286 368 123 2003 41 1512 1267 164 491 41 1758 4783 572 41 695 5232 41 164 82 1063 1758 41 1308 1880 41 1840 245 491 29228
203.0 124 659 41 82 288 371 124 2019 41 1525 1277 165 494 41 1772 4821 577 41 701 5275 41 165 82 1071 1772 41 1319 1896 41 1854 247 494 29463
204.0 125 665 42 83 291 374 125 2035 42 1537 1288 166 498 42 1786 4860 581 42 706 5316 42 166 83 1080 1786 42 1329 1911 42 1869 249 498 29698
205.0 126 670 42 84 293 377 126 2051 42 1549 1298 167 502 42 1800 4898 586 42 712 5358 42 167 84 1088 1800 42 1340 1926 42 1884 251 502 29930
206.0 127 675 42 84 295 380 127 2067 42 1561 1308 169 506 42 1814 4935 591 42 717 5399 42 169 84 1097 1814 42 1350 1940 42 1898 253 506 30161
207.0 128 680 43 85 298 383 128 2083 43 1573 1318 170 510 43 1828 4973 595 43 723 5440 43 170 85 1105 1828 43 1360 1955 43 1913 255 510 30389
208.0 128 685 43 86 300 385 128 2098 43 1584 1327 171 514 43 1841 5010 599 43 728 5481 43 171 86 1113 1841 43 1370 1970 43 1927 257 514 30616
209.0 129 690 43 86 302 388 129 2114 43 1596 1337 173 518 43 1855 5047 604 43 733 5521 43 173 86 1122 1855 43 1380 1984 43 1941 259 518 30842
210.0 130 695 43 87 304 391 130 2129 43 1608 1347 174 521 43 1868 5083 608 43 739 5561 43 174 87 1130 1868 43 1390 1999 43 1955 261 521 31064
211.0 131 700 44 88 306 394 131 2144 44 1619 1356 175 525 44 1881 5119 613 44 744 5601 44 175 88 1138 1881 44 1400 2013 44 1969 263 525 31285
212.0 132 705 44 88 308 397 132 2159 44 1630 1366 176 529 44 1895 5155 617 44 749 5640 44 176 88 1146 1895 44 1410 2027 44 1983 264 529 31504
213.0 133 710 44 89 311 399 133 2174 44 1641 1375 177 532 44 1908 5191 621 44 754 5679 44 177 89 1153 1908 44 1420 2041 44 1996 266 532 31720
214.0 134 715 45 89 313 402 134 2189 45 1653 1385 179 536 45 1921 5226 625 45 759 5717 45 179 89 1161 1921 45 1429 2055 45 2010 268 536 31934
215.0 135 719 45 90 315 405 135 2203 45 1663 1394 180 540 45 1933 5260 629 45 764 5755 45 180 90 1169 1933 45 1439 2068 45 2023 270 540 32146
216.0 136 724 45 91 317 407 136 2217 45 1674 1403 181 543 45 1946 5294 634 45 769 5792 45 181 91 1177 1946 45 1448 2082 45 2036 272 543 32355
217.0 137 729 46 91 319 410 137 2231 46 1685 1412 182 546 46 1958 5328 638 46 774 5829 46 182 91 1184 1958 46 1457 2095 46 2049 273 546 32561
218.0 137 733 46 92 321 412 137 2245 46 1696 1421 183 550 46 1971 5362 642 46 779 5866 46 183 92 1191 1971 46 1466 2108 46 2062 275 550 32765
219.0 138 738 46 92 323 415 138 2259 46 1706 1429 184 553 46 1983 5394 645 46 784 5902 46 184 92 1199 1983 46 1475 2121 46 2075 277 553 32966
220.0 139 742 46 93 325 417 139 2273 46 1716 1438 186 557 46 1995 5427 649 46 789 5937 46 186 93 1206 1995 46 1484 2134 46 2087 278 557 33165
221.0 140 747 47 93 327 420 140 2286 47 1726 1446 187 560 47 2006 5459 653 47 793 5972 47 187 93 1213 2006 47 1493 2146 47 2100 280 560 33360
222.0 141 751 47 94 328 422 141 2299 47 1736 1455 188 563 47 2018 5490 657 47 798 6007 47 188 94 1220 2018 47 1502 2159 47 2112 282 563 33552
223.0 142 755 47 94 330 425 142 2312 47 1746 1463 189 566 47 2029 5521 661 47 802 6040 47 189 94 1227 2029 47 1510 2171 47 2124 283 566 33742
224.0 142 759 47 95 332 427 142 2325 47 1756 1471 190 569 47 2040 5552 664 47 807 6074 47 190 95 1234 2040 47 1518 2183 47 2135 285 569 33928
225.0 143 763 48 95 334 429 143 2338 48 1765 1479 191 572 48 2051 5582 668 48 811 6107 48 191 95 1240 2051 48 1527 2195 48 2147 286 572 34111
226.0 144 767 48 96 336 432 144 2350 48 1774 1487 192 576 48 2062 5611 671 48 815 6139 48 192 96 1247 2062 48 1535 2206 48 2158 288 576 34291
227.0 145 771 48 96 337 434 145 2362 48 1784 1494 193 578 48 2073 5640 675 48 819 6170 48 193 96 1253 2073 48 1543 2217 48 2169 289 578 34467
228.0 145 775 48 97 339 436 145 2374 48 1793 1502 194 581 48 2083 5668 678 48 824 6201 48 194 97 1260 2083 48 1550 2229 48 2180 291 581 34640
229.0 146 779 49 97 341 438 146 2386 49 1801 1509 195 584 49 2093 5696 682 49 828 6232 49 195 97 1266 2093 49 1558 2239 49 2191 292 584 34810
230.0 147 783 49 98 342 440 147 2397 49 1810 1516 196 587 49 2103 5723 685 49 832 6261 49 196 98 1272 2103 49 1565 2250 49 2201 294 587 34975
231.0 147 786 49 98 344 442 147 2408 49 1818 1523 197 590 49 2113 5750 688 49 835 6290 49 197 98 1278 2113 49 1573 2261 49 2211 295 590 35138
232.0 148 790 49 99 346 444 148 2419 49 1827 1530 197 592 49 2123 5776 691 49 839 6319 49 197 99 1284 2123 49 1580 2271 49 2221 296 592 35296
233.0 149 793 50 99 347 446 149 2430 50 1835 1537 198 595 50 2132 5801 694 50 843 6347 50 198 99 1289 2132 50 1587 2281 50 2231 297 595 35451
234.0 149 797 50 100 349 448 149 2440 50 1842 1544 199 598 50 2141 5826 697 50 846 6374 50 199 100 1295 2141 50 1593 2291 50 2241 299 598 35602
235.0 150 800 50 100 350 450 150 2450 50 1850 1550 200 600 50 2150 5850 700 50 850 6400 50 200 100 1300 2150 50 1600 2300 50 2250 300 600 35750
236.0 151 803 50 100 351 452 151 2460 50 1857 1556 201 602 50 2159 5873 703 50 853 6426 50 201 100 1305 2159 50 1606 2309 50 2259 301 602 35893
237.0 151 806 50 101 353 454 151 2469 50 1865 1562 202 605 50 2167 5896 706 50 857 6451 50 202 101 1310 2167 50 1613 2318 50 2268 302 605 36032
238.0 152 809 51 101 354 455 152 2479 51 1872 1568 202 607 51 2175 5918 708 51 860 6475 51 202 101 1315 2175 51 1619 2327 51 2276 304 607 36167
239.0 152 812 51 102 355 457 152 2488 51 1878 1574 203 609 51 2183 5940 711 51 863 6498 51 203 102 1320 2183 51 1625 2335 51 2285 305 609 36298
240.0 153 815 51 102 357 459 153 2496 51 1885 1579 204 611 51 2191 5961 713 51 866 6521 51 204 102 1325 2191 51 1630 2343 51 2293 306 611 36425
241.0 153 818 51 102 358 460 153 2505 51 1891 1585 204 613 51 2198 5981 716 51 869 6543 51 204 102 1329 2198 51 1636 2351 51 2300 307 613 36548
242.0 154 821 51 103 359 462 154 2513 51 1897 1590 205 615 51 2205 6000 718 51 872 6564 51 205 103 1333 2205 51 1641 2359 51 2308 308 615 36666
243.0 154 823 51 103 360 463 154 2521 51 1903 1595 206 617 51 2212 6019 720 51 874 6584 51 206 103 1337 2212 51 1646 2366 51 2315 309 617 36780
244.0 155 826 52 103 361 464 155 2528 52 1909 1599 206 619 52 2219 6037 722 52 877 6604 52 206 103 1341 2219 52 1651 2373 52 2322 310 619 36890
245.0 155 828 52 103 362 466 155 2535 52 1914 1604 207 621 52 2225 6054 724 52 880 6623 52 207 103 1345 2225 52 1656 2380 52 2328 310 621 36995
246.0 156 830 52 104 363 467 156 2542 52 1920 1608 208 623 52 2231 6070 726 52 882 6641 52 208 104 1349 2231 52 1660 2387 52 2335 311 623 37096
247.0 156 832 52 104 364 468 156 2549 52 1925 1613 208 624 52 2237 6086 728 52 884 6658 52 208 104 1352 2237 52 1665 2393 52 2341 312 624 37192
248.0 156 834 52 104 365 469 156 2555 52 1929 1616 209 626 52 2242 6101 730 52 886 6674 52 209 104 1356 2242 52 1669 2399 52 2346 313 626 37283
249.0 157 836 52 105 366 470 157 2561 52 1934 1620 209 627 52 2247 6115 732 52 889 6690 52 209 105 1359 2247 52 1673 2404 52 2352 314 627 37370
250.0 157 838 52 105 367 471 157 2567 52 1938 1624 210 629 52 2252 6129 733 52 890 6705 52 210 105 1362 2252 52 1676 2410 52 2357 314 629 37452
251.0 157 840 52 105 367 472 157 2572 52 1942 1627 210 630 52 2257 6141 735 52 892 6719 52 210 105 1365 2257 52 1680 2414 52 2362 315 630 37530
252.0 158 841 53 105 368 473 158 2577 53 1946 1630 210 631 53 2261 6153 736 53 894 6732 53 210 105 1367 2261 53 1683 2419 53 2367 316 631 37602
253.0 158 843 53 105 369 474 158 2582 53 1949 1633 211 632 53 2265 6164 738 53 896 6744 53 211 105 1370 2265 53 1686 2424 53 2371 316 632 37670
254.0 158 844 53 106 369 475 158 2586 53 1953 1636 211 633 53 2269 6175 739 53 897 6755 53 211 106 1372 2269 53 1689 2428 53 2375 317 633 37733
255.0 159 846 53 106 370 476 159 2590 53 1956 1639 211 634 53 2273 6184 740 53 899 6765 53 211 106 1374 2273 53 1691 2431 53 2378 317 634 37791
256.0 159 847 53 106 371 476 159 2594 53 1958 1641 212 635 53 2276 6193 741 53 900 6775 53 212 106 1376 2276 53 1694 2435 53 2382 318 635 37845
257.0 159 848 53 106 371 477 159 2597 53 1961 1643 212 636 53 2279 6201 742 53 901 6784 53 212 106 1378 2279 53 1696 2438 53 2385 318 636 37893
258.0 159 849 53 106 371 478 159 2600 53 1963 1645 212 637 53 2281 6208 743 53 902 6791 53 212 106 1380 2281 53 1698 2441 53 2388 318 637 37937
259.0 159 850 53 106 372 478 159 2602 53 1965 1646 212 637 53 2284 6214 744 53 903 6798 53 212 106 1381 2284 53 1700 2443 53 2390 319 637 37975
260.0 159 851 53 106 372 478 159 2605 53 1967 1648 213 638 53 2286 6220 744 53 904 6804 53 213 106 1382 2286 53 1701 2445 53 2392 319 638 38008
261.0 160 851 53 106 372 479 160 2607 53 1968 1649 213 638 53 2288 6224 745 53 904 6809 53 213 106 1383 2288 53 1702 2447 53 2394 319 638 38037
262.0 160 852 53 106 373 479 160 2608 53 1970 1650 213 639 53 2289 6228 745 53 905 6814 53 213 106 1384 2289 53 1703 2449 53 2395 319 639 38060
263.0 160 852 53 107 373 479 160 2610 53 1971 1651 213 639 53 2290 6231 746 53 905 6817 53 213 107 1385 2290 53 1704 2450 53 2397 320 639 38079
264.0 160 852 53 107 373 479 160 2610 53 1971 1652 213 639 53 2291 6233 746 53 906 6819 53 213 107 1385 2291 53 1705 2451 53 2397 320 639 38092
265.0 160 853 53 107 373 480 160 2611 53 1972 1652 213 639 53 2291 6235 746 53 906 6821 53 213 107 1385 2291 53 1705 2451 53 2398 320 639 38100
266.0 160 853 53 107 373 480 160 2611 53 1972 1652 213 639 53 2292 6235 746 53 906 6821 53 213 107 1386 2292 53 1705 2451 53 2398 320 639 38103
267.0 160 853 53 107 373 480 160 2611 53 1972 1652 213 639 53 2291 6235 746 53 906 6821 53 213 107 1385 2291 53 1705 2451 53 2398 320 639 38101
268.0 160 852 53 107 373 480 160 2611 53 1971 1652 213 639 53 2291 6234 746 53 906 6820 53 213 107 1385 2291 53 1705 2451 53 2398 320 639 38094
269.0 160 852 53 107 373 479 160 2610 53 1971 1651 213 639 53 2290 6232 746 53 905 6817 53 213 107 1385 2290 53 1704 2450 53 2397 320 639 38082
270.0 160 852 53 106 373 479 160 2609 53 1970 1650 213 639 53 2289 6229 745 53 905 6814 53 213 106 1384 2289 53 1704 2449 53 2396 319 639 38065
271.0 160 851 53 106 372 479 160 2607 53 1969 1649 213 638 53 2288 6225 745 53 904 6810 53 213 106 1383 2288 53 1703 2447 53 2394 319 638 38042
272.0 160 851 53 106 372 479 160 2605 53 1967 1648 213 638 53 2286 6221 744 53 904 6805 53 213 106 1382 2286 53 1701 2446 53 2393 319 638 38015
273.0 159 850 53 106 372 478 159 2603 53 1966 1647 212 637 53 2284 6215 744 53 903 6800 53 212 106 1381 2284 53 1700 2444 53 2390 319 637 37982
274.0 159 849 53 106 371 478 159 2600 53 1964 1645 212 637 53 2282 6209 743 53 902 6793 53 212 106 1380 2282 53 1698 2441 53 2388 318 637 37944
275.0 159 848 53 106 371 477 159 2597 53 1961 1643 212 636 53 2279 6202 742 53 901 6785 53 212 106 1378 2279 53 1696 2438 53 2385 318 636 37902
276.0 159 847 53 106 371 476 159 2594 53 1959 1641 212 635 53 2277 6194 741 53 900 6777 53 212 106 1376 2277 53 1694 2435 53 2382 318 635 37854
277.0 159 846 53 106 370 476 159 2591 53 1956 1639 211 634 53 2273 6186 740 53 899 6767 53 211 106 1375 2273 53 1692 2432 53 2379 317 634 37801
278.0 158 845 53 106 370 475 158 2587 53 1953 1636 211 633 53 2270 6176 739 53 897 6757 53 211 106 1372 2270 53 1689 2428 53 2375 317 633 37743
279.0 158 843 53 105 369 474 158 2582 53 1950 1634 211 632 53 2266 6166 738 53 896 6745 53 211 105 1370 2266 53 1686 2424 53 2371 316 632 37680
280.0 158 842 53 105 368 473 158 2578 53 1946 1631 210 631 53 2262 6155 736 53 894 6733 53 210 105 1368 2262 53 1683 2420 53 2367 316 631 37612
281.0 158 840 53 105 368 473 158 2573 53 1943 1628 210 630 53 2258 6143 735 53 893 6720 53 210 105 1365 2258 53 1680 2415 53 2363 315 630 37539
282.0 157 838 52 105 367 472 157 2567 52 1939 1624 210 629 52 2253 6130 734 52 891 6706 52 210 105 1362 2253 52 1677 2410 52 2358 314 629 37461
283.0 157 836 52 105 366 470 157 2562 52 1934 1621 209 627 52 2248 6116 732 52 889 6691 52 209 105 1359 2248 52 1673 2405 52 2352 314 627 37378
284.0 156 834 52 104 365 469 156 2556 52 1930 1617 209 626 52 2243 6102 730 52 887 6676 52 209 104 1356 2243 52 1669 2399 52 2347 313 626 37290
285.0 156 832 52 104 364 468 156 2549 52 1925 1613 208 624 52 2237 6087 728 52 884 6659 52 208 104 1353 2237 52 1665 2393 52 2341 312 624 37198
286.0 156 830 52 104 363 467 156 2543 52 1920 1609 208 623 52 2231 6071 726 52 882 6642 52 208 104 1349 2231 52 1660 2387 52 2335 311 623 37100
287.0 155 828 52 103 362 466 155 2536 52 1915 1604 207 621 52 2225 6054 724 52 880 6623 52 207 103 1345 2225 52 1656 2380 52 2329 310 621 36998
288.0 155 826 52 103 361 464 155 2528 52 1909 1599 206 619 52 2219 6037 722 52 877 6604 52 206 103 1341 2219 52 1651 2373 52 2322 310 619 36891
289.0 154 823 51 103 360 463 154 2521 51 1903 1595 206 617 51 2212 6018 720 51 874 6584 51 206 103 1337 2212 51 1646 2366 51 2315 309 617 36779
290.0 154 820 51 103 359 461 154 2513 51 1897 1590 205 615 51 2205 5999 718 51 872 6563 51 205 103 1333 2205 51 1641 2359 51 2307 308 615 36663
291.0 153 818 51 102 358 460 153 2504 51 1891 1584 204 613 51 2198 5980 716 51 869 6542 51 204 102 1329 2198 51 1635 2351 51 2300 307 613 36542
292.0 153 815 51 102 357 458 153 2496 51 1884 1579 204 611 51 2190 5959 713 51 866 6519 51 204 102 1324 2190 51 1630 2343 51 2292 306 611 36416
293.0 152 812 51 101 355 457 152 2487 51 1878 1573 203 609 51 2182 5938 710 51 863 6496 51 203 101 1319 2182 51 1624 2334 51 2284 304 609 36286
294.0 152 809 51 101 354 455 152 2478 51 1871 1567 202 607 51 2174 5916 708 51 860 6472 51 202 101 1315 2174 51 1618 2326 51 2275 303 607 36152
295.0 151 806 50 101 353 453 151 2468 50 1864 1561 201 604 50 2166 5893 705 50 856 6447 50 201 101 1310 2166 50 1612 2317 50 2267 302 604 36013
296.0 150 803 50 100 351 451 150 2458 50 1856 1555 201 602 50 2157 5869 702 50 853 6421 50 201 100 1304 2157 50 1605 2308 50 2257 301 602 35869
297.0 150 799 50 100 350 450 150 2448 50 1849 1549 200 600 50 2148 5845 699 50 849 6395 50 200 100 1299 2148 50 1599 2298 50 2248 300 600 35721
298.0 149 796 50 99 348 448 149 2438 50 1841 1542 199 597 50 2139 5820 696 50 846 6368 50 199 99 1293 2139 50 1592 2288 50 2239 298 597 35569
299.0 149 792 50 99 347 446 149 2427 50 1833 1535 198 594 50 2130 5795 693 50 842 6340 50 198 99 1288 2130 50 1585 2278 50 2229 297 594 35413
300.0 148 789 49 99 345 444 148 2416 49 1824 1528 197 592 49 2120 5769 690 49 838 6311 49 197 99 1282 2120 49 1578 2268 49 2219 296 592 35252
301.0 147 785 49 98 344 442 147 2405 49 1816 1521 196 589 49 2110 5742 687 49 834 6281 49 196 98 1276 2110 49 1570 2257 49 2208 294 589 35088
302.0 147 781 49 98 342 440 147 2393 49 1807 1514 195 586 49 2100 5714 684 49 830 6251 49 195 98 1270 2100 49 1563 2247 49 2198 293 586 34919
303.0 146 778 49 97 340 437 146 2381 49 1798 1507 194 583 49 2090 5686 680 49 826 6220 49 194 97 1264 2090 49 1555 2235 49 2187 292 583 34747
304.0 145 774 48 97 338 435 145 2369 48 1789 1499 193 580 48 2079 5657 677 48 822 6189 48 193 97 1257 2079 48 1547 2224 48 2176 290 580 34570
305.0 144 770 48 96 337 433 144 2357 48 1780 1491 192 577 48 2068 5627 673 48 818 6157 48 192 96 1251 2068 48 1539 2213 48 2164 289 577 34390
306.0 144 765 48 96 335 431 144 2344 48 1770 1483 191 574 48 2057 5597 670 48 813 6124 48 191 96 1244 2057 48 1531 2201 48 2153 287 574 34206
307.0 143 761 48 95 333 428 143 2331 48 1760 1475 190 571 48 2046 5567 666 48 809 6090 48 190 95 1237 2046 48 1522 2189 48 2141 285 571 34018
308.0 142 757 47 95 331 426 142 2318 47 1750 1467 189 568 47 2034 5535 662 47 804 6056 47 189 95 1230 2034 47 1514 2176 47 2129 284 568 33827
309.0 141 753 47 94 329 423 141 2305 47 1740 1458 188 564 47 2023 5503 659 47 800 6021 47 188 94 1223 2023 47 1505 2164 47 2117 282 564 33632
310.0 140 748 47 94 327 421 140 2291 47 1730 1450 187 561 47 2011 5471 655 47 795 5985 47 187 94 1216 2011 47 1496 2151 47 2104 281 561 33433
311.0 139 744 46 93 325 418 139 2277 46 1720 1441 186 558 46 1999 5438 651 46 790 5949 46 186 93 1208 1999 46 1487 2138 46 2092 279 558 33232
312.0 139 739 46 92 323 416 139 2263 46 1709 1432 185 554 46 1986 5404 647 46 785 5912 46 185 92 1201 1986 46 1478 2125 46 2079 277 554 33026
313.0 138 734 46 92 321 413 138 2249 46 1698 1423 184 551 46 1974 5370 643 46 780 5875 46 184 92 1193 1974 46 1469 2111 46 2065 275 551 32818
314.0 137 730 46 91 319 410 137 2235 46 1687 1414 182 547 46 1961 5336 638 46 775 5837 46 182 91 1186 1961 46 1459 2098 46 2052 274 547 32607
315.0 136 725 45 91 317 408 136 2220 45 1676 1404 181 544 45 1948 5300 634 45 770 5799 45 181 91 1178 1948 45 1450 2084 45 2039 272 544 32392
316.0 135 720 45 90 315 405 135 2205 45 1665 1395 180 540 45 1935 5265 630 45 765 5760 45 180 90 1170 1935 45 1440 2070 45 2025 270 540 32174
317.0 134 715 45 89 313 402 134 2190 45 1654 1385 179 536 45 1922 5229 626 45 760 5720 45 179 89 1162 1922 45 1430 2056 45 2011 268 536 31954
318.0 133 710 44 89 311 399 133 2175 44 1642 1376 178 533 44 1908 5192 621 44 754 5680 44 178 89 1154 1908 44 1420 2041 44 1997 266 533 31730
319.0 132 705 44 88 308 397 132 2159 44 1630 1366 176 529 44 1895 5155 617 44 749 5640 44 176 88 1146 1895 44 1410 2027 44 1983 264 529 31504
320.0 131 700 44 87 306 394 131 2143 44 1618 1356 175 525 44 1881 5118 612 44 744 5599 44 175 87 1137 1881 44 1400 2012 44 1968 262 525 31275
321.0 130 695 43 87 304 391 130 2127 43 1606 1346 174 521 43 1867 5080 608 43 738 5557 43 174 87 1129 1867 43 1389 1997 43 1954 261 521 31043
322.0 129 689 43 86 302 388 129 2111 43 1594 1336 172 517 43 1853 5042 603 43 733 5516 43 172 86 1120 1853 43 1379 1982 43 1939 259 517 30809
323.0 128 684 43 86 299 385 128 2095 43 1582 1326 171 513 43 1839 5003 599 43 727 5473 43 171 86 1112 1839 43 1368 1967 43 1924 257 513 30573
324.0 127 679 42 85 297 382 127 2079 42 1570 1315 170 509 42 1824 4964 594 42 721 5430 42 170 85 1103 1824 42 1358 1952 42 1909 255 509 30334
325.0 126 673 42 84 295 379 126 2062 42 1557 1305 168 505 42 1810 4924 589 42 715 5387 42 168 84 1094 1810 42 1347 1936 42 1894 253 505 30093
326.0 125 668 42 83 292 376 125 2046 42 1545 1294 167 501 42 1795 4885 584 42 710 5344 42 167 83 1085 1795 42 1336 1920 42 1879 250 501 29850
327.0 124 662 41 83 290 373 124 2029 41 1532 1284 166 497 41 1780 4844 580 41 704 5300 41 166 83 1077 1780 41 1325 1905 41 1863 248 497 29604
328.0 123 657 41 82 287 370 123 2012 41 1519 1273 164 493 41 1766 4804 575 41 698 5256 41 164 82 1068 1766 41 1314 1889 41 1848 246 493 29357
329.0 122 651 41 81 285 366 122 1995 41 1506 1262 163 489 41 1751 4763 570 41 692 5211 41 163 81 1058 1751 41 1303 1873 41 1832 244 489 29108
330.0 121 646 40 81 283 363 121 1978 40 1493 1251 161 484 40 1735 4722 565 40 686 5166 40 161 81 1049 1735 40 1291 1857 40 1816 242 484 28857
331.0 120 640 40 80 280 360 120 1960 40 1480 1240 160 480 40 1720 4681 560 40 680 5121 40 160 80 1040 1720 40 1280 1840 40 1800 240 480 28604
332.0 119 634 40 79 278 357 119 1943 40 1467 1229 159 476 40 1705 4639 555 40 674 5075 40 159 79 1031 1705 40 1269 1824 40 1784 238 476 28349
333.0 118 629 39 79 275 354 118 1925 39 1454 1218 157 471 39 1690 4597 550 39 668 5029 39 157 79 1022 1690 39 1257 1807 39 1768 236 471 28093
334.0 117 623 39 78 273 350 117 1908 39 1440 1207 156 467 39 1674 4555 545 39 662 4983 39 156 78 1012 1674 39 1246 1791 39 1752 234 467 27836
335.0 116 617 39 77 270 347 116 1890 39 1427 1196 154 463 39 1658 4513 540 39 656 4937 39 154 77 1003 1658 39 1234 1774 39 1736 231 463 27577
336.0 115 611 38 76 267 344 115 1872 38 1414 1184 153 458 38 1643 4470 535 38 649 4890 38 153 76 993 1643 38 1223 1757 38 1719 229 458 27316
337.0 114 605 38 76 265 341 114 1854 38 1400 1173 151 454 38 1627 4427 530 38 643 4843 38 151 76 984 1627 38 1211 1741 38 1703 227 454 27055
338.0 112 600 37 75 262 337 112 1836 37 1386 1162 150 450 37 1611 4384 525 37 637 4796 37 150 75 974 1611 37 1199 1724 37 1686 225 450 26792
339.0 111 594 37 74 260 334 111 1818 37 1373 1150 148 445 37 1595 4341 519 37 631 4749 37 148 74 965 1595 37 1187 1707 37 1670 223 445 26529
340.0 110 588 37 73 257 331 110 1800 37 1359 1139 147 441 37 1580 4298 514 37 624 4702 37 147 73 955 1580 37 1175 1690 37 1653 220 441 26264
341.0 109 582 36 73 255 327 109 1782 36 1345 1127 145 436 36 1564 4254 509 36 618 4654 36 145 73 945 1564 36 1164 1673 36 1636 218 436 25998
342.0 108 576 36 72 252 324 108 1763 36 1332 1116 144 432 36 1548 4211 504 36 612 4607 36 144 72 936 1548 36 1152 1655 36 1619 216 432 25732
343.0 107 570 36 71 249 321 107 1745 36 1318 1104 142 427 36 1531 4167 499 36 605 4559 36 142 71 926 1531 36 1140 1638 36 1603 214 427 25465
344.0 106 564 35 70 247 317 106 1727 35 1304 1092 141 423 35 1515 4123 493 35 599 4511 35 141 70 916 1515 35 1128 1621 35 1586 211 423 25197
345.0 105 558 35 70 244 314 105 1708 35 1290 1081 139 418 35 1499 4079 488 35 593 4463 35 139 70 907 1499 35 1116 1604 35 1569 209 418 24929
346.0 103 552 34 69 241 310 103 1690 34 1276 1069 138 414 34 1483 4035 483 34 586 4415 34 138 69 897 1483 34 1104 1587 34 1552 207 414 24660
347.0 102 546 34 68 239 307 102 1672 34 1262 1058 136 409 34 1467 3991 478 34 580 4367 34 136 68 887 1467 34 1092 1569 34 1535 205 409 24391
348.0 101 540 34 67 236 304 101 1653 34 1248 1046 135 405 34 1451 3947 472 34 574 4318 34 135 67 877 1451 34 1080 1552 34 1518 202 405 24122
349.0 100 534 33 67 234 300 100 1635 33 1234 1034 133 400 33 1434 3903 467 33 567 4270 33 133 67 867 1434 33 1068 1535 33 1501 200 400 23852
350.0 99 528 33 66 231 297 99 1616 33 1220 1022 132 396 33 1418 3859 462 33 561 4222 33 132 66 858 1418 33 1055 1517 33 1484 198 396 23582
351.0 98 522 33 65 228 293 98 1598 33 1206 1011 130 391 33 1402 3815 456 33 554 4173 33 130 65 848 1402 33 1043 1500 33 1467 196 391 23312
352.0 97 516 32 64 226 290 97 1579 32 1192 999 129 387 32 1386 3771 451 32 548 4125 32 129 64 838 1386 32 1031 1482 32 1450 193 387 23042
353.0 96 510 32 64 223 287 96 1561 32 1178 987 127 382 32 1370 3726 446 32 541 4077 32 127 64 828 1370 32 1019 1465 32 1433 191 382 22773
354.0 94 504 31 63 220 283 94 1542 31 1164 976 126 378 31 1353 3682 441 31 535 4028 31 126 63 818 1353 31 1007 1448 31 1416 189 378 22503
355.0 93 498 31 62 218 280 93 1524 31 1151 964 124 373 31 1337 3638 435 31 529 3980 31 124 62 808 1337 31 995 1430 31 1399 187 373 22233
356.0 92 492 31 61 215 276 92 1505 31 1137 952 123 369 31 1321 3594 430 31 522 3932 31 123 61 799 1321 31 983 1413 31 1382 184 369 21964
357.0 91 485 30 61 212 273 91 1487 30 1123 941 121 364 30 1305 3550 425 30 516 3884 30 121 61 789 1305 30 971 1396 30 1365 182 364 21696
358.0 90 479 30 60 210 270 90 1468 30 1109 929 120 360 30 1289 3506 420 30 509 3836 30 120 60 779 1289 30 959 1379 30 1349 180 360 21427
359.0 89 473 30 59 207 266 89 1450 30 1095 917 118 355 30 1273 3462 414 30 503 3788 30 118 59 769 1273 30 947 1361 30 1332 178 355 21159
360.0 88 468 29 58 205 263 88 1432 29 1081 906 117 351 29 1256 3419 409 29 497 3740 29 117 58 760 1256 29 935 1344 29 1315 175 351 20892
361.0 87 462 29 58 202 260 87 1414 29 1067 894 115 346 29 1240 3375 404 29 490 3692 29 115 58 750 1240 29 923 1327 29 1298 173 346 20626
362.0 85 456 28 57 199 256 85 1395 28 1054 883 114 342 28 1224 3332 399 28 484 3645 28 114 57 740 1224 28 911 1310 28 1281 171 342 20360
363.0 84 450 28 56 197 253 84 1377 28 1040 871 112 337 28 1208 3288 393 28 478 3597 28 112 56 731 1208 28 899 1293 28 1265 169 337 20095
364.0 83 444 28 55 194 250 83 1359 28 1026 860 111 333 28 1193 3245 388 28 471 3550 28 111 55 721 1193 28 888 1276 28 1248 166 333 19831
365.0 82 438 27 55 192 246 82 1341 27 1013 848 109 328 27 1177 3202 383 27 465 3503 27 109 55 712 1177 27 876 1259 27 1232 164 328 19567
