Covid-19 Population Estimated by PSD Model @ CDS/IISc
Day AN AP AR AS BR CH CT DL GA GJ HR HP JK JH KA KL LA LD MP MH MN OR PY PB RJ SK TN TG TR UP UT WB Total
0.0 3 17 1 2 7 9 3 51 1 38 32 4 12 1 45 121 14 1 18 132 1 4 2 27 45 1 33 48 1 47 6 12 740
1.0 4 20 1 3 9 11 4 62 1 47 39 5 15 1 54 148 18 1 21 162 1 5 3 33 54 1 40 58 1 57 8 15 902
2.0 4 23 1 3 10 13 4 72 1 54 45 6 18 1 63 171 20 1 25 187 1 6 3 38 63 1 47 67 1 66 9 18 1045
3.0 5 27 2 3 12 15 5 81 2 61 51 7 20 2 71 194 23 2 28 212 2 7 3 43 71 2 53 76 2 75 10 20 1187
4.0 6 30 2 4 13 17 6 92 2 69 58 7 22 2 81 219 26 2 32 240 2 7 4 49 81 2 60 86 2 84 11 22 1340
5.0 6 34 2 4 15 19 6 104 2 78 65 8 25 2 91 247 30 2 36 270 2 8 4 55 91 2 68 97 2 95 13 25 1510
6.0 7 38 2 5 17 21 7 117 2 88 74 10 29 2 102 279 33 2 40 305 2 10 5 62 102 2 76 109 2 107 14 29 1702
7.0 8 43 3 5 19 24 8 131 3 99 83 11 32 3 115 314 38 3 46 343 3 11 5 70 115 3 86 123 3 121 16 32 1917
8.0 9 48 3 6 21 27 9 148 3 112 94 12 36 3 130 353 42 3 51 387 3 12 6 79 130 3 97 139 3 136 18 36 2160
9.0 10 54 3 7 24 31 10 167 3 126 105 14 41 3 146 398 48 3 58 435 3 14 7 88 146 3 109 156 3 153 20 41 2431
10.0 11 61 4 8 27 34 11 187 4 142 119 15 46 4 165 448 54 4 65 490 4 15 8 99 165 4 122 176 4 172 23 46 2735
11.0 13 69 4 9 30 39 13 211 4 159 133 17 52 4 185 503 60 4 73 551 4 17 9 112 185 4 138 198 4 194 26 52 3076
12.0 14 77 5 10 34 43 14 237 5 179 150 19 58 5 208 565 68 5 82 619 5 19 10 126 208 5 155 222 5 217 29 58 3455
13.0 16 87 5 11 38 49 16 266 5 201 168 22 65 5 233 635 76 5 92 694 5 22 11 141 233 5 174 250 5 244 33 65 3878
14.0 18 97 6 12 43 55 18 298 6 225 189 24 73 6 262 712 85 6 103 779 6 24 12 158 262 6 195 280 6 274 36 73 4349
15.0 20 109 7 14 48 61 20 334 7 252 211 27 82 7 293 797 95 7 116 872 7 27 14 177 293 7 218 313 7 307 41 82 4871
16.0 23 122 8 15 53 68 23 373 8 281 236 30 91 8 327 890 107 8 129 974 8 30 15 198 327 8 243 350 8 342 46 91 5440
17.0 25 135 8 17 59 76 25 415 8 313 262 34 102 8 364 990 118 8 144 1083 8 34 17 220 364 8 271 389 8 381 51 102 6050
18.0 28 150 9 19 66 84 28 459 9 347 290 37 112 9 403 1096 131 9 159 1199 9 37 19 244 403 9 300 431 9 422 56 112 6700
19.0 31 165 10 21 72 93 31 506 10 382 320 41 124 10 444 1209 145 10 176 1322 10 41 21 269 444 10 331 475 10 465 62 124 7387
20.0 34 181 11 23 79 102 34 556 11 419 351 45 136 11 488 1326 159 11 193 1451 11 45 23 295 488 11 363 522 11 510 68 136 8106
21.0 37 198 12 25 87 111 37 607 12 458 384 50 149 12 533 1449 173 12 211 1585 12 50 25 322 533 12 396 570 12 557 74 149 8856
22.0 40 215 13 27 94 121 40 660 13 498 417 54 162 13 579 1575 188 13 229 1723 13 54 27 350 579 13 431 619 13 606 81 162 9626
23.0 44 234 15 29 102 132 44 716 15 541 453 58 175 15 628 1710 205 15 248 1871 15 58 29 380 628 15 468 672 15 658 88 175 10450
24.0 48 253 16 32 111 143 48 776 16 586 491 63 190 16 681 1853 222 16 269 2027 16 63 32 412 681 16 507 729 16 713 95 190 11325
25.0 51 274 17 34 120 154 51 840 17 634 531 69 206 17 737 2005 240 17 291 2193 17 69 34 446 737 17 548 788 17 771 103 206 12252
26.0 56 296 19 37 130 167 56 907 19 685 574 74 222 19 796 2166 259 19 315 2369 19 74 37 481 796 19 592 851 19 833 111 222 13235
27.0 60 319 20 40 140 180 60 978 20 739 619 80 240 20 859 2336 280 20 339 2556 20 80 40 519 859 20 639 918 20 898 120 240 14275
28.0 65 344 22 43 151 194 65 1054 22 796 667 86 258 22 925 2516 301 22 366 2753 22 86 43 559 925 22 688 989 22 968 129 258 15378
29.0 69 370 23 46 162 208 69 1134 23 856 717 93 278 23 995 2708 324 23 393 2962 23 93 46 602 995 23 741 1065 23 1041 139 278 16547
30.0 75 398 25 50 174 224 75 1219 25 920 771 100 299 25 1070 2910 348 25 423 3184 25 100 50 647 1070 25 796 1144 25 1119 149 299 17786
31.0 80 427 27 53 187 240 80 1309 27 988 828 107 321 27 1149 3125 374 27 454 3419 27 107 53 694 1149 27 855 1229 27 1202 160 321 19098
32.0 86 458 29 57 201 258 86 1404 29 1060 888 115 344 29 1232 3352 401 29 487 3668 29 115 57 745 1232 29 917 1318 29 1289 172 344 20487
33.0 92 491 31 61 215 276 92 1505 31 1136 952 123 368 31 1320 3593 430 31 522 3931 31 123 61 798 1320 31 983 1413 31 1382 184 368 21956
34.0 99 526 33 66 230 296 99 1611 33 1217 1019 132 395 33 1414 3847 460 33 559 4209 33 132 66 855 1414 33 1052 1513 33 1480 197 395 23510
35.0 106 563 35 70 246 317 106 1724 35 1302 1091 141 422 35 1513 4116 493 35 598 4503 35 141 70 915 1513 35 1126 1618 35 1583 211 422 25153
36.0 113 602 38 75 263 338 113 1843 38 1391 1166 150 451 38 1617 4400 526 38 639 4814 38 150 75 978 1617 38 1203 1730 38 1692 226 451 26889
37.0 120 642 40 80 281 361 120 1967 40 1485 1244 161 482 40 1726 4697 562 40 682 5138 40 161 80 1044 1726 40 1285 1847 40 1806 241 482 28702
38.0 128 684 43 86 299 385 128 2096 43 1582 1326 171 513 43 1839 5004 599 43 727 5474 43 171 86 1112 1839 43 1369 1967 43 1924 257 513 30578
39.0 136 728 45 91 318 409 136 2228 45 1683 1410 182 546 45 1955 5320 637 45 773 5821 45 182 91 1182 1955 45 1455 2092 45 2046 273 546 32513
40.0 145 772 48 97 338 434 145 2364 48 1785 1496 193 579 48 2075 5646 676 48 820 6177 48 193 97 1255 2075 48 1544 2220 48 2171 290 579 34502
41.0 153 818 51 102 358 460 153 2504 51 1891 1584 204 613 51 2197 5979 715 51 869 6541 51 204 102 1329 2197 51 1635 2351 51 2300 307 613 36537
42.0 162 864 54 108 378 486 162 2646 54 1998 1674 216 648 54 2322 6318 756 54 918 6912 54 216 108 1404 2322 54 1728 2484 54 2430 324 648 38610
43.0 171 911 57 114 399 512 171 2790 57 2107 1765 228 683 57 2448 6662 797 57 968 7288 57 228 114 1480 2448 57 1822 2619 57 2562 342 683 40712
44.0 180 958 60 120 419 539 180 2935 60 2216 1857 240 719 60 2576 7009 839 60 1018 7668 60 240 120 1558 2576 60 1917 2756 60 2696 359 719 42832
45.0 189 1006 63 126 440 566 189 3081 63 2327 1949 252 755 63 2704 7357 880 63 1069 8049 63 252 126 1635 2704 63 2012 2893 63 2830 377 755 44960
46.0 198 1054 66 132 461 593 198 3227 66 2437 2041 263 790 66 2832 7705 922 66 1120 8429 66 263 132 1712 2832 66 2107 3029 66 2963 395 790 47086
47.0 206 1101 69 138 482 619 206 3372 69 2546 2133 275 826 69 2959 8050 963 69 1170 8807 69 275 138 1789 2959 69 2202 3165 69 3096 413 826 49197
48.0 215 1148 72 143 502 646 215 3515 72 2654 2223 287 861 72 3084 8392 1004 72 1219 9181 72 287 143 1865 3084 72 2295 3299 72 3228 430 861 51283
49.0 224 1193 75 149 522 671 224 3655 75 2760 2312 298 895 75 3207 8727 1044 75 1268 9547 75 298 149 1939 3207 75 2387 3431 75 3357 448 895 53332
50.0 232 1238 77 155 542 696 232 3792 77 2863 2399 310 929 77 3328 9054 1083 77 1316 9905 77 310 155 2012 3328 77 2476 3560 77 3482 464 929 55331
51.0 240 1282 80 160 561 721 240 3925 80 2964 2483 320 961 80 3444 9372 1121 80 1362 10253 80 320 160 2083 3444 80 2563 3685 80 3604 481 961 57271
52.0 248 1325 83 166 580 745 248 4057 83 3063 2566 331 993 83 3560 9686 1159 83 1407 10597 83 331 166 2152 3560 83 2649 3808 83 3725 497 993 59192
53.0 256 1368 85 171 598 769 256 4189 85 3163 2650 342 1026 85 3676 10003 1197 85 1453 10944 85 342 171 2223 3676 85 2736 3933 85 3847 513 1026 61132
54.0 265 1412 88 176 618 794 265 4323 88 3265 2735 353 1059 88 3794 10323 1235 88 1500 11294 88 353 176 2294 3794 88 2823 4059 88 3970 529 1059 63086
55.0 273 1456 91 182 637 819 273 4459 91 3367 2821 364 1092 91 3913 10646 1274 91 1547 11647 91 364 182 2366 3913 91 2912 4186 91 4095 546 1092 65058
56.0 281 1500 94 188 656 844 281 4595 94 3470 2907 375 1125 94 4032 10972 1313 94 1594 12003 94 375 188 2438 4032 94 3001 4314 94 4220 563 1125 67049
57.0 290 1545 97 193 676 869 290 4733 97 3574 2994 386 1159 97 4154 11301 1352 97 1642 12364 97 386 193 2511 4154 97 3091 4443 97 4347 580 1159 69064
58.0 298 1591 99 199 696 895 298 4873 99 3680 3083 398 1193 99 4276 11636 1392 99 1691 12730 99 398 199 2586 4276 99 3182 4575 99 4475 597 1193 71107
59.0 307 1638 102 205 716 921 307 5015 102 3787 3173 409 1228 102 4401 11975 1433 102 1740 13101 102 409 205 2661 4401 102 3275 4708 102 4606 614 1228 73182
60.0 316 1685 105 211 737 948 316 5160 105 3896 3264 421 1264 105 4528 12321 1474 105 1790 13479 105 421 211 2738 4528 105 3370 4844 105 4739 632 1264 75292
61.0 325 1733 108 217 758 975 325 5307 108 4007 3358 433 1300 108 4657 12672 1516 108 1841 13864 108 433 217 2816 4657 108 3466 4982 108 4874 650 1300 77441
62.0 334 1782 111 223 780 1002 334 5457 111 4121 3453 445 1336 111 4789 13031 1559 111 1893 14256 111 445 223 2896 4789 111 3564 5123 111 5012 668 1336 79632
63.0 344 1832 115 229 802 1031 344 5611 115 4237 3550 458 1374 115 4924 13397 1603 115 1947 14656 115 458 229 2977 4924 115 3664 5267 115 5153 687 1374 81868
64.0 353 1883 118 235 824 1059 353 5767 118 4355 3649 471 1412 118 5061 13770 1648 118 2001 15065 118 471 235 3060 5061 118 3766 5414 118 5296 706 1412 84151
65.0 363 1935 121 242 847 1089 363 5927 121 4475 3750 484 1452 121 5201 14152 1693 121 2056 15483 121 484 242 3145 5201 121 3871 5564 121 5443 726 1452 86485
66.0 373 1989 124 249 870 1119 373 6091 124 4599 3853 497 1492 124 5345 14543 1740 124 2113 15910 124 497 249 3232 5345 124 3978 5718 124 5593 746 1492 88872
67.0 383 2043 128 255 894 1149 383 6258 128 4725 3959 511 1533 128 5492 14942 1788 128 2171 16347 128 511 255 3321 5492 128 4087 5875 128 5747 766 1533 91315
68.0 394 2099 131 262 918 1181 394 6429 131 4855 4068 525 1575 131 5642 15352 1837 131 2231 16795 131 525 262 3411 5642 131 4199 6036 131 5904 787 1575 93816
69.0 404 2157 135 270 944 1213 404 6605 135 4987 4179 539 1618 135 5796 15771 1887 135 2291 17254 135 539 270 3505 5796 135 4313 6200 135 6066 809 1618 96377
70.0 415 2215 138 277 969 1246 415 6785 138 5123 4292 554 1662 138 5954 16200 1938 138 2354 17723 138 554 277 3600 5954 138 4431 6369 138 6231 831 1662 99001
71.0 427 2276 142 284 996 1280 427 6969 142 5262 4409 569 1707 142 6116 16640 1991 142 2418 18205 142 569 284 3698 6116 142 4551 6542 142 6400 853 1707 101691
72.0 438 2337 146 292 1023 1315 438 7158 146 5405 4529 584 1753 146 6281 17092 2045 146 2483 18698 146 584 292 3798 6281 146 4675 6720 146 6574 876 1753 104448
73.0 450 2401 150 300 1050 1350 450 7352 150 5551 4651 600 1800 150 6452 17554 2100 150 2551 19205 150 600 300 3901 6452 150 4801 6902 150 6752 900 1800 107275
74.0 462 2465 154 308 1079 1387 462 7550 154 5701 4777 616 1849 154 6626 18029 2157 154 2620 19724 154 616 308 4006 6626 154 4931 7088 154 6934 925 1849 110175
75.0 475 2532 158 317 1108 1424 475 7754 158 5855 4906 633 1899 158 6805 18515 2216 158 2690 20256 158 633 317 4115 6805 158 5064 7280 158 7121 950 1899 113149
76.0 488 2600 163 325 1138 1463 488 7963 163 6013 5038 650 1950 163 6988 19015 2275 163 2763 20802 163 650 325 4225 6988 163 5201 7476 163 7313 975 1950 116200
77.0 501 2670 167 334 1168 1502 501 8178 167 6175 5174 668 2003 167 7177 19527 2337 167 2837 21363 167 668 334 4339 7177 167 5341 7677 167 7510 1001 2003 119331
78.0 514 2742 171 343 1200 1543 514 8398 171 6341 5313 686 2057 171 7370 20053 2399 171 2914 21938 171 686 343 4456 7370 171 5484 7884 171 7713 1028 2057 122543
79.0 528 2816 176 352 1232 1584 528 8624 176 6512 5456 704 2112 176 7568 20592 2464 176 2992 22528 176 704 352 4576 7568 176 5632 8096 176 7920 1056 2112 125840
80.0 542 2892 181 361 1265 1627 542 8856 181 6687 5603 723 2169 181 7772 21146 2530 181 3072 23134 181 723 361 4699 7772 181 5783 8314 181 8133 1084 2169 129224
81.0 557 2969 186 371 1299 1670 557 9094 186 6867 5753 742 2227 186 7980 21714 2598 186 3155 23756 186 742 371 4825 7980 186 5939 8537 186 8352 1114 2227 132697
82.0 572 3049 191 381 1334 1715 572 9338 191 7051 5908 762 2287 191 8195 22297 2668 191 3240 24394 191 762 381 4955 8195 191 6098 8766 191 8576 1143 2287 136261
83.0 587 3131 196 391 1370 1761 587 9589 196 7241 6066 783 2348 196 8415 22896 2740 196 3327 25049 196 783 391 5088 8415 196 6262 9002 196 8806 1174 2348 139921
84.0 603 3215 201 402 1407 1809 603 9846 201 7435 6229 804 2411 201 8641 23511 2813 201 3416 25721 201 804 402 5225 8641 201 6430 9244 201 9043 1206 2411 143677
85.0 619 3301 206 413 1444 1857 619 10111 206 7635 6397 825 2476 206 8873 24142 2889 206 3508 26412 206 825 413 5365 8873 206 6603 9492 206 9285 1238 2476 147533
86.0 636 3390 212 424 1483 1907 636 10382 212 7839 6568 848 2543 212 9111 24790 2966 212 3602 27120 212 848 424 5509 9111 212 6780 9746 212 9534 1271 2543 151492
87.0 653 3481 218 435 1523 1958 653 10661 218 8050 6744 870 2611 218 9355 25455 3046 218 3699 27848 218 870 435 5657 9355 218 6962 10008 218 9790 1305 2611 155556
88.0 670 3574 223 447 1564 2011 670 10946 223 8266 6925 894 2681 223 9606 26137 3128 223 3798 28595 223 894 447 5808 9606 223 7149 10276 223 10053 1340 2681 159729
89.0 688 3670 229 459 1606 2064 688 11240 229 8487 7111 918 2753 229 9864 26838 3211 229 3900 29362 229 918 459 5964 9864 229 7340 10552 229 10322 1376 2753 164013
90.0 707 3769 236 471 1649 2120 707 11541 236 8715 7302 942 2826 236 10128 27558 3298 236 4004 30149 236 942 471 6124 10128 236 7537 10835 236 10599 1413 2826 168411
91.0 726 3870 242 484 1693 2177 726 11851 242 8949 7498 967 2902 242 10400 28297 3386 242 4112 30958 242 967 484 6288 10400 242 7739 11125 242 10884 1451 2902 172927
92.0 745 3973 248 497 1738 2235 745 12169 248 9189 7699 993 2980 248 10679 29056 3477 248 4222 31788 248 993 497 6457 10679 248 7947 11424 248 11175 1490 2980 177564
93.0 765 4080 255 510 1785 2295 765 12495 255 9435 7905 1020 3060 255 10965 29835 3570 255 4335 32640 255 1020 510 6630 10965 255 8160 11730 255 11475 1530 3060 182325
94.0 786 4189 262 524 1833 2357 786 12830 262 9688 8117 1047 3142 262 11259 30635 3666 262 4451 33515 262 1047 524 6808 11259 262 8379 12044 262 11783 1571 3142 187213
95.0 807 4302 269 538 1882 2420 807 13174 269 9948 8335 1075 3226 269 11561 31456 3764 269 4571 34413 269 1075 538 6990 11561 269 8603 12367 269 12098 1613 3226 192232
96.0 828 4417 276 552 1932 2485 828 13527 276 10214 8558 1104 3313 276 11871 32299 3865 276 4693 35336 276 1104 552 7178 11871 276 8834 12699 276 12423 1656 3313 197385
97.0 850 4535 283 567 1984 2551 850 13890 283 10488 8787 1134 3402 283 12189 33165 3968 283 4819 36283 283 1134 567 7370 12189 283 9071 13039 283 12756 1701 3402 202676
98.0 873 4657 291 582 2037 2620 873 14262 291 10769 9023 1164 3493 291 12516 34054 4075 291 4948 37256 291 1164 582 7568 12516 291 9314 13389 291 13098 1746 3493 208109
99.0 897 4782 299 598 2092 2690 897 14644 299 11058 9265 1195 3586 299 12851 34967 4184 299 5081 38254 299 1195 598 7770 12851 299 9564 13748 299 13449 1793 3586 213687
100.0 921 4910 307 614 2148 2762 921 15037 307 11354 9513 1227 3682 307 13196 35904 4296 307 5217 39280 307 1227 614 7979 13196 307 9820 14116 307 13809 1841 3682 219415
101.0 945 5042 315 630 2206 2836 945 15440 315 11659 9768 1260 3781 315 13549 36867 4411 315 5357 40333 315 1260 630 8193 13549 315 10083 14495 315 14179 1891 3781 225296
102.0 971 5177 324 647 2265 2912 971 15854 324 11971 10030 1294 3883 324 13912 37855 4530 324 5500 41414 324 1294 647 8412 13912 324 10353 14883 324 14560 1941 3883 231335
103.0 997 5315 332 664 2326 2990 997 16279 332 12292 10299 1329 3987 332 14285 38869 4651 332 5648 42524 332 1329 664 8638 14285 332 10631 15282 332 14950 1993 3987 237536
104.0 1023 5458 341 682 2388 3070 1023 16715 341 12622 10575 1364 4093 341 14668 39911 4776 341 5799 43664 341 1364 682 8869 14668 341 10916 15692 341 15350 2047 4093 243902
105.0 1051 5604 350 701 2452 3152 1051 17163 350 12960 10858 1401 4203 350 15061 40981 4904 350 5955 44834 350 1401 701 9107 15061 350 11208 16112 350 15762 2102 4203 250440
106.0 1079 5754 360 719 2518 3237 1079 17623 360 13307 11149 1439 4316 360 15465 42079 5035 360 6114 46036 360 1439 719 9351 15465 360 11509 16544 360 16184 2158 4316 257152
107.0 1108 5909 369 739 2585 3324 1108 18095 369 13664 11448 1477 4432 369 15880 43207 5170 369 6278 47270 369 1477 739 9602 15880 369 11817 16987 369 16618 2216 4432 264045
108.0 1138 6067 379 758 2654 3413 1138 18580 379 14030 11755 1517 4550 379 16305 44365 5309 379 6446 48536 379 1517 758 9859 16305 379 12134 17443 379 17064 2275 4550 271122
109.0 1168 6230 389 779 2725 3504 1168 19078 389 14406 12070 1557 4672 389 16742 45555 5451 389 6619 49837 389 1557 779 10123 16742 389 12459 17910 389 17521 2336 4672 278389
110.0 1199 6397 400 800 2799 3598 1199 19590 400 14792 12394 1599 4797 400 17191 46775 5597 400 6796 51173 400 1599 800 10395 17191 400 12793 18390 400 17991 2399 4797 285850
111.0 1232 6568 411 821 2874 3695 1232 20115 411 15189 12726 1642 4926 411 17652 48029 5747 411 6979 52545 411 1642 821 10673 17652 411 13136 18883 411 18473 2463 4926 293512
112.0 1265 6744 422 843 2951 3794 1265 20654 422 15596 13067 1686 5058 422 18125 49317 5901 422 7166 53953 422 1686 843 10959 18125 422 13488 19389 422 18968 2529 5058 301379
113.0 1298 6925 433 866 3030 3895 1298 21208 433 16014 13417 1731 5194 433 18611 50638 6059 433 7358 55399 433 1731 866 11253 18611 433 13850 19909 433 19476 2597 5194 309457
114.0 1333 7111 444 889 3111 4000 1333 21776 444 16443 13777 1778 5333 444 19109 51996 6222 444 7555 56884 444 1778 889 11555 19109 444 14221 20443 444 19998 2666 5333 317751
115.0 1369 7301 456 913 3194 4107 1369 22360 456 16884 14146 1825 5476 456 19622 53389 6388 456 7757 58409 456 1825 913 11864 19622 456 14602 20991 456 20534 2738 5476 326268
116.0 1406 7497 469 937 3280 4217 1406 22959 469 17336 14525 1874 5623 469 20148 54820 6560 469 7965 59974 469 1874 937 12182 20148 469 14994 21553 469 21085 2811 5623 335012
117.0 1443 7698 481 962 3368 4330 1443 23574 481 17801 14914 1924 5773 481 20688 56290 6736 481 8179 61582 481 1924 962 12509 20688 481 15395 22131 481 21650 2887 5773 343992
118.0 1482 7904 494 988 3458 4446 1482 24206 494 18278 15314 1976 5928 494 21242 57798 6916 494 8398 63232 494 1976 988 12844 21242 494 15808 22724 494 22230 2964 5928 353212
119.0 1522 8116 507 1014 3551 4565 1522 24855 507 18768 15725 2029 6087 507 21811 59347 7101 507 8623 64927 507 2029 1014 13188 21811 507 16232 23333 507 22826 3043 6087 362679
120.0 1563 8333 521 1042 3646 4688 1563 25521 521 19271 16146 2083 6250 521 22396 60938 7292 521 8854 66667 521 2083 1042 13542 22396 521 16667 23959 521 23438 3125 6250 372400
121.0 1604 8557 535 1070 3744 4813 1604 26205 535 19788 16579 2139 6418 535 22996 62572 7487 535 9092 68454 535 2139 1070 13905 22996 535 17114 24601 535 24066 3209 6418 382381
122.0 1647 8786 549 1098 3844 4942 1647 26908 549 20318 17023 2197 6590 549 23613 64249 7688 549 9335 70289 549 2197 1098 14277 23613 549 17572 25260 549 24711 3295 6590 392630
123.0 1692 9022 564 1128 3947 5075 1692 27629 564 20863 17479 2255 6766 564 24246 65971 7894 564 9585 72173 564 2255 1128 14660 24246 564 18043 25937 564 25373 3383 6766 403154
124.0 1737 9263 579 1158 4053 5211 1737 28369 579 21422 17948 2316 6948 579 24896 67739 8106 579 9842 74108 579 2316 1158 15053 24896 579 18527 26632 579 26053 3474 6948 413960
125.0 1783 9512 594 1189 4161 5350 1783 29130 594 21996 18429 2378 7134 594 25563 69555 8323 594 10106 76094 594 2378 1189 15457 25563 594 19023 27346 594 26752 3567 7134 425056
126.0 1831 9767 610 1221 4273 5494 1831 29910 610 22585 18923 2442 7325 610 26248 71419 8546 610 10377 78133 610 2442 1221 15871 26248 610 19533 28079 610 27469 3663 7325 436448
127.0 1880 10028 627 1254 4387 5641 1880 30712 627 23191 19430 2507 7521 627 26951 73333 8775 627 10655 80228 627 2507 1254 16296 26951 627 20057 28832 627 28205 3761 7521 448147
128.0 1931 10297 644 1287 4505 5792 1931 31535 644 23812 19951 2574 7723 644 27674 75299 9010 644 10941 82378 644 2574 1287 16733 27674 644 20595 29605 644 28961 3861 7723 460159
129.0 1982 10573 661 1322 4626 5947 1982 32381 661 24451 20486 2643 7930 661 28416 77317 9252 661 11234 84586 661 2643 1322 17182 28416 661 21147 30398 661 29737 3965 7930 472492
130.0 2036 10857 679 1357 4750 6107 2036 33249 679 25106 21035 2714 8142 679 29177 79389 9500 679 11535 86853 679 2714 1357 17642 29177 679 21713 31213 679 30534 4071 8142 485157
131.0 2090 11148 697 1393 4877 6271 2090 34140 697 25779 21599 2787 8361 697 29959 81517 9754 697 11844 89181 697 2787 1393 18115 29959 697 22295 32050 697 31353 4180 8361 498161
132.0 2146 11446 715 1431 5008 6439 2146 35055 715 26470 22177 2862 8585 715 30762 83702 10016 715 12162 91572 715 2862 1431 18600 30762 715 22893 32909 715 32193 4292 8585 511513
133.0 2204 11753 735 1469 5142 6611 2204 35994 735 27179 22772 2938 8815 735 31587 85946 10284 735 12488 94026 735 2938 1469 19099 31587 735 23507 33791 735 33056 4407 8815 525224
134.0 2263 12068 754 1509 5280 6788 2263 36959 754 27908 23382 3017 9051 754 32434 88249 10560 754 12823 96546 754 3017 1509 19611 32434 754 24137 34696 754 33942 4526 9051 539302
135.0 2323 12392 774 1549 5421 6970 2323 37950 774 28656 24009 3098 9294 774 33303 90615 10843 774 13166 99134 774 3098 1549 20137 33303 774 24784 35626 774 34852 4647 9294 553757
136.0 2386 12724 795 1590 5567 7157 2386 38967 795 29424 24653 3181 9543 795 34195 93044 11133 795 13519 101791 795 3181 1590 20676 34195 795 25448 36581 795 35786 4771 9543 568600
137.0 2450 13065 817 1633 5716 7349 2450 40011 817 30213 25313 3266 9799 817 35112 95537 11432 817 13882 104520 817 3266 1633 21231 35112 817 26130 37562 817 36745 4899 9799 583840
138.0 2515 13415 838 1677 5869 7546 2515 41084 838 31023 25992 3354 10061 838 36053 98098 11738 838 14254 107321 838 3354 1677 21800 36053 838 26830 38569 838 37730 5031 10061 599489
139.0 2583 13775 861 1722 6026 7748 2583 42185 861 31854 26689 3444 10331 861 37020 100728 12053 861 14636 110198 861 3444 1722 22384 37020 861 27549 39602 861 38741 5166 10331 615558
140.0 2652 14144 884 1768 6188 7956 2652 43316 884 32708 27404 3536 10608 884 38012 103427 12376 884 15028 113151 884 3536 1768 22984 38012 884 28288 40664 884 39780 5304 10608 632057
141.0 2723 14523 908 1815 6354 8169 2723 44477 908 33585 28138 3631 10892 908 39031 106200 12708 908 15431 116184 908 3631 1815 23600 39031 908 29046 41754 908 40846 5446 10892 648998
142.0 2796 14912 932 1864 6524 8388 2796 45669 932 34485 28893 3728 11184 932 40077 109046 13048 932 15844 119299 932 3728 1864 24233 40077 932 29825 42873 932 41941 5592 11184 666394
143.0 2871 15312 957 1914 6699 8613 2871 46893 957 35409 29667 3828 11484 957 41151 111969 13398 957 16269 122496 957 3828 1914 24882 41151 957 30624 44022 957 43065 5742 11484 684256
144.0 2948 15722 983 1965 6879 8844 2948 48150 983 36358 30462 3931 11792 983 42254 114970 13757 983 16705 125780 983 3931 1965 25549 42254 983 31445 45202 983 44219 5896 11792 702597
145.0 3027 16144 1009 2018 7063 9081 3027 49441 1009 37333 31279 4036 12108 1009 43387 118052 14126 1009 17153 129151 1009 4036 2018 26234 43387 1009 32288 46414 1009 45405 6054 12108 721429
146.0 3108 16577 1036 2072 7252 9324 3108 50766 1036 38333 32117 4144 12432 1036 44550 121216 14505 1036 17613 132613 1036 4144 2072 26937 44550 1036 33153 47658 1036 46622 6216 12432 740766
147.0 3191 17021 1064 2128 7447 9574 3191 52126 1064 39361 32978 4255 12766 1064 45744 124465 14893 1064 18085 136167 1064 4255 2128 27659 45744 1064 34042 48935 1064 47871 6383 12766 760621
148.0 3277 17477 1092 2185 7646 9831 3277 53524 1092 40416 33862 4369 13108 1092 46970 127801 15292 1092 18569 139817 1092 4369 2185 28400 46970 1092 34954 50247 1092 49154 6554 13108 781009
149.0 3365 17946 1122 2243 7851 10094 3365 54958 1122 41499 34770 4486 13459 1122 48229 131227 15702 1122 19067 143565 1122 4486 2243 29162 48229 1122 35891 51594 1122 50472 6730 13459 801943
150.0 3455 18427 1152 2303 8062 10365 3455 56431 1152 42611 35702 4607 13820 1152 49521 134744 16123 1152 19578 147413 1152 4607 2303 29943 49521 1152 36853 52976 1152 51825 6910 13820 823438
151.0 3548 18920 1183 2365 8278 10643 3548 57944 1183 43754 36658 4730 14190 1183 50849 138356 16555 1183 20103 151364 1183 4730 2365 30746 50849 1183 37841 54396 1183 53214 7095 14190 845509
152.0 3643 19428 1214 2428 8500 10928 3643 59497 1214 44926 37641 4857 14571 1214 52212 142065 16999 1214 20642 155421 1214 4857 2428 31570 52212 1214 38855 55854 1214 54640 7285 14571 868172
153.0 3740 19948 1247 2494 8727 11221 3740 61092 1247 46131 38650 4987 14961 1247 53611 145872 17455 1247 21195 159587 1247 4987 2494 32416 53611 1247 39897 57352 1247 56105 7481 14961 891443
154.0 3841 20483 1280 2560 8961 11522 3841 62729 1280 47367 39686 5121 15362 1280 55048 149782 17923 1280 21763 163864 1280 5121 2560 33285 55048 1280 40966 58889 1280 57609 7681 15362 915337
155.0 3944 21032 1315 2629 9202 11831 3944 64411 1315 48637 40750 5258 15774 1315 56524 153797 18403 1315 22347 168257 1315 5258 2629 34177 56524 1315 42064 60467 1315 59153 7887 15774 939871
156.0 4049 21596 1350 2699 9448 12148 4049 66137 1350 49940 41842 5399 16197 1350 58039 157920 18896 1350 22946 172767 1350 5399 2699 35093 58039 1350 43192 62088 1350 60738 8098 16197 965064
157.0 4158 22175 1386 2772 9701 12473 4158 67910 1386 51279 42963 5544 16631 1386 59594 162152 19403 1386 23561 177397 1386 5544 2772 36034 59594 1386 44349 63752 1386 62366 8316 16631 990931
158.0 4269 22769 1423 2846 9961 12808 4269 69730 1423 52653 44115 5692 17077 1423 61192 166499 19923 1423 24192 182152 1423 5692 2846 37000 61192 1423 45538 65461 1423 64038 8538 17077 1017492
159.0 4384 23379 1461 2922 10228 13151 4384 71599 1461 54065 45297 5845 17535 1461 62832 170962 20457 1461 24841 187035 1461 5845 2922 37991 62832 1461 46759 67216 1461 65754 8767 17535 1044765
160.0 4501 24006 1500 3001 10503 13503 4501 73518 1500 55514 46512 6002 18005 1500 64516 175544 21005 1500 25506 192048 1500 6002 3001 39010 64516 1500 48012 69017 1500 67517 9002 18005 1072769
161.0 4622 24649 1541 3081 10784 13865 4622 75489 1541 57002 47758 6162 18487 1541 66245 180249 21568 1541 26190 197196 1541 6162 3081 40055 66245 1541 49299 70867 1541 69327 9244 18487 1101523
162.0 4746 25310 1582 3164 11073 14237 4746 77512 1582 58530 49038 6328 18983 1582 68021 185081 22146 1582 26892 202481 1582 6328 3164 41129 68021 1582 50620 72767 1582 71185 9491 18983 1131048
163.0 4873 25989 1624 3249 11370 14619 4873 79590 1624 60099 50353 6497 19491 1624 69844 190042 22740 1624 27613 207909 1624 6497 3249 42231 69844 1624 51977 74717 1624 73093 9746 19491 1161365
164.0 5003 26685 1668 3336 11675 15010 5003 81723 1668 61709 51703 6671 20014 1668 71716 195135 23350 1668 28353 213481 1668 6671 3336 43363 71716 1668 53370 76720 1668 75052 10007 20014 1192494
165.0 5138 27400 1713 3425 11988 15413 5138 83914 1713 63364 53088 6850 20550 1713 73639 200366 23975 1713 29113 219204 1713 6850 3425 44526 73639 1713 54801 78776 1713 77064 10275 20550 1224458
166.0 5275 28135 1758 3517 12309 15826 5275 86163 1758 65062 54511 7034 21101 1758 75613 205736 24618 1758 29893 225079 1758 7034 3517 45719 75613 1758 56270 80888 1758 79129 10551 21101 1257278
167.0 5417 28889 1806 3611 12639 16250 5417 88473 1806 66806 55972 7222 21667 1806 77639 211251 25278 1806 30695 231112 1806 7222 3611 46945 77639 1806 57778 83056 1806 81250 10833 21667 1290978
168.0 5562 29663 1854 3708 12978 16686 5562 90844 1854 68597 57473 7416 22248 1854 79720 216913 25955 1854 31517 237307 1854 7416 3708 48203 79720 1854 59327 85282 1854 83428 11124 22248 1325581
169.0 5711 30458 1904 3807 13326 17133 5711 93279 1904 70435 59013 7615 22844 1904 81857 222727 26651 1904 32362 243668 1904 7615 3807 49495 81857 1904 60917 87568 1904 85664 11422 22844 1361112
170.0 5864 31275 1955 3909 13683 17592 5864 95779 1955 72323 60595 7819 23456 1955 84051 228697 27366 1955 33230 250199 1955 7819 3909 50822 84051 1955 62550 89915 1955 87961 11728 23456 1397595
171.0 6021 32113 2007 4014 14050 18064 6021 98347 2007 74262 62219 8028 24085 2007 86304 234827 28099 2007 34120 256905 2007 8028 4014 52184 86304 2007 64226 92325 2007 90318 12042 24085 1435057
172.0 6183 32974 2061 4122 14426 18548 6183 100983 2061 76252 63887 8243 24730 2061 88617 241122 28852 2061 35035 263791 2061 8243 4122 53583 88617 2061 65948 94800 2061 92739 12365 24730 1473522
173.0 6348 33858 2116 4232 14813 19045 6348 103689 2116 78296 65599 8464 25393 2116 90993 247585 29626 2116 35974 270862 2116 8464 4232 55019 90993 2116 67715 97341 2116 95225 12697 25393 1513018
174.0 6518 34765 2173 4346 15210 19555 6518 106469 2173 80395 67358 8691 26074 2173 93432 254221 30420 2173 36938 278122 2173 8691 4346 56494 93432 2173 69531 99950 2173 97777 13037 26074 1553573
175.0 6693 35697 2231 4462 15617 20080 6693 109322 2231 82550 69163 8924 26773 2231 95936 261035 31235 2231 37928 285577 2231 8924 4462 58008 95936 2231 71394 102629 2231 100398 13386 26773 1595215
176.0 6873 36654 2291 4582 16036 20618 6873 112253 2291 84762 71017 9163 27490 2291 98507 268032 32072 2291 38945 293232 2291 9163 4582 59563 98507 2291 73308 105380 2291 103089 13745 27490 1637973
177.0 7057 37636 2352 4705 16466 21170 7057 115262 2352 87034 72921 9409 28227 2352 101148 275216 32932 2352 39989 301091 2352 9409 4705 61159 101148 2352 75273 108205 2352 105852 14114 28227 1681877
178.0 7246 38645 2415 4831 16907 21738 7246 118351 2415 89367 74875 9661 28984 2415 103859 282593 33815 2415 41061 309162 2415 9661 4831 62798 103859 2415 77290 111105 2415 108690 14492 28984 1726958
179.0 7440 39681 2480 4960 17360 22321 7440 121523 2480 91762 76882 9920 29761 2480 106643 290168 34721 2480 42161 317449 2480 9920 4960 64482 106643 2480 79362 114083 2480 111603 14880 29761 1773248
180.0 7640 40745 2547 5093 17826 22919 7640 124781 2547 94222 78943 10186 30559 2547 109501 297945 35652 2547 43291 325957 2547 10186 5093 66210 109501 2547 81489 117141 2547 114594 15279 30559 1820778
181.0 7844 41837 2615 5230 18304 23533 7844 128125 2615 96748 81059 10459 31378 2615 112436 305932 36607 2615 44452 334694 2615 10459 5230 67985 112436 2615 83674 120281 2615 117666 15689 31378 1869582
182.0 8055 42958 2685 5370 18794 24164 8055 131559 2685 99341 83231 10740 32219 2685 115450 314132 37588 2685 45643 343666 2685 10740 5370 69807 115450 2685 85916 123505 2685 120820 16109 32219 1919694
183.0 8271 44110 2757 5514 19298 24812 8271 135086 2757 102004 85462 11027 33082 2757 118545 322552 38596 2757 46866 352877 2757 11027 5514 71678 118545 2757 88219 126815 2757 124058 16541 33082 1971150
184.0 8492 45292 2831 5661 19815 25477 8492 138707 2831 104738 87753 11323 33969 2831 121722 331197 39630 2831 48123 362336 2831 11323 5661 73599 121722 2831 90584 130214 2831 127384 16984 33969 2023984
185.0 8720 46506 2907 5813 20346 26160 8720 142425 2907 107545 90105 11626 34879 2907 124985 340075 40693 2907 49413 372048 2907 11626 5813 75572 124985 2907 93012 133705 2907 130798 17440 34879 2078235
186.0 8954 47753 2985 5969 20892 26861 8954 146242 2985 110428 92520 11938 35814 2985 128335 349190 41783 2985 50737 382020 2985 11938 5969 77598 128335 2985 95505 137288 2985 134304 17907 35814 2133940
187.0 9194 49032 3065 6129 21452 27581 9194 150162 3065 113388 95000 12258 36774 3065 131775 358550 42903 3065 52097 392260 3065 12258 6129 79678 131775 3065 98065 140968 3065 137904 18387 36774 2191139
188.0 9440 50347 3147 6293 22027 28320 9440 154187 3147 116427 97547 12587 37760 3147 135307 368161 44053 3147 53493 402774 3147 12587 6293 81813 135307 3147 100693 144747 3147 141600 18880 37760 2249870
189.0 9693 51696 3231 6462 22617 29079 9693 158320 3231 119548 100161 12924 38772 3231 138934 378029 45234 3231 54927 413570 3231 12924 6462 84006 138934 3231 103392 148627 3231 145396 19386 38772 2310175
190.0 9953 53082 3318 6635 23223 29859 9953 162563 3318 122752 102846 13270 39811 3318 142658 388161 46447 3318 56400 424655 3318 13270 6635 86258 142658 3318 106164 152610 3318 149293 19906 39811 2372097
191.0 10220 54505 3407 6813 23846 30659 10220 166921 3407 126042 105603 13626 40879 3407 146481 398566 47692 3407 57911 436038 3407 13626 6813 88570 146481 3407 109009 156701 3407 153294 20439 40879 2435679
192.0 10494 55966 3498 6996 24485 31481 10494 171395 3498 129421 108433 13991 41974 3498 150408 409249 48970 3498 59464 447725 3498 13991 6996 90944 150408 3498 111931 160901 3498 157403 20987 41974 2500965
193.0 10775 57466 3592 7183 25141 32324 10775 175989 3592 132890 111340 14366 43099 3592 154439 420218 50283 3592 61057 459726 3592 14366 7183 93382 154439 3592 114932 165214 3592 161622 21550 43099 2568001
194.0 11064 59006 3688 7376 25815 33191 11064 180706 3688 136452 114324 14752 44255 3688 158579 431482 51630 3688 62694 472049 3688 14752 7376 95885 158579 3688 118012 169642 3688 165955 22127 44255 2636834
195.0 11360 60588 3787 7573 26507 34081 11360 185550 3787 140109 117389 15147 45441 3787 162829 443047 53014 3787 64374 484701 3787 15147 7573 98455 162829 3787 121175 174190 3787 170403 22720 45441 2707511
196.0 11665 62212 3888 7776 27218 34994 11665 190523 3888 143864 120535 15553 46659 3888 167194 454923 54435 3888 66100 497693 3888 15553 7776 101094 167194 3888 124423 178859 3888 174970 23329 46659 2780084
197.0 11977 63879 3992 7985 27947 35932 11977 195630 3992 147721 123766 15970 47909 3992 171675 467117 55894 3992 67872 511033 3992 15970 7985 103804 171675 3992 127758 183653 3992 179660 23955 47909 2854601
198.0 12298 65591 4099 8199 28696 36895 12298 200874 4099 151680 127083 16398 49194 4099 176277 479637 57392 4099 69691 524731 4099 16398 8199 106586 176277 4099 131183 188575 4099 184476 24597 49194 2931116
199.0 12628 67350 4209 8419 29465 37884 12628 206258 4209 155746 130490 16837 50512 4209 181002 492493 58931 4209 71559 538796 4209 16837 8419 109443 181002 4209 134699 193630 4209 189421 25256 50512 3009682
200.0 12967 69155 4322 8644 30255 38900 12967 211786 4322 159920 133987 17289 51866 4322 185853 505694 60510 4322 73477 553238 4322 17289 8644 112376 185853 4322 138310 198820 4322 194498 25933 51866 3090353
201.0 13314 71008 4438 8876 31066 39942 13314 217463 4438 164207 137579 17752 53256 4438 190835 519249 62132 4438 75446 568067 4438 17752 8876 115389 190835 4438 142017 204149 4438 199711 26628 53256 3173187
202.0 13671 72912 4557 9114 31899 41013 13671 223292 4557 168608 141266 18228 54684 4557 195950 533167 63798 4557 77469 583294 4557 18228 9114 118481 195950 4557 145823 209621 4557 205064 27342 54684 3258241
203.0 14037 74866 4679 9358 32754 42112 14037 229277 4679 173128 145053 18717 56150 4679 201202 547458 65508 4679 79545 598928 4679 18717 9358 121657 201202 4679 149732 215240 4679 210561 28075 56150 3345575
204.0 14414 76873 4805 9609 33632 43241 14414 235423 4805 177768 148941 19218 57655 4805 206595 562132 67264 4805 81677 614982 4805 19218 9609 124918 206595 4805 153745 221009 4805 216205 28827 57655 3435250
205.0 14800 78933 4933 9867 34533 44400 14800 241733 4933 182533 152933 19733 59200 4933 212133 577199 69067 4933 83867 631466 4933 19733 9867 128266 212133 4933 157866 226933 4933 222000 29600 59200 3527328
206.0 15197 81049 5066 10131 35459 45590 15197 248212 5066 187426 157032 20262 60787 5066 217819 592670 70918 5066 86115 648392 5066 20262 10131 131705 217819 5066 162098 233016 5066 227950 30393 60787 3621875
207.0 15604 83221 5201 10403 36409 46812 15604 254866 5201 192449 161241 20805 62416 5201 223657 608556 72819 5201 88423 665771 5201 20805 10403 135235 223657 5201 166443 239261 5201 234060 31208 62416 3718956
208.0 16022 85452 5341 10682 37385 48067 16022 261697 5341 197608 165563 21363 64089 5341 229652 624868 74771 5341 90793 683616 5341 21363 10682 138860 229652 5341 170904 245675 5341 240334 32045 64089 3818639
209.0 16452 87743 5484 10968 38387 49355 16452 268711 5484 202905 170001 21936 65807 5484 235808 641617 76775 5484 93226 701940 5484 21936 10968 142582 235808 5484 175485 252260 5484 246776 32903 65807 3920994
210.0 16893 90094 5631 11262 39416 50678 16893 275914 5631 208343 174558 22524 67571 5631 242129 658815 78833 5631 95725 720755 5631 22524 11262 146403 242129 5631 180189 259021 5631 253390 33785 67571 4026092
211.0 17345 92509 5782 11564 40473 52036 17345 283310 5782 213928 179237 23127 69382 5782 248619 676474 80946 5782 98291 740074 5782 23127 11564 150328 248619 5782 185019 265964 5782 260182 34691 69382 4134007
212.0 17810 94989 5937 11874 41558 53431 17810 290903 5937 219662 184041 23747 71242 5937 255283 694606 83115 5937 100926 759911 5937 23747 11874 154357 255283 5937 189978 273093 5937 267156 35621 71242 4244816
213.0 18288 97535 6096 12192 42672 54863 18288 298701 6096 225550 188974 24384 73151 6096 262125 713224 85343 6096 103631 780280 6096 24384 12192 158494 262125 6096 195070 280413 6096 274317 36576 73151 4358594
214.0 18778 100149 6259 12519 43815 56334 18778 306707 6259 231595 194039 25037 75112 6259 269151 732342 87631 6259 106409 801194 6259 25037 12519 162743 269151 6259 200299 287929 6259 281670 37556 75112 4475421
215.0 19281 102834 6427 12854 44990 57844 19281 314928 6427 237803 199240 25708 77125 6427 276366 751971 89979 6427 109261 822670 6427 25708 12854 167105 276366 6427 205667 295647 6427 289220 38563 77125 4595381
216.0 19798 105590 6599 13199 46196 59394 19798 323370 6599 244177 204581 26398 79193 6599 283773 772127 92391 6599 112189 844720 6599 26398 13199 171584 283773 6599 211180 303571 6599 296972 39596 79193 4718555
217.0 20329 108420 6776 13553 47434 60986 20329 332037 6776 250722 210064 27105 81315 6776 291380 792823 94868 6776 115197 867362 6776 27105 13553 176183 291380 6776 216841 311708 6776 304932 40658 81315 4845032
218.0 20874 111326 6958 13916 48705 62621 20874 340937 6958 257442 215695 27832 83495 6958 299190 814074 97411 6958 118284 890611 6958 27832 13916 180905 299190 6958 222653 320063 6958 313105 41747 83495 4974898
219.0 21433 114310 7144 14289 50011 64300 21433 350076 7144 264343 221476 28578 85733 7144 307209 835895 100022 7144 121455 914483 7144 28578 14289 185754 307209 7144 228621 328642 7144 321498 42866 85733 5108245
220.0 22008 117374 7336 14672 51351 66023 22008 359459 7336 271428 227413 29344 88031 7336 315444 858300 102703 7336 124710 938995 7336 29344 14672 190733 315444 7336 234749 337451 7336 330115 44015 88031 5245167
221.0 22598 120520 7533 15065 52728 67793 22598 369094 7533 278704 233508 30130 90390 7533 323899 881306 105455 7533 128053 964164 7533 30130 15065 195846 323899 7533 241041 346496 7533 338964 45195 90390 5385758
222.0 23203 123751 7734 15469 54141 69610 23203 378987 7734 286174 239767 30938 92813 7734 332581 904928 108282 7734 131485 990007 7734 30938 15469 201095 332581 7734 247502 355784 7734 348049 46407 92813 5530118
223.0 23825 127068 7942 15883 55592 71476 23825 389146 7942 293845 246194 31767 95301 7942 341495 929184 111184 7942 135010 1016543 7942 31767 15883 206485 341495 7942 254136 365320 7942 357379 47650 95301 5678348
224.0 24464 130474 8155 16309 57082 73392 24464 399576 8155 301721 252793 32618 97855 8155 350648 954090 114165 8155 138628 1043791 8155 32618 16309 212020 350648 8155 260948 375112 8155 366958 48928 97855 5830550
225.0 25120 133971 8373 16746 58612 75359 25120 410286 8373 309808 259569 33493 100478 8373 360047 979664 117225 8373 142344 1071769 8373 33493 16746 217703 360047 8373 267942 385167 8373 376794 50239 100478 5986833
226.0 25793 137562 8598 17195 60183 77379 25793 421284 8598 318112 266526 34391 103172 8598 369698 1005922 120367 8598 146160 1100496 8598 34391 17195 223538 369698 8598 275124 395491 8598 386893 51586 103172 6147304
227.0 26484 141249 8828 17656 61797 79453 26484 432576 8828 326639 273670 35312 105937 8828 379607 1032885 123593 8828 150077 1129994 8828 35312 17656 229530 379607 8828 282499 406092 8828 397264 52968 105937 6312076
228.0 27194 145035 9065 18129 63453 81582 27194 444171 9065 335394 281006 36259 108776 9065 389782 1060571 126906 9065 154100 1160282 9065 36259 18129 235682 389782 9065 290071 416977 9065 407912 54388 108776 6481265
229.0 27923 148923 9308 18615 65154 83769 27923 456076 9308 344384 288538 37231 111692 9308 400230 1088998 130307 9308 158231 1191383 9308 37231 18615 242000 400230 9308 297846 428153 9308 418845 55846 111692 6654989
230.0 28671 152915 9557 19114 66900 86014 28671 468301 9557 353615 296272 38229 114686 9557 410958 1118188 133800 9557 162472 1223317 9557 38229 19114 248486 410958 9557 305829 439629 9557 430072 57343 114686 6833370
231.0 29440 157013 9813 19627 68693 88320 29440 480853 9813 363093 304213 39253 117760 9813 421973 1148160 137387 9813 166827 1256106 9813 39253 19627 255147 421973 9813 314027 451413 9813 441600 58880 117760 7016532
232.0 30229 161222 10076 20153 70535 90687 30229 493742 10076 372826 312367 40305 120916 10076 433284 1178935 141069 10076 171298 1289775 10076 40305 20153 261986 433284 10076 322444 463513 10076 453437 60458 120916 7204603
233.0 31039 165543 10346 20693 72425 93118 31039 506976 10346 382819 320740 41386 124157 10346 444898 1210535 144850 10346 175890 1324346 10346 41386 20693 269008 444898 10346 331087 475937 10346 465590 62079 124157 7397715
234.0 31871 169981 10624 21248 74366 95614 31871 520565 10624 393080 329337 42495 127485 10624 456823 1242982 148733 10624 180604 1359844 10624 42495 21248 276218 456823 10624 339961 488694 10624 478070 63743 127485 7596004
235.0 32726 174537 10909 21817 76360 98177 32726 534519 10909 403616 338165 43634 130902 10909 469067 1276299 152720 10909 185445 1396293 10909 43634 21817 283622 469067 10909 349073 501793 10909 490884 65451 130902 7799607
236.0 33603 179215 11201 22402 78407 100808 33603 548846 11201 414435 347229 44804 134411 11201 481640 1310509 156813 11201 190416 1433720 11201 44804 22402 291224 481640 11201 358430 515243 11201 504042 67206 134411 8008668
237.0 34503 184019 11501 23002 80508 103510 34503 563557 11501 425543 356536 46005 138014 11501 494550 1345636 161016 11501 195520 1472149 11501 46005 23002 299030 494550 11501 368037 529054 11501 517552 69007 138014 8223332
238.0 35428 188951 11809 23619 82666 106285 35428 578663 11809 436949 366093 47238 141713 11809 507806 1381705 165332 11809 200761 1511609 11809 47238 23619 307045 507806 11809 377902 543234 11809 531425 70857 141713 8443751
239.0 36378 194016 12126 24252 84882 109134 36378 594173 12126 448661 375905 48504 145512 12126 521417 1418740 169764 12126 206142 1552126 12126 48504 24252 315276 521417 12126 388031 557795 12126 545669 72756 145512 8670077
240.0 37353 199216 12451 24902 87157 112059 37353 610099 12451 460687 385981 49804 149412 12451 535393 1456768 174314 12451 211667 1593729 12451 49804 24902 323726 535393 12451 398432 572746 12451 560295 74706 149412 8902470
241.0 38354 204556 12785 25569 89493 115063 38354 626452 12785 473036 396327 51139 153417 12785 549744 1495815 178986 12785 217341 1636447 12785 51139 25569 332403 549744 12785 409112 588098 12785 575314 76708 153417 9141092
242.0 39382 210039 13127 26255 91892 118147 39382 643244 13127 485715 406950 52510 157529 13127 564479 1535909 183784 13127 223166 1680311 13127 52510 26255 341313 564479 13127 420078 603862 13127 590734 78765 157529 9386110
243.0 40438 215669 13479 26959 94355 121314 40438 660485 13479 498734 417858 53917 161752 13479 579610 1577078 188710 13479 229148 1725350 13479 53917 26959 350462 579610 13479 431337 620048 13479 606568 80876 161752 9637696
244.0 41522 221450 13841 27681 96884 124565 41522 678189 13841 512102 429058 55362 166087 13841 595146 1619350 193768 13841 235290 1771596 13841 55362 27681 359855 595146 13841 442899 636667 13841 622827 83044 166087 9896025
245.0 42635 227385 14212 28423 99481 127904 42635 696367 14212 525828 440559 56846 170539 14212 611098 1662755 198962 14212 241597 1819082 14212 56846 28423 369501 611098 14212 454770 653733 14212 639521 85269 170539 10161278
246.0 43778 233480 14593 29185 102148 131333 43778 715033 14593 539923 452368 58370 175110 14593 627478 1707323 204295 14593 248073 1867841 14593 58370 29185 379405 627478 14593 466960 671255 14593 656663 87555 175110 10433641
247.0 44951 239738 14984 29967 104886 134853 44951 734199 14984 554395 464493 59935 179804 14984 644297 1753086 209771 14984 254722 1917906 14984 59935 29967 389575 644297 14984 479477 689248 14984 674264 89902 179804 10713305
248.0 46156 246164 15385 30771 107697 138467 46156 753878 15385 569255 476943 61541 184623 15385 661566 1800076 215394 15385 261550 1969314 15385 61541 30771 400017 661566 15385 492328 707722 15385 692337 92312 184623 11000465
249.0 47393 252762 15798 31595 110584 142179 47393 774085 15798 584513 489727 63191 189572 15798 679299 1848325 221167 15798 268560 2022099 15798 63191 31595 410739 679299 15798 505525 726692 15798 710894 94786 189572 11295321
250.0 48663 259537 16221 32442 113548 145990 48663 794834 16221 600180 502854 64884 194653 16221 697507 1897868 227095 16221 275759 2076300 16221 64884 32442 421748 697507 16221 519075 746170 16221 729949 97327 194653 11598081
251.0 49968 266494 16656 33312 116591 149903 49968 816138 16656 616268 516332 66624 199871 16656 716203 1948738 233182 16656 283150 2131953 16656 66624 33312 433053 716203 16656 532988 766171 16656 749515 99935 199871 11908956
252.0 51307 273637 17102 34205 119716 153921 51307 838014 17102 632786 530172 68409 205228 17102 735400 2000972 239433 17102 290740 2189098 17102 68409 34205 444661 735400 17102 547274 786707 17102 769605 102614 205228 12228164
253.0 52682 280972 17561 35121 122925 158047 52682 860476 17561 649747 544383 70243 210729 17561 755112 2054606 245850 17561 298533 2247775 17561 70243 35121 456579 755112 17561 561944 807794 17561 790233 105364 210729 12555928
254.0 54094 288503 18031 36063 126220 162283 54094 883540 18031 667163 558975 72126 216377 18031 775352 2109678 252440 18031 306534 2308024 18031 72126 36063 468817 775352 18031 577006 829446 18031 811415 108189 216377 12892478
255.0 55544 296236 18515 37030 129603 166633 55544 907223 18515 685046 573957 74059 222177 18515 796134 2166226 259207 18515 314751 2369888 18515 74059 37030 481384 796134 18515 592472 851679 18515 833164 111089 222177 13238048
256.0 57033 304176 19011 38022 133077 171099 57033 931540 19011 703408 589342 76044 228132 19011 817474 2224290 266154 19011 323187 2433411 19011 76044 38022 494287 817474 19011 608353 874507 19011 855496 114066 228132 13592881
257.0 58562 312330 19521 39041 136644 175685 58562 956509 19521 722262 605138 78082 234247 19521 839386 2283910 273288 19521 331850 2498636 19521 78082 39041 507535 839386 19521 624659 897947 19521 878427 117124 234247 13957225
258.0 60131 320701 20044 40088 140307 180394 60131 982147 20044 741622 621359 80175 240526 20044 861884 2345127 280614 20044 340745 2565610 20044 80175 40088 521139 861884 20044 641402 922016 20044 901972 120263 240526 14331335
259.0 61743 329297 20581 41162 144068 185230 61743 1008473 20581 761500 638013 82324 246973 20581 884986 2407986 288135 20581 349878 2634378 20581 82324 41162 535108 884986 20581 658595 946730 20581 926149 123486 246973 14715472
260.0 63398 338124 21133 42265 147929 190195 63398 1035504 21133 781911 655115 84531 253593 21133 908708 2472530 295858 21133 359257 2704990 21133 84531 42265 549451 908708 21133 676248 972106 21133 950973 126796 253593 15109906
261.0 65098 347187 21699 43398 151894 195293 65098 1063260 21699 802870 672675 86797 260390 21699 933065 2538804 303788 21699 368886 2777495 21699 86797 43398 564179 933065 21699 694374 998162 21699 976463 130195 260390 15514912
262.0 66842 356493 22281 44562 155966 200527 66842 1091759 22281 824390 690705 89123 267370 22281 958075 2606854 311931 22281 378774 2851943 22281 89123 44562 579301 958075 22281 712986 1024917 22281 1002636 133685 267370 15930774
263.0 68634 366048 22878 45756 160146 205902 68634 1121023 22878 846487 709219 91512 274536 22878 983755 2676728 320292 22878 388926 2928386 22878 91512 45756 594828 983755 22878 732097 1052389 22878 1029511 137268 274536 16357783
264.0 70474 375860 23491 46982 164439 211421 70474 1151071 23491 869176 728228 93965 281895 23491 1010123 2748475 328877 23491 399351 3006879 23491 93965 46982 610772 1010123 23491 751720 1080597 23491 1057106 140947 281895 16796238
265.0 72363 385934 24121 48242 168846 217088 72363 1181924 24121 892473 747748 96484 289451 24121 1037199 2822145 337693 24121 410055 3087475 24121 96484 48242 627143 1037199 24121 771869 1109561 24121 1085441 144725 289451 17246444
266.0 74302 396279 24767 49535 173372 222907 74302 1213604 24767 916395 767791 99070 297209 24767 1065000 2897790 346744 24767 421046 3170232 24767 99070 49535 643953 1065000 24767 792558 1139302 24767 1114535 148605 297209 17708718
267.0 76294 406901 25431 50863 178019 228882 76294 1246134 25431 940958 788370 101725 305176 25431 1093546 2975463 356038 25431 432332 3255207 25431 101725 50863 661214 1093546 25431 813802 1169840 25431 1144409 152588 305176 18183383
268.0 78339 417807 26113 52226 182791 235017 78339 1279535 26113 966180 809502 104452 313356 26113 1122858 3055217 365582 26113 443920 3342460 26113 104452 52226 678937 1122858 26113 835615 1201196 26113 1175083 156678 313356 18670771
269.0 80439 429006 26813 53626 187690 241316 80439 1313832 26813 992077 831200 107252 321755 26813 1152955 3137109 375381 26813 455819 3432051 26813 107252 53626 697135 1152955 26813 858013 1233393 26813 1206580 160877 321755 19171223
270.0 82595 440505 27532 55063 192721 247784 82595 1349048 27532 1018669 853479 110126 330379 27532 1183858 3221196 385442 27532 468037 3524044 27532 110126 55063 715821 1183858 27532 881011 1266453 27532 1238922 165190 330379 19685089
271.0 84809 452313 28270 56539 197887 254426 84809 1385208 28270 1045973 876356 113078 339235 28270 1215591 3307537 395774 28270 480582 3618502 28270 113078 56539 735008 1215591 28270 904626 1300399 28270 1272130 169617 339235 20212728
272.0 87082 464437 29027 58055 203191 261246 87082 1422337 29027 1074010 899846 116109 348327 29027 1248173 3396193 406382 29027 493464 3715493 29027 116109 58055 754709 1248173 29027 928873 1335255 29027 1306228 174164 348327 20754511
273.0 89416 476885 29805 59611 208637 268248 89416 1460461 29805 1102797 923965 119221 357664 29805 1281629 3487224 417275 29805 506691 3815083 29805 119221 59611 774939 1281629 29805 953771 1371045 29805 1341240 178832 357664 21310815
274.0 91813 489668 30604 61208 214230 275438 91813 1499608 30604 1132357 948731 122417 367251 30604 1315982 3580696 428459 30604 520272 3917343 30604 122417 61208 795710 1315982 30604 979336 1407795 30604 1377191 183625 367251 21882031
275.0 94274 502793 31425 62849 219972 282821 94274 1539803 31425 1162709 974161 125698 377095 31425 1351256 3676673 439944 31425 534217 4022343 31425 125698 62849 817038 1351256 31425 1005586 1445530 31425 1414105 188547 377095 22468557
276.0 96801 516270 32267 64534 225868 290402 96801 1581076 32267 1193874 1000273 129067 387202 32267 1387475 3775223 451736 32267 548537 4130158 32267 129067 64534 838938 1387475 32267 1032540 1484276 32267 1452009 193601 387202 23070805
277.0 99395 530108 33132 66263 231922 298186 99395 1623455 33132 1225874 1027084 132527 397581 33132 1424665 3876414 463844 33132 563240 4240863 33132 132527 66263 861425 1424665 33132 1060216 1524060 33132 1490928 198790 397581 23689195
278.0 102059 544317 34020 68040 238139 306178 102059 1666970 34020 1258733 1054614 136079 408238 34020 1462852 3980317 476277 34020 578337 4354535 34020 136079 68040 884515 1462852 34020 1088634 1564911 34020 1530891 204119 408238 24324161
279.0 104795 558907 34932 69863 244522 314385 104795 1711652 34932 1292472 1082882 139727 419180 34932 1502062 4087006 489043 34932 593838 4471254 34932 139727 69863 908224 1502062 34932 1117814 1606857 34932 1571925 209590 419180 24976146
280.0 107604 573888 35868 71736 251076 322812 107604 1757531 35868 1327115 1111907 143472 430416 35868 1542323 4196554 502152 35868 609756 4591102 35868 143472 71736 932568 1542323 35868 1147775 1649927 35868 1614059 215208 430416 25645608
281.0 110488 589270 36829 73659 257806 331465 110488 1804640 36829 1362687 1141711 147318 441953 36829 1583664 4309039 515611 36829 626100 4714162 36829 147318 73659 957564 1583664 36829 1178540 1694152 36829 1657323 220976 441953 26333013
282.0 113450 605065 37817 75633 264716 340349 113450 1853012 37817 1399213 1172314 151266 453799 37817 1626112 4424538 529432 37817 642882 4840520 37817 151266 75633 983231 1626112 37817 1210130 1739562 37817 1701745 226899 453799 27038844
283.0 116491 621283 38830 77660 271811 349472 116491 1902680 38830 1436717 1203736 155321 465962 38830 1669699 4543133 543623 38830 660113 4970266 38830 155321 77660 1009585 1669699 38830 1242566 1786189 38830 1747359 232981 465962 27763594
284.0 119613 637936 39871 79742 279097 358839 119613 1953679 39871 1475227 1236001 159484 478452 39871 1714453 4664908 558194 39871 677807 5103489 39871 159484 79742 1036646 1714453 39871 1275872 1834066 39871 1794195 239226 478452 28507770
285.0 122819 655035 40940 81879 286578 368457 122819 2006046 40940 1514769 1269131 163759 491277 40940 1760408 4789946 573156 40940 695975 5240283 40940 163759 81879 1064432 1760408 40940 1310071 1883227 40940 1842287 245638 491277 29271893
286.0 126111 672593 42037 84074 294259 378334 126111 2059816 42037 1555371 1303149 168148 504445 42037 1807594 4918336 588519 42037 714630 5380744 42037 168148 84074 1092964 1807594 42037 1345186 1933705 42037 1891668 252222 504445 30056497
287.0 129491 690621 43164 86328 302147 388474 129491 2115027 43164 1597061 1338078 172655 517966 43164 1856044 5050167 604293 43164 733785 5524969 43164 172655 86328 1122259 1856044 43164 1381242 1985536 43164 1942372 258983 517966 30862132
288.0 132962 709133 44321 88642 310245 398887 132962 2171718 44321 1639869 1373944 177283 531849 44321 1905794 5185532 620491 44321 753453 5673060 44321 177283 88642 1152340 1905794 44321 1418265 2038756 44321 1994435 265925 531849 31689361
289.0 136526 728140 45509 91018 318561 409579 136526 2229929 45509 1683824 1410772 182035 546105 45509 1956877 5324525 637123 45509 773649 5825121 45509 182035 91018 1183228 1956877 45509 1456280 2093403 45509 2047894 273053 546105 32538764
290.0 140186 747657 46729 93457 327100 420557 140186 2289700 46729 1728957 1448586 186914 560743 46729 2009329 5467244 654200 46729 794386 5981258 46729 186914 93457 1214943 2009329 46729 1495315 2149515 46729 2102786 280371 560743 33410933
291.0 143943 767697 47981 95962 335868 431830 143943 2351074 47981 1775300 1487414 191924 575773 47981 2063187 5613788 671735 47981 815679 6141580 47981 191924 95962 1247508 2063187 47981 1535395 2207130 47981 2159149 287887 575773 34306481
292.0 147802 788275 49267 98534 344870 443405 147802 2414092 49267 1822886 1527283 197069 591206 49267 2118489 5764260 689740 49267 837542 6306199 49267 197069 98534 1280947 2118489 49267 1576550 2266290 49267 2217023 295603 591206 35226033
293.0 151763 809404 50588 101175 354114 455290 151763 2478799 50588 1871746 1568220 202351 607053 50588 2175273 5918765 708228 50588 859992 6475230 50588 202351 101175 1315281 2175273 50588 1618808 2327036 50588 2276448 303526 607053 36170232
294.0 155831 831099 51944 103887 363606 467493 155831 2545241 51944 1921917 1610254 207775 623324 51944 2233579 6077412 727212 51944 883043 6648793 51944 207775 103887 1350536 2233579 51944 1662198 2389410 51944 2337466 311662 623324 37139740
295.0 160008 853376 53336 106672 373352 480024 160008 2613464 53336 1973432 1653416 213344 640032 53336 2293448 6240311 746704 53336 906712 6827007 53336 213344 106672 1386736 2293448 53336 1706752 2453456 53336 2400120 320016 640032 38135234
296.0 164297 876250 54766 109531 383359 492890 164297 2683515 54766 2026328 1697734 219062 657187 54766 2354921 6407576 766719 54766 931015 7009998 54766 219062 109531 1423906 2354921 54766 1752500 2519218 54766 2464452 328594 657187 39157412
297.0 168701 899737 56234 112467 393635 506102 168701 2755444 56234 2080641 1743240 224934 674803 56234 2418043 6579325 787270 56234 955970 7197894 56234 224934 112467 1462072 2418043 56234 1799474 2586743 56234 2530510 337401 674803 40206988
298.0 173223 923853 57741 115482 404186 519668 173223 2829301 57741 2136411 1789966 230963 692890 57741 2482856 6755678 808372 57741 981594 7390827 57741 230963 115482 1501262 2482856 57741 1847707 2656078 57741 2598338 346445 692890 41284697
299.0 177866 948616 59289 118577 415020 533597 177866 2905138 59289 2193675 1837944 237154 711462 59289 2549406 6936757 830039 59289 1007905 7588931 59289 237154 118577 1541502 2549406 59289 1897233 2727272 59289 2667983 355731 711462 42391293
300.0 182633 974043 60878 121755 426144 547899 182633 2983007 60878 2252475 1887208 243511 730532 60878 2617741 7122690 852288 60878 1034921 7792345 60878 243511 121755 1582820 2617741 60878 1948086 2800374 60878 2739496 365266 730532 43527550
301.0 187528 1000151 62509 125019 437566 562585 187528 3062964 62509 2312850 1937793 250038 750114 62509 2687907 7313607 875132 62509 1062661 8001211 62509 250038 125019 1625246 2687907 62509 2000303 2875435 62509 2812926 375057 750114 44694264
302.0 192555 1026959 64185 128370 449295 577665 192555 3145063 64185 2374844 1989734 256740 770220 64185 2759953 7509641 898590 64185 1091144 8215675 64185 256740 128370 1668809 2759953 64185 2053919 2952508 64185 2888323 385110 770220 45892250
303.0 197716 1054486 65905 131811 461338 593148 197716 3229364 65905 2438499 2043067 263622 790865 65905 2833931 7710929 922675 65905 1120391 8435889 65905 263622 131811 1713540 2833931 65905 2108972 3031647 65905 2965742 395432 790865 47122347
304.0 203016 1082751 67672 135344 473703 609047 203016 3315924 67672 2503861 2097829 270688 812063 67672 2909892 7917613 947407 67672 1150422 8662004 67672 270688 135344 1759470 2909892 67672 2165501 3112908 67672 3045236 406031 812063 48385415
305.0 208457 1111773 69486 138972 486401 625372 208457 3404804 69486 2570974 2154059 277943 833829 69486 2987889 8129837 972801 69486 1181258 8894181 69486 277943 138972 1806631 2987889 69486 2223545 3196346 69486 3126860 416915 833829 49682339
306.0 214045 1141573 71348 142697 499438 642135 214045 3496066 71348 2639887 2211797 285393 856179 71348 3067976 8347750 998876 71348 1212921 9132581 71348 285393 142697 1855055 3067976 71348 2283145 3282021 71348 3210673 428090 856179 51014026
307.0 219782 1172171 73261 146521 512825 659346 219782 3589775 73261 2710646 2271082 293043 879129 73261 3150210 8571503 1025650 73261 1245432 9377371 73261 293043 146521 1904778 3150210 73261 2344343 3369993 73261 3296732 439564 879129 52381407
308.0 225673 1203590 75224 150449 526571 677020 225673 3685995 75224 2783302 2331956 300898 902693 75224 3234649 8801254 1053141 75224 1278815 9628722 75224 300898 150449 1955834 3234649 75224 2407180 3460322 75224 3385098 451346 902693 53785439
309.0 231722 1235851 77241 154481 540685 695166 231722 3784795 77241 2857906 2394462 308963 926888 77241 3321350 9037163 1081370 77241 1313092 9886810 77241 308963 154481 2008258 3321350 77241 2471703 3553073 77241 3475832 463444 926888 55227105
310.0 237933 1268977 79311 158622 555177 713800 237933 3886242 79311 2934510 2458643 317244 951733 79311 3410376 9279395 1110355 79311 1348288 10151817 79311 317244 158622 2062088 3410376 79311 2537954 3648309 79311 3568998 475866 951733 56707414
311.0 244311 1302991 81437 162874 570058 732932 244311 3990409 81437 3013166 2524545 325748 977243 81437 3501788 9528120 1140117 81437 1384428 10423926 81437 325748 162874 2117360 3501788 81437 2605982 3746099 81437 3664662 488622 977243 58227401
312.0 250859 1337916 83620 167240 585338 752578 250859 4097368 83620 3093931 2592213 334479 1003437 83620 3595650 9783512 1170677 83620 1421536 10703329 83620 334479 167240 2174114 3595650 83620 2675832 3846509 83620 3762889 501719 1003437 59788129
313.0 257583 1373778 85861 171722 601028 772750 257583 4207194 85861 3176861 2661694 343444 1030333 85861 3692028 10045750 1202056 85861 1459639 10990222 85861 343444 171722 2232389 3692028 85861 2747555 3949611 85861 3863750 515167 1030333 61390692
314.0 264488 1410600 88163 176325 617138 793463 264488 4319964 88163 3262014 2733038 352650 1057950 88163 3790989 10315016 1234275 88163 1498763 11284804 88163 352650 176325 2292226 3790989 88163 2821201 4055476 88163 3967314 528975 1057950 63036209
315.0 271577 1448410 90526 181051 633679 814731 271577 4435756 90526 3349449 2806295 362103 1086308 90526 3892603 10591500 1267359 90526 1538936 11587282 90526 362103 181051 2353667 3892603 90526 2896821 4164179 90526 4073654 543154 1086308 64725833
316.0 278856 1487233 92952 185904 650665 836569 278856 4554653 92952 3439227 2881515 371808 1115425 92952 3996940 10875395 1301329 92952 1580186 11897868 92952 371808 185904 2416754 3996940 92952 2974467 4275796 92952 4182844 557713 1115425 66460746
317.0 286331 1527097 95444 190887 668105 858992 286331 4676736 95444 3531413 2958751 381774 1145323 95444 4104074 11166899 1336210 95444 1622541 12216779 95444 381774 190887 2481533 4104074 95444 3054195 4390405 95444 4294961 572661 1145323 68242161
318.0 294006 1568030 98002 196004 686013 882017 294006 4802091 98002 3626069 3038057 392007 1176022 98002 4214080 11466217 1372026 98002 1666032 12544237 98002 392007 196004 2548048 4214080 98002 3136059 4508085 98002 4410083 588011 1176022 70071326
319.0 301886 1610059 100629 201257 704401 905658 301886 4930806 100629 3723262 3119490 402515 1207544 100629 4327034 11773558 1408802 100629 1710688 12880473 100629 402515 201257 2616346 4327034 100629 3220118 4628920 100629 4528291 603772 1207544 71949519
320.0 309978 1653215 103326 206652 723282 929934 309978 5062972 103326 3823060 3203105 413304 1239911 103326 4443016 12089136 1446563 103326 1756541 13225722 103326 413304 206652 2686475 4443016 103326 3306430 4752994 103326 4649668 619956 1239911 73878056
321.0 318287 1697528 106096 212191 742669 954860 318287 5198680 106096 3925534 3288961 424382 1273146 106096 4562107 12413174 1485337 106096 1803624 13580224 106096 424382 212191 2758483 4562107 106096 3395056 4880393 106096 4774298 636573 1273146 75858285
322.0 326818 1743029 108939 217879 762575 980454 326818 5338025 108939 4030754 3377118 435757 1307271 108939 4684389 12745897 1525150 108939 1851968 13944229 108939 435757 217879 2832422 4684389 108939 3486057 5011207 108939 4902268 653636 1307271 77891592
323.0 335578 1789749 111859 223719 783015 1006734 335578 5481106 111859 4138794 3467638 447437 1342312 111859 4809950 13087538 1566030 111859 1901608 14317991 111859 447437 223719 2908342 4809950 111859 3579498 5145528 111859 5033669 671156 1342312 79979400
324.0 344573 1837721 114858 229715 804003 1033718 344573 5628021 114858 4249730 3560585 459430 1378291 114858 4938876 13438337 1608006 114858 1952579 14701770 114858 459430 229715 2986297 4938876 114858 3675443 5283449 114858 5168591 689145 1378291 82123170
325.0 353809 1886980 117936 235872 825554 1061426 353809 5778875 117936 4363640 3656023 471745 1415235 117936 5071258 13798538 1651107 117936 2004916 15095837 117936 471745 235872 3066342 5071258 117936 3773959 5425066 117936 5307130 707617 1415235 84324401
326.0 363292 1937558 121097 242195 847682 1089877 363292 5933772 121097 4480603 3754019 484390 1453169 121097 5207188 14168395 1695363 121097 2058656 15500466 121097 484390 242195 3148532 5207188 121097 3875117 5570480 121097 5449383 726584 1453169 86584634
327.0 373030 1989493 124343 248687 870403 1119090 373030 6092821 124343 4600702 3854642 497373 1492119 124343 5346761 14548165 1740806 124343 2113836 15915941 124343 497373 248687 3232925 5346761 124343 3978985 5719791 124343 5595448 746060 1492119 88905451
328.0 383029 2042819 127676 255352 893733 1149086 383029 6256133 127676 4724019 3957962 510705 1532114 127676 5490076 14938114 1787467 127676 2170495 16342552 127676 510705 255352 3319581 5490076 127676 4085638 5873105 127676 5745428 766057 1532114 91288475
329.0 393295 2097575 131098 262197 917689 1179886 393295 6423823 131098 4850642 4064051 524394 1573181 131098 5637232 15338516 1835378 131098 2228673 16780598 131098 524394 262197 3408559 5637232 131098 4195150 6030527 131098 5899429 786591 1573181 93735373
330.0 403837 2153798 134612 269225 942287 1211512 403837 6596007 134612 4980658 4172984 538450 1615349 134612 5788333 15749650 1884573 134612 2288411 17230386 134612 538450 269225 3499922 5788333 134612 4307596 6192170 134612 6057558 807674 1615349 96247858
331.0 414662 2211529 138221 276441 967544 1243985 414662 6772807 138221 5114160 4284837 552882 1658647 138221 5943483 16171803 1935088 138221 2349749 17692229 138221 552882 276441 3593734 5943483 138221 4423057 6358145 138221 6219924 829323 1658647 98827688
332.0 425776 2270807 141925 283851 993478 1277329 425776 6954345 141925 5251240 4399688 567702 1703105 141925 6102793 16605273 1986956 141925 2412732 18166452 141925 567702 283851 3690061 6102793 141925 4541613 6528569 141925 6386643 851552 1703105 101476668
333.0 437189 2331673 145730 291459 1020107 1311566 437189 7140749 145730 5391995 4517617 582918 1748755 145730 6266372 17050361 2040214 145730 2477403 18653386 145730 582918 291459 3788969 6266372 145730 4663347 6703561 145730 6557831 874377 1748755 104196651
334.0 448907 2394172 149636 299271 1047450 1346721 448907 7332150 149636 5536522 4638707 598543 1795629 149636 6434336 17507379 2094900 149636 2543807 19153372 149636 598543 299271 3890529 6434336 149636 4788343 6883243 149636 6733607 897814 1795629 106989540
335.0 460940 2458345 153647 307293 1075526 1382819 460940 7528681 153647 5684923 4763043 614586 1843759 153647 6606802 17976647 2151052 153647 2611992 19666760 153647 614586 307293 3994811 6606802 153647 4916690 7067742 153647 6914095 921879 1843759 109857290
336.0 473295 2524238 157765 315530 1104354 1419884 473295 7730480 157765 5837302 4890712 631060 1893179 157765 6783891 18458494 2208709 157765 2682003 20193908 157765 631060 315530 4101888 6783891 157765 5048477 7257186 157765 7099421 946589 1893179 112801907
337.0 485981 2591898 161994 323987 1133955 1457943 485981 7937688 161994 5993765 5021803 647975 1943924 161994 6965727 18953256 2267911 161994 2753892 20735186 161994 647975 323987 4211835 6965727 161994 5183796 7451707 161994 7289714 971962 1943924 115825452
338.0 499007 2661372 166336 332671 1164350 1497021 499007 8150450 166336 6154422 5156407 665343 1996029 166336 7152436 19461279 2328700 166336 2827707 21290972 166336 665343 332671 4324729 7152436 166336 5322743 7651443 166336 7485107 998014 1996029 118930040
339.0 512383 2732707 170794 341588 1195559 1537148 512383 8368915 170794 6319385 5294620 683177 2049530 170794 7344150 19982920 2391119 170794 2903501 21861656 170794 683177 341588 4440649 7344150 170794 5465414 7856533 170794 7685738 1024765 2049530 122117844
340.0 526116 2805955 175372 350744 1227605 1578349 526116 8593236 175372 6488770 5436537 701489 2104466 175372 7541003 20518543 2455210 175372 2981327 22447636 175372 701489 350744 4559676 7541003 175372 5611909 8067119 175372 7891747 1052233 2104466 125391093
341.0 540219 2881165 180073 360146 1260510 1620656 540219 8823569 180073 6662695 5582258 720291 2160874 180073 7743132 21068522 2521020 180073 3061238 23049323 180073 720291 360146 4681894 7743132 180073 5762331 8283351 180073 8103278 1080437 2160874 128752079
342.0 554699 2958392 184900 369799 1294297 1664096 554699 9060076 184900 6841282 5731885 739598 2218794 184900 7950679 21633243 2588593 184900 3143292 23667138 184900 739598 369799 4807387 7950679 184900 5916784 8505378 184900 8320478 1109397 2218794 132203153
343.0 569567 3037689 189856 379711 1328989 1708700 569567 9302923 189856 7024656 5885523 759422 2278267 189856 8163789 22213101 2657978 189856 3227545 24301512 189856 759422 379711 4936245 8163789 189856 6075378 8733356 189856 8543500 1139133 2278267 135746729
344.0 584833 3119111 194944 389889 1364611 1754500 584833 9552278 194944 7212945 6043278 779778 2339334 194944 8382612 22808502 2729222 194944 3314056 24952891 194944 779778 389889 5068556 8382612 194944 6238223 8967445 194944 8772501 1169667 2339334 139385288
345.0 600509 3202716 200170 400340 1401188 1801528 600509 9808318 200170 7406281 6205262 800679 2402037 200170 8607299 23419861 2802377 200170 3402886 25621729 200170 800679 400340 5204414 8607299 200170 6405432 9207809 200170 9007639 1201019 2402037 143121374
346.0 616605 3288562 205535 411070 1438746 1849816 616605 10071220 205535 7604799 6371588 822140 2466421 205535 8838010 24047608 2877492 205535 3494097 26308494 205535 822140 411070 5343913 8838010 205535 6577123 9454615 205535 9249080 1233211 2466421 146957603
347.0 633133 3376708 211044 422089 1477310 1899398 633133 10341170 211044 7808638 6542373 844177 2532531 211044 9074904 24692180 2954620 211044 3587753 27013667 211044 844177 422089 5487151 9074904 211044 6753417 9708037 211044 9496992 1266266 2532531 150896658
348.0 650103 3467218 216701 433402 1516908 1950310 650103 10618355 216701 8017941 6717734 866804 2600413 216701 9318148 25354030 3033816 216701 3683919 27737742 216701 866804 433402 5634229 9318148 216701 6934436 9968251 216701 9751550 1300207 2600413 154941295
349.0 667529 3560153 222510 445019 1557567 2002586 667529 10902969 222510 8232854 6897797 890038 2670115 222510 9567912 26033620 3115134 222510 3782663 28481225 222510 890038 445019 5785249 9567912 222510 7120306 10235440 222510 10012931 1335057 2670115 159094345
350.0 685421 3655580 228474 456947 1599316 2056264 685421 11195213 228474 8453528 7082685 913895 2741685 228474 9824370 26731426 3198632 228474 3884053 29244637 228474 913895 456947 5940317 9824370 228474 7311159 10509791 228474 10281318 1370842 2741685 163358714
351.0 703793 3753564 234598 469195 1642184 2111380 703793 11495289 234598 8680116 7272530 938391 2815173 234598 10087703 27447936 3284368 234598 3988162 30028511 234598 938391 469195 6099541 10087703 234598 7507128 10791496 234598 10556898 1407586 2815173 167737385
352.0 722658 3854174 240886 481772 1686201 2167973 722658 11803409 240886 8912778 7467463 963544 2890631 240886 10358094 28183651 3372403 240886 4095060 30833396 240886 963544 481772 6263034 10358094 240886 7708349 11080752 240886 10839866 1445315 2890631 172233421
353.0 742028 3957482 247343 494685 1731398 2226084 742028 12119788 247343 9151677 7667621 989370 2968111 247343 10635732 28939086 3462797 247343 4204824 31659855 247343 989370 494685 6430908 10635732 247343 7914964 11377760 247343 11130418 1484056 2968111 176849970
354.0 761917 4063558 253972 507945 1777807 2285752 761917 12444647 253972 9396979 7873144 1015890 3047669 253972 10920813 29714770 3555613 253972 4317531 32508466 253972 1015890 507945 6603282 10920813 253972 8127117 11682730 253972 11428758 1523834 3047669 181590261
355.0 782340 4172478 260780 521560 1825459 2347019 782340 12778214 260780 9648855 8084176 1043119 3129358 260780 11213535 30511245 3650918 260780 4433258 33379824 260780 1043119 521560 6780277 11213535 260780 8344956 11995874 260780 11735094 1564679 3129358 186457610
356.0 803309 4284317 267770 535540 1874389 2409928 803309 13120721 267770 9907483 8300865 1071079 3213238 267770 11514102 31329069 3748778 267770 4552087 34274537 267770 1071079 535540 6962015 11514102 267770 8568634 12317412 267770 12049642 1606619 3213238 191455424
357.0 824841 4399154 274947 549894 1924630 2474524 824841 13472410 274947 10173044 8523361 1099789 3299366 274947 11822727 32168815 3849260 274947 4674101 35193233 274947 1099789 549894 7148625 11822727 274947 8798308 12647568 274947 12372621 1649683 3299366 196587200
358.0 846950 4517069 282317 564634 1976218 2540851 846950 13833524 282317 10445722 8751821 1129267 3387802 282317 12139623 33031068 3952436 282317 4799386 36136553 282317 1129267 564634 7340237 12139623 282317 9034138 12986574 282317 12704257 1693901 3387802 201856528
359.0 869652 4638145 289884 579768 2029188 2608956 869652 14204318 289884 10725710 8986406 1159536 3478609 289884 12465014 33916434 4058377 289884 4928029 37105158 289884 1159536 579768 7536985 12465014 289884 9276290 13334666 289884 13044782 1739304 3478609 207267095
360.0 892962 4762466 297654 595308 2083579 2678887 892962 14585051 297654 11013202 9227277 1190616 3571849 297654 12799127 34825531 4167158 297654 5060120 38099726 297654 1190616 595308 7739007 12799127 297654 9524931 13692089 297654 13394435 1785925 3571849 212822687
361.0 916897 4890119 305632 611265 2139427 2750692 916897 14975989 305632 11308400 9474605 1222530 3667589 305632 13142195 35758995 4278854 305632 5195751 39120952 305632 1222530 611265 7946443 13142195 305632 9780238 14059092 305632 13753460 1833795 3667589 218527191
362.0 941474 5021194 313825 627649 2196772 2824422 941474 15377406 313825 11611511 9728563 1255298 3765895 313825 13494458 36717480 4393545 313825 5335018 40169551 313825 1255298 627649 8159440 13494458 313825 10042388 14435932 313825 14122108 1882948 3765895 224384599
363.0 966709 5155782 322236 644473 2255655 2900127 966709 15789582 322236 11922746 9989328 1288946 3866837 322236 13856164 37701656 4511309 322236 5478018 41246256 322236 1288946 644473 8378146 13856164 322236 10311564 14822873 322236 14500637 1933418 3866837 230399009
364.0 992621 5293978 330874 661747 2316115 2977862 992621 16212807 330874 12242323 10257082 1323494 3970483 330874 14227565 38712212 4632231 330874 5624851 42351822 330874 1323494 661747 8602714 14227565 330874 10587955 15220186 330874 14889312 1985242 3970483 236574629
365.0 1019227 5435878 339742 679485 2378196 3057681 1019227 16647375 339742 12570467 10532013 1358969 4076908 339742 14608921 39749855 4756393 339742 5775620 43487021 339742 1358969 679485 8833301 14608921 339742 10871755 15628148 339742 15288406 2038454 4076908 242915781
