Covid-19 Nucleation Estimated by PSD Model @ CDS/IISc
Day AN AP AR AS BR CH CT DL GA GJ HR HP JK JH KA KL LA LD MP MH MN OR PY PB RJ SK TN TG TR UP UT WB Total
0.0 0 0 0 0 0 0 0 0 0 0 0 0 0 0 0 0 0 0 0 0 0 0 0 0 0 0 0 0 0 0 0 0 0
1.0 1 4 0 1 2 2 1 12 0 9 8 1 3 0 11 30 4 0 4 33 0 1 1 7 11 0 8 12 0 11 2 3 182
2.0 1 4 0 0 2 2 1 11 0 9 7 1 3 0 10 27 3 0 4 29 0 1 0 6 10 0 7 11 0 10 1 3 164
3.0 1 4 0 0 2 2 1 11 0 9 7 1 3 0 10 27 3 0 4 30 0 1 0 6 10 0 7 11 0 11 1 3 167
4.0 1 4 0 1 2 2 1 12 0 9 8 1 3 0 11 30 4 0 4 33 0 1 1 7 11 0 8 12 0 11 2 3 182
5.0 1 5 0 1 2 3 1 14 0 10 9 1 3 0 12 33 4 0 5 36 0 1 1 7 12 0 9 13 0 13 2 3 203
6.0 1 5 0 1 2 3 1 16 0 12 10 1 4 0 14 37 4 0 5 41 0 1 1 8 14 0 10 15 0 14 2 4 229
7.0 1 6 0 1 3 3 1 18 0 13 11 1 4 0 15 42 5 0 6 46 0 1 1 9 15 0 12 17 0 16 2 4 258
8.0 1 6 0 1 3 4 1 20 0 15 13 2 5 0 17 48 6 0 7 52 0 2 1 11 17 0 13 19 0 18 2 5 290
9.0 1 7 0 1 3 4 1 22 0 17 14 2 5 0 20 53 6 0 8 58 0 2 1 12 20 0 15 21 0 21 3 5 327
10.0 2 8 1 1 4 5 2 25 1 19 16 2 6 1 22 60 7 1 9 66 1 2 1 13 22 1 16 24 1 23 3 6 367
11.0 2 9 1 1 4 5 2 28 1 21 18 2 7 1 25 67 8 1 10 74 1 2 1 15 25 1 18 26 1 26 3 7 411
12.0 2 10 1 1 5 6 2 32 1 24 20 3 8 1 28 75 9 1 11 82 1 3 1 17 28 1 21 30 1 29 4 8 460
13.0 2 12 1 1 5 6 2 35 1 27 22 3 9 1 31 84 10 1 12 92 1 3 1 19 31 1 23 33 1 32 4 9 514
14.0 2 13 1 2 6 7 2 39 1 30 25 3 10 1 35 94 11 1 14 103 1 3 2 21 35 1 26 37 1 36 5 10 574
15.0 3 14 1 2 6 8 3 44 1 33 28 4 11 1 38 105 13 1 15 114 1 4 2 23 38 1 29 41 1 40 5 11 639
16.0 3 16 1 2 7 9 3 48 1 36 30 4 12 1 42 115 14 1 17 126 1 4 2 26 42 1 31 45 1 44 6 12 702
17.0 3 17 1 2 7 10 3 52 1 39 33 4 13 1 46 124 15 1 18 136 1 4 2 28 46 1 34 49 1 48 6 13 760
18.0 3 18 1 2 8 10 3 56 1 42 35 5 14 1 49 134 16 1 19 146 1 5 2 30 49 1 37 53 1 51 7 14 818
19.0 4 20 1 2 9 11 4 60 1 45 38 5 15 1 53 143 17 1 21 156 1 5 2 32 53 1 39 56 1 55 7 15 874
20.0 4 21 1 3 9 12 4 64 1 48 40 5 16 1 56 152 18 1 22 166 1 5 3 34 56 1 41 60 1 58 8 16 927
21.0 4 22 1 3 10 12 4 67 1 51 42 5 16 1 59 160 19 1 23 175 1 5 3 36 59 1 44 63 1 62 8 16 979
22.0 4 23 1 3 10 13 4 70 1 53 44 6 17 1 61 167 20 1 24 183 1 6 3 37 61 1 46 66 1 64 9 17 1021
23.0 5 25 2 3 11 14 5 75 2 57 48 6 18 2 66 180 21 2 26 196 2 6 3 40 66 2 49 71 2 69 9 18 1097
24.0 5 26 2 3 11 15 5 80 2 61 51 7 20 2 71 192 23 2 28 210 2 7 3 43 71 2 53 76 2 74 10 20 1174
25.0 5 28 2 4 12 16 5 86 2 65 54 7 21 2 75 205 25 2 30 224 2 7 4 46 75 2 56 81 2 79 11 21 1253
26.0 6 30 2 4 13 17 6 92 2 69 58 7 22 2 80 219 26 2 32 239 2 7 4 49 80 2 60 86 2 84 11 22 1337
27.0 6 32 2 4 14 18 6 98 2 74 62 8 24 2 86 233 28 2 34 255 2 8 4 52 86 2 64 92 2 90 12 24 1426
28.0 6 34 2 4 15 19 6 104 2 79 66 9 26 2 91 249 30 2 36 272 2 9 4 55 91 2 68 98 2 96 13 26 1521
29.0 7 36 2 5 16 20 7 111 2 84 70 9 27 2 98 265 32 2 39 290 2 9 5 59 98 2 73 104 2 102 14 27 1621
30.0 7 39 2 5 17 22 7 118 2 89 75 10 29 2 104 283 34 2 41 309 2 10 5 63 104 2 77 111 2 109 15 29 1728
31.0 8 41 3 5 18 23 8 126 3 95 80 10 31 3 111 301 36 3 44 330 3 10 5 67 111 3 82 118 3 116 15 31 1842
32.0 8 44 3 5 19 25 8 134 3 102 85 11 33 3 118 321 38 3 47 351 3 11 5 71 118 3 88 126 3 123 16 33 1962
33.0 9 47 3 6 20 26 9 143 3 108 91 12 35 3 126 342 41 3 50 374 3 12 6 76 126 3 93 134 3 131 18 35 2089
34.0 9 50 3 6 22 28 9 152 3 115 96 12 37 3 134 364 44 3 53 398 3 12 6 81 134 3 100 143 3 140 19 37 2223
35.0 10 53 3 7 23 30 10 162 3 122 103 13 40 3 142 387 46 3 56 423 3 13 7 86 142 3 106 152 3 149 20 40 2365
36.0 11 56 4 7 25 32 11 172 4 130 109 14 42 4 151 412 49 4 60 450 4 14 7 91 151 4 113 162 4 158 21 42 2515
37.0 11 59 4 7 26 33 11 182 4 137 115 15 45 4 160 434 52 4 63 475 4 15 7 97 160 4 119 171 4 167 22 45 2654
38.0 12 62 4 8 27 35 12 190 4 144 121 16 47 4 167 455 54 4 66 498 4 16 8 101 167 4 124 179 4 175 23 47 2780
39.0 12 65 4 8 28 37 12 199 4 150 126 16 49 4 175 475 57 4 69 520 4 16 8 106 175 4 130 187 4 183 24 49 2905
40.0 13 68 4 8 30 38 13 207 4 157 131 17 51 4 182 495 59 4 72 542 4 17 8 110 182 4 135 195 4 191 25 51 3028
41.0 13 70 4 9 31 40 13 216 4 163 136 18 53 4 189 515 62 4 75 563 4 18 9 114 189 4 141 202 4 198 26 53 3145
42.0 14 73 5 9 32 41 14 223 5 169 141 18 55 5 196 533 64 5 77 583 5 18 9 118 196 5 146 210 5 205 27 55 3257
43.0 14 75 5 9 33 42 14 230 5 174 146 19 56 5 202 550 66 5 80 602 5 19 9 122 202 5 150 216 5 212 28 56 3361
44.0 15 77 5 10 34 44 15 237 5 179 150 19 58 5 208 566 68 5 82 619 5 19 10 126 208 5 155 222 5 218 29 58 3457
45.0 15 79 5 10 35 45 15 243 5 183 154 20 59 5 213 580 69 5 84 635 5 20 10 129 213 5 159 228 5 223 30 59 3545
46.0 15 81 5 10 35 46 15 248 5 187 157 20 61 5 218 593 71 5 86 648 5 20 10 132 218 5 162 233 5 228 30 61 3622
47.0 15 83 5 10 36 46 15 253 5 191 160 21 62 5 222 604 72 5 88 660 5 21 10 134 222 5 165 237 5 232 31 62 3689
48.0 16 84 5 10 37 47 16 257 5 194 162 21 63 5 225 613 73 5 89 670 5 21 10 136 225 5 168 241 5 236 31 63 3745
49.0 16 85 5 11 37 48 16 260 5 196 164 21 64 5 228 620 74 5 90 678 5 21 11 138 228 5 170 244 5 238 32 64 3789
50.0 16 85 5 11 37 48 16 262 5 198 166 21 64 5 230 625 75 5 91 684 5 21 11 139 230 5 171 246 5 240 32 64 3820
51.0 16 86 5 11 38 48 16 263 5 199 166 21 64 5 231 628 75 5 91 687 5 21 11 140 231 5 172 247 5 242 32 64 3839
52.0 16 87 5 11 38 49 16 267 5 201 169 22 65 5 234 636 76 5 92 696 5 22 11 141 234 5 174 250 5 245 33 65 3889
53.0 17 89 6 11 39 50 17 272 6 206 172 22 67 6 239 650 78 6 94 711 6 22 11 144 239 6 178 256 6 250 33 67 3972
54.0 17 91 6 11 40 51 17 278 6 210 176 23 68 6 244 663 79 6 96 726 6 23 11 147 244 6 181 261 6 255 34 68 4053
55.0 17 93 6 12 40 52 17 283 6 214 179 23 69 6 249 677 81 6 98 740 6 23 12 150 249 6 185 266 6 260 35 69 4135
56.0 18 94 6 12 41 53 18 289 6 218 183 24 71 6 254 691 83 6 100 756 6 24 12 154 254 6 189 272 6 266 35 71 4222
57.0 18 97 6 12 42 54 18 296 6 223 187 24 72 6 259 706 84 6 103 772 6 24 12 157 259 6 193 277 6 271 36 72 4313
58.0 18 99 6 12 43 55 18 302 6 228 191 25 74 6 265 721 86 6 105 789 6 25 12 160 265 6 197 284 6 277 37 74 4408
59.0 19 101 6 13 44 57 19 309 6 233 195 25 76 6 271 738 88 6 107 807 6 25 13 164 271 6 202 290 6 284 38 76 4509
60.0 19 103 6 13 45 58 19 316 6 239 200 26 77 6 278 755 90 6 110 826 6 26 13 168 278 6 207 297 6 290 39 77 4614
61.0 20 106 7 13 46 59 20 324 7 244 205 26 79 7 284 773 93 7 112 846 7 26 13 172 284 7 211 304 7 297 40 79 4725
62.0 20 108 7 14 47 61 20 332 7 250 210 27 81 7 291 792 95 7 115 866 7 27 14 176 291 7 217 311 7 305 41 81 4839
63.0 21 111 7 14 49 62 21 340 7 257 215 28 83 7 298 811 97 7 118 888 7 28 14 180 298 7 222 319 7 312 42 83 4958
64.0 21 114 7 14 50 64 21 348 7 263 220 28 85 7 306 832 99 7 121 910 7 28 14 185 306 7 227 327 7 320 43 85 5081
65.0 22 117 7 15 51 66 22 357 7 270 226 29 87 7 313 852 102 7 124 933 7 29 15 189 313 7 233 335 7 328 44 87 5209
66.0 22 120 7 15 52 67 22 366 7 276 232 30 90 7 321 874 105 7 127 956 7 30 15 194 321 7 239 344 7 336 45 90 5341
67.0 23 123 8 15 54 69 23 375 8 283 238 31 92 8 329 896 107 8 130 981 8 31 15 199 329 8 245 352 8 345 46 92 5478
68.0 24 126 8 16 55 71 24 385 8 291 244 31 94 8 338 919 110 8 134 1006 8 31 16 204 338 8 251 361 8 354 47 94 5619
69.0 24 129 8 16 56 73 24 395 8 298 250 32 97 8 347 943 113 8 137 1032 8 32 16 210 347 8 258 371 8 363 48 97 5764
70.0 25 132 8 17 58 74 25 405 8 306 256 33 99 8 356 968 116 8 141 1059 8 33 17 215 356 8 265 380 8 372 50 99 5914
71.0 25 136 8 17 59 76 25 416 8 314 263 34 102 8 365 993 119 8 144 1086 8 34 17 221 365 8 272 390 8 382 51 102 6068
72.0 26 139 9 17 61 78 26 427 9 322 270 35 105 9 375 1019 122 9 148 1115 9 35 17 226 375 9 279 401 9 392 52 105 6227
73.0 27 143 9 18 63 80 27 438 9 331 277 36 107 9 384 1046 125 9 152 1144 9 36 18 232 384 9 286 411 9 402 54 107 6391
74.0 28 147 9 18 64 83 28 450 9 339 284 37 110 9 394 1073 128 9 156 1174 9 37 18 239 394 9 294 422 9 413 55 110 6559
75.0 28 151 9 19 66 85 28 461 9 348 292 38 113 9 405 1102 132 9 160 1205 9 38 19 245 405 9 301 433 9 424 56 113 6733
76.0 29 155 10 19 68 87 29 474 10 358 300 39 116 10 416 1131 135 10 164 1237 10 39 19 251 416 10 309 445 10 435 58 116 6911
77.0 30 159 10 20 69 89 30 486 10 367 308 40 119 10 427 1161 139 10 169 1270 10 40 20 258 427 10 317 456 10 446 60 119 7094
78.0 31 163 10 20 71 92 31 499 10 377 316 41 122 10 438 1192 143 10 173 1304 10 41 20 265 438 10 326 468 10 458 61 122 7282
79.0 31 167 10 21 73 94 31 512 10 387 324 42 125 10 450 1223 146 10 178 1338 10 42 21 272 450 10 335 481 10 470 63 125 7476
80.0 32 172 11 21 75 97 32 526 11 397 333 43 129 11 462 1256 150 11 182 1374 11 43 21 279 462 11 343 494 11 483 64 129 7674
81.0 33 176 11 22 77 99 33 540 11 408 342 44 132 11 474 1289 154 11 187 1410 11 44 22 287 474 11 353 507 11 496 66 132 7879
82.0 34 181 11 23 79 102 34 554 11 419 351 45 136 11 486 1324 158 11 192 1448 11 45 23 294 486 11 362 520 11 509 68 136 8089
83.0 35 186 12 23 81 105 35 569 12 430 360 46 139 12 499 1359 163 12 197 1487 12 46 23 302 499 12 372 534 12 523 70 139 8304
84.0 36 191 12 24 83 107 36 584 12 441 370 48 143 12 513 1395 167 12 203 1526 12 48 24 310 513 12 382 549 12 537 72 143 8526
85.0 37 196 12 24 86 110 37 600 12 453 380 49 147 12 526 1432 171 12 208 1567 12 49 24 318 526 12 392 563 12 551 73 147 8754
86.0 38 201 13 25 88 113 38 616 13 465 390 50 151 13 541 1471 176 13 214 1609 13 50 25 327 541 13 402 578 13 566 75 151 8988
87.0 39 206 13 26 90 116 39 632 13 478 400 52 155 13 555 1510 181 13 219 1652 13 52 26 336 555 13 413 594 13 581 77 155 9228
88.0 40 212 13 27 93 119 40 649 13 490 411 53 159 13 570 1550 186 13 225 1696 13 53 27 345 570 13 424 610 13 596 80 159 9474
89.0 41 218 14 27 95 122 41 667 14 503 422 54 163 14 585 1592 190 14 231 1741 14 54 27 354 585 14 435 626 14 612 82 163 9728
90.0 42 224 14 28 98 126 42 684 14 517 433 56 168 14 601 1634 196 14 237 1788 14 56 28 363 601 14 447 643 14 629 84 168 9988
91.0 43 229 14 29 100 129 43 703 14 531 445 57 172 14 617 1678 201 14 244 1836 14 57 29 373 617 14 459 660 14 645 86 172 10255
92.0 44 236 15 29 103 133 44 722 15 545 457 59 177 15 633 1723 206 15 250 1885 15 59 29 383 633 15 471 677 15 663 88 177 10530
93.0 45 242 15 30 106 136 45 741 15 559 469 60 181 15 650 1769 212 15 257 1935 15 60 30 393 650 15 484 696 15 680 91 181 10811
94.0 47 248 16 31 109 140 47 761 16 574 481 62 186 16 668 1817 217 16 264 1987 16 62 31 404 668 16 497 714 16 699 93 186 11101
95.0 48 255 16 32 112 143 48 781 16 590 494 64 191 16 685 1865 223 16 271 2040 16 64 32 414 685 16 510 733 16 717 96 191 11398
96.0 49 262 16 33 115 147 49 802 16 606 507 65 196 16 704 1915 229 16 278 2095 16 65 33 426 704 16 524 753 16 737 98 196 11703
97.0 50 269 17 34 118 151 50 824 17 622 521 67 202 17 723 1966 235 17 286 2151 17 67 34 437 723 17 538 773 17 756 101 202 12017
98.0 52 276 17 35 121 155 52 846 17 638 535 69 207 17 742 2019 242 17 293 2209 17 69 35 449 742 17 552 794 17 777 104 207 12338
99.0 53 284 18 35 124 159 53 868 18 656 549 71 213 18 762 2073 248 18 301 2268 18 71 35 461 762 18 567 815 18 797 106 213 12669
100.0 55 291 18 36 127 164 55 891 18 673 564 73 218 18 782 2129 255 18 309 2329 18 73 36 473 782 18 582 837 18 819 109 218 13008
101.0 56 299 19 37 131 168 56 915 19 691 579 75 224 19 803 2186 262 19 318 2391 19 75 37 486 803 19 598 859 19 841 112 224 13357
102.0 58 307 19 38 134 173 58 940 19 710 595 77 230 19 825 2244 269 19 326 2455 19 77 38 499 825 19 614 882 19 863 115 230 13715
103.0 59 315 20 39 138 177 59 965 20 729 611 79 236 20 847 2304 276 20 335 2521 20 79 39 512 847 20 630 906 20 886 118 236 14082
104.0 61 324 20 40 142 182 61 991 20 748 627 81 243 20 870 2366 283 20 344 2589 20 81 40 526 870 20 647 930 20 910 121 243 14459
105.0 62 332 21 42 145 187 62 1017 21 768 644 83 249 21 893 2429 291 21 353 2658 21 83 42 540 893 21 664 955 21 934 125 249 14847
106.0 64 341 21 43 149 192 64 1045 21 789 661 85 256 21 917 2495 298 21 362 2729 21 85 43 554 917 21 682 981 21 959 128 256 15244
107.0 66 350 22 44 153 197 66 1073 22 810 679 88 263 22 941 2561 306 22 372 2802 22 88 44 569 941 22 701 1007 22 985 131 263 15653
108.0 67 360 22 45 157 202 67 1101 22 832 697 90 270 22 967 2630 315 22 382 2877 22 90 45 584 967 22 719 1034 22 1012 135 270 16072
109.0 69 369 23 46 162 208 69 1131 23 854 716 92 277 23 992 2701 323 23 392 2954 23 92 46 600 992 23 739 1062 23 1039 138 277 16503
110.0 71 379 24 47 166 213 71 1161 24 877 735 95 284 24 1019 2773 332 24 403 3034 24 95 47 616 1019 24 758 1090 24 1066 142 284 16945
111.0 73 389 24 49 170 219 73 1192 24 900 754 97 292 24 1046 2847 341 24 414 3115 24 97 49 633 1046 24 779 1119 24 1095 146 292 17399
112.0 75 400 25 50 175 225 75 1224 25 925 775 100 300 25 1074 2923 350 25 425 3198 25 100 50 650 1074 25 800 1149 25 1124 150 300 17866
113.0 77 411 26 51 180 231 77 1257 26 949 795 103 308 26 1103 3002 359 26 436 3284 26 103 51 667 1103 26 821 1180 26 1155 154 308 18344
114.0 79 422 26 53 184 237 79 1291 26 975 817 105 316 26 1133 3082 369 26 448 3372 26 105 53 685 1133 26 843 1212 26 1185 158 316 18836
115.0 81 433 27 54 189 243 81 1325 27 1001 839 108 325 27 1163 3165 379 27 460 3462 27 108 54 703 1163 27 866 1244 27 1217 162 325 19341
116.0 83 444 28 56 194 250 83 1361 28 1028 861 111 333 28 1194 3250 389 28 472 3555 28 111 56 722 1194 28 889 1278 28 1250 167 333 19859
117.0 86 456 29 57 200 257 86 1397 29 1055 884 114 342 29 1226 3337 399 29 485 3650 29 114 57 742 1226 29 913 1312 29 1283 171 342 20391
118.0 88 469 29 59 205 264 88 1435 29 1083 908 117 351 29 1259 3426 410 29 498 3748 29 117 59 761 1259 29 937 1347 29 1318 176 351 20938
119.0 90 481 30 60 210 271 90 1473 30 1113 932 120 361 30 1293 3518 421 30 511 3849 30 120 60 782 1293 30 962 1383 30 1353 180 361 21499
120.0 93 494 31 62 216 278 93 1513 31 1142 957 123 370 31 1328 3612 432 31 525 3952 31 123 62 803 1328 31 988 1420 31 1389 185 370 22075
121.0 95 507 32 63 222 285 95 1553 32 1173 983 127 380 32 1363 3709 444 32 539 4058 32 127 63 824 1363 32 1014 1458 32 1427 190 380 22667
122.0 98 521 33 65 228 293 98 1595 33 1204 1009 130 391 33 1400 3809 456 33 553 4167 33 130 65 846 1400 33 1042 1497 33 1465 195 391 23274
123.0 100 535 33 67 234 301 100 1638 33 1237 1036 134 401 33 1437 3911 468 33 568 4278 33 134 67 869 1437 33 1070 1538 33 1504 201 401 23898
124.0 103 549 34 69 240 309 103 1682 34 1270 1064 137 412 34 1476 4015 480 34 583 4393 34 137 69 892 1476 34 1098 1579 34 1544 206 412 24539
125.0 106 564 35 70 247 317 106 1727 35 1304 1092 141 423 35 1515 4123 493 35 599 4511 35 141 70 916 1515 35 1128 1621 35 1586 211 423 25196
126.0 109 579 36 72 253 326 109 1773 36 1339 1122 145 434 36 1556 4234 507 36 615 4632 36 145 72 941 1556 36 1158 1664 36 1628 217 434 25872
127.0 111 594 37 74 260 334 111 1821 37 1375 1152 149 446 37 1598 4347 520 37 632 4756 37 149 74 966 1598 37 1189 1709 37 1672 223 446 26565
128.0 114 610 38 76 267 343 114 1869 38 1412 1183 153 458 38 1640 4464 534 38 649 4883 38 153 76 992 1640 38 1221 1755 38 1717 229 458 27277
129.0 118 627 39 78 274 353 118 1919 39 1449 1214 157 470 39 1684 4583 548 39 666 5014 39 157 78 1018 1684 39 1254 1802 39 1763 235 470 28008
130.0 121 644 40 80 282 362 121 1971 40 1488 1247 161 483 40 1730 4706 563 40 684 5148 40 161 80 1046 1730 40 1287 1850 40 1810 241 483 28759
131.0 124 661 41 83 289 372 124 2024 41 1528 1280 165 496 41 1776 4832 578 41 702 5286 41 165 83 1074 1776 41 1322 1900 41 1859 248 496 29530
132.0 127 679 42 85 297 382 127 2078 42 1569 1315 170 509 42 1824 4962 594 42 721 5428 42 170 85 1103 1824 42 1357 1951 42 1908 254 509 30321
133.0 131 697 44 87 305 392 131 2134 44 1611 1350 174 523 44 1872 5095 610 44 740 5574 44 174 87 1132 1872 44 1393 2003 44 1959 261 523 31134
134.0 134 715 45 89 313 402 134 2191 45 1654 1386 179 537 45 1923 5231 626 45 760 5723 45 179 89 1162 1923 45 1431 2057 45 2012 268 537 31968
135.0 138 735 46 92 321 413 138 2250 46 1699 1423 184 551 46 1974 5371 643 46 780 5876 46 184 92 1194 1974 46 1469 2112 46 2066 275 551 32825
136.0 141 754 47 94 330 424 141 2310 47 1744 1461 189 566 47 2027 5515 660 47 801 6034 47 189 94 1226 2027 47 1508 2168 47 2121 283 566 33705
137.0 145 774 48 97 339 436 145 2372 48 1791 1501 194 581 48 2081 5663 678 48 823 6196 48 194 97 1258 2081 48 1549 2227 48 2178 290 581 34608
138.0 149 795 50 99 348 447 149 2435 50 1839 1541 199 596 50 2137 5815 696 50 845 6362 50 199 99 1292 2137 50 1590 2286 50 2237 298 596 35536
139.0 153 817 51 102 357 459 153 2501 51 1888 1582 204 612 51 2194 5971 714 51 868 6532 51 204 102 1327 2194 51 1633 2348 51 2296 306 612 36489
140.0 157 838 52 105 367 472 157 2568 52 1939 1624 210 629 52 2253 6131 734 52 891 6707 52 210 105 1362 2253 52 1677 2410 52 2358 314 629 37467
141.0 161 861 54 108 377 484 161 2636 54 1991 1668 215 646 54 2314 6295 753 54 915 6887 54 215 108 1399 2314 54 1722 2475 54 2421 323 646 38471
142.0 166 884 55 110 387 497 166 2707 55 2044 1713 221 663 55 2376 6464 773 55 939 7072 55 221 110 1436 2376 55 1768 2541 55 2486 331 663 39502
143.0 170 908 57 113 397 511 170 2780 57 2099 1759 227 681 57 2439 6637 794 57 964 7261 57 227 113 1475 2439 57 1815 2610 57 2553 340 681 40561
144.0 175 932 58 116 408 524 175 2854 58 2155 1806 233 699 58 2505 6815 815 58 990 7456 58 233 116 1514 2505 58 1864 2679 58 2621 349 699 41648
145.0 179 957 60 120 419 538 179 2931 60 2213 1854 239 718 60 2572 6998 837 60 1017 7656 60 239 120 1555 2572 60 1914 2751 60 2691 359 718 42764
146.0 184 983 61 123 430 553 184 3009 61 2272 1904 246 737 61 2641 7185 860 61 1044 7861 61 246 123 1597 2641 61 1965 2825 61 2764 368 737 43910
147.0 189 1009 63 126 441 568 189 3090 63 2333 1955 252 757 63 2712 7378 883 63 1072 8072 63 252 126 1640 2712 63 2018 2901 63 2838 378 757 45087
148.0 194 1036 65 129 453 583 194 3173 65 2396 2007 259 777 65 2784 7576 906 65 1101 8288 65 259 129 1683 2784 65 2072 2978 65 2914 388 777 46296
149.0 199 1064 66 133 465 598 199 3258 66 2460 2061 266 798 66 2859 7779 931 66 1130 8510 66 266 133 1729 2859 66 2128 3058 66 2992 399 798 47537
150.0 205 1092 68 137 478 614 205 3345 68 2526 2116 273 819 68 2935 7987 956 68 1161 8738 68 273 137 1775 2935 68 2185 3140 68 3072 410 819 48811
151.0 210 1122 70 140 491 631 210 3435 70 2594 2173 280 841 70 3014 8201 981 70 1192 8972 70 280 140 1823 3014 70 2243 3224 70 3154 421 841 50119
152.0 216 1152 72 144 504 648 216 3527 72 2663 2231 288 864 72 3095 8421 1008 72 1224 9213 72 288 144 1871 3095 72 2303 3311 72 3239 432 864 51463
153.0 222 1182 74 148 517 665 222 3621 74 2734 2291 296 887 74 3178 8647 1035 74 1256 9460 74 296 148 1922 3178 74 2365 3400 74 3326 443 887 52842
154.0 228 1214 76 152 531 683 228 3718 76 2808 2352 304 911 76 3263 8879 1062 76 1290 9713 76 304 152 1973 3263 76 2428 3491 76 3415 455 911 54258
155.0 234 1247 78 156 545 701 234 3818 78 2883 2416 312 935 78 3351 9117 1091 78 1325 9974 78 312 156 2026 3351 78 2493 3584 78 3506 468 935 55713
156.0 240 1280 80 160 560 720 240 3920 80 2960 2480 320 960 80 3440 9361 1120 80 1360 10241 80 320 160 2080 3440 80 2560 3680 80 3600 480 960 57206
157.0 246 1314 82 164 575 739 246 4025 82 3040 2547 329 986 82 3533 9612 1150 82 1397 10516 82 329 164 2136 3533 82 2629 3779 82 3697 493 986 58739
158.0 253 1350 84 169 590 759 253 4133 84 3121 2615 337 1012 84 3627 9870 1181 84 1434 10797 84 337 169 2193 3627 84 2699 3880 84 3796 506 1012 60314
159.0 260 1386 87 173 606 780 260 4244 87 3205 2685 346 1039 87 3724 10134 1213 87 1472 11087 87 346 173 2252 3724 87 2772 3984 87 3898 520 1039 61930
160.0 267 1423 89 178 623 800 267 4358 89 3291 2757 356 1067 89 3824 10406 1245 89 1512 11384 89 356 178 2312 3824 89 2846 4091 89 4002 534 1067 63590
161.0 274 1461 91 183 639 822 274 4475 91 3379 2831 365 1096 91 3927 10685 1279 91 1552 11689 91 365 183 2374 3927 91 2922 4201 91 4109 548 1096 65295
162.0 281 1500 94 188 656 844 281 4595 94 3469 2907 375 1125 94 4032 10971 1313 94 1594 12002 94 375 188 2438 4032 94 3001 4313 94 4220 563 1125 67045
163.0 289 1541 96 193 674 867 289 4718 96 3562 2985 385 1155 96 4140 11265 1348 96 1637 12324 96 385 193 2503 4140 96 3081 4429 96 4333 578 1155 68842
164.0 297 1582 99 198 692 890 297 4844 99 3658 3065 395 1186 99 4251 11567 1384 99 1681 12655 99 395 198 2570 4251 99 3164 4548 99 4449 593 1186 70687
165.0 305 1624 102 203 711 914 305 4974 102 3756 3147 406 1218 102 4365 11877 1421 102 1726 12994 102 406 203 2639 4365 102 3248 4670 102 4568 609 1218 72582
166.0 313 1668 104 208 730 938 313 5107 104 3857 3231 417 1251 104 4482 12195 1459 104 1772 13342 104 417 208 2710 4482 104 3336 4795 104 4691 625 1251 74528
167.0 321 1712 107 214 749 963 321 5244 107 3960 3318 428 1284 107 4602 12522 1498 107 1819 13700 107 428 214 2783 4602 107 3425 4923 107 4816 642 1284 76525
168.0 330 1758 110 220 769 989 330 5385 110 4066 3407 440 1319 110 4726 12858 1539 110 1868 14067 110 440 220 2857 4726 110 3517 5055 110 4945 659 1319 78576
169.0 339 1805 113 226 790 1016 339 5529 113 4175 3498 451 1354 113 4852 13203 1580 113 1918 14444 113 451 226 2934 4852 113 3611 5191 113 5078 677 1354 80683
170.0 348 1854 116 232 811 1043 348 5678 116 4287 3592 463 1390 116 4982 13556 1622 116 1970 14831 116 463 232 3013 4982 116 3708 5330 116 5214 695 1390 82845
171.0 357 1904 119 238 833 1071 357 5830 119 4402 3688 476 1428 119 5116 13920 1666 119 2023 15229 119 476 238 3093 5116 119 3807 5473 119 5354 714 1428 85066
172.0 366 1955 122 244 855 1099 366 5986 122 4520 3787 489 1466 122 5253 14293 1710 122 2077 15637 122 489 244 3176 5253 122 3909 5619 122 5497 733 1466 87346
173.0 376 2007 125 251 878 1129 376 6146 125 4641 3889 502 1505 125 5394 14676 1756 125 2132 16056 125 502 251 3261 5394 125 4014 5770 125 5645 753 1505 89687
174.0 386 2061 129 258 902 1159 386 6311 129 4766 3993 515 1546 129 5538 15069 1803 129 2190 16486 129 515 258 3349 5538 129 4122 5925 129 5796 773 1546 92091
175.0 397 2116 132 265 926 1190 397 6480 132 4893 4100 529 1587 132 5687 15473 1852 132 2248 16928 132 529 265 3439 5687 132 4232 6084 132 5951 794 1587 94559
176.0 407 2173 136 272 951 1222 407 6654 136 5024 4210 543 1630 136 5839 15888 1901 136 2309 17382 136 543 272 3531 5839 136 4345 6247 136 6111 815 1630 97094
177.0 418 2231 139 279 976 1255 418 6832 139 5159 4323 558 1673 139 5996 16314 1952 139 2370 17848 139 558 279 3625 5996 139 4462 6414 139 6275 837 1673 99696
178.0 430 2291 143 286 1002 1289 430 7015 143 5297 4438 573 1718 143 6156 16751 2004 143 2434 18326 143 573 286 3722 6156 143 4582 6586 143 6443 859 1718 102369
179.0 441 2352 147 294 1029 1323 441 7204 147 5439 4557 588 1764 147 6321 17200 2058 147 2499 18817 147 588 294 3822 6321 147 4704 6762 147 6615 882 1764 105113
180.0 453 2415 151 302 1057 1359 453 7397 151 5585 4679 604 1811 151 6491 17661 2113 151 2566 19322 151 604 302 3925 6491 151 4830 6944 151 6793 906 1811 107930
181.0 465 2480 155 310 1085 1395 465 7595 155 5735 4805 620 1860 155 6665 18135 2170 155 2635 19840 155 620 310 4030 6665 155 4960 7130 155 6975 930 1860 110823
182.0 477 2546 159 318 1114 1432 477 7798 159 5889 4934 637 1910 159 6844 18621 2228 159 2706 20371 159 637 318 4138 6844 159 5093 7321 159 7162 955 1910 113794
183.0 490 2615 163 327 1144 1471 490 8007 163 6046 5066 654 1961 163 7027 19120 2288 163 2778 20917 163 654 327 4249 7027 163 5229 7517 163 7354 981 1961 116844
184.0 503 2685 168 336 1175 1510 503 8222 168 6209 5202 671 2014 168 7215 19632 2349 168 2853 21478 168 671 336 4363 7215 168 5370 7719 168 7551 1007 2014 119976
185.0 517 2757 172 345 1206 1551 517 8442 172 6375 5341 689 2068 172 7409 20159 2412 172 2929 22054 172 689 345 4480 7409 172 5513 7926 172 7753 1034 2068 123191
186.0 531 2831 177 354 1238 1592 531 8669 177 6546 5484 708 2123 177 7607 20699 2477 177 3008 22645 177 708 354 4600 7607 177 5661 8138 177 7961 1061 2123 126493
187.0 545 2906 182 363 1272 1635 545 8901 182 6721 5631 727 2180 182 7811 21254 2543 182 3088 23252 182 727 363 4723 7811 182 5813 8356 182 8175 1090 2180 129884
188.0 560 2984 187 373 1306 1679 560 9140 187 6901 5782 746 2238 187 8021 21823 2611 187 3171 23875 187 746 373 4850 8021 187 5969 8580 187 8394 1119 2238 133365
189.0 575 3064 192 383 1341 1724 575 9385 192 7086 5937 766 2298 192 8236 22408 2681 192 3256 24515 192 766 383 4980 8236 192 6129 8810 192 8619 1149 2298 136940
190.0 590 3147 197 393 1377 1770 590 9636 197 7276 6096 787 2360 197 8456 23009 2753 197 3343 25172 197 787 393 5113 8456 197 6293 9046 197 8850 1180 2360 140611
191.0 606 3231 202 404 1414 1817 606 9895 202 7471 6260 808 2423 202 8683 23626 2827 202 3433 25847 202 808 404 5250 8683 202 6462 9289 202 9087 1212 2423 144379
192.0 622 3317 207 415 1451 1866 622 10160 207 7672 6428 829 2488 207 8916 24259 2903 207 3525 26540 207 829 415 5391 8916 207 6635 9538 207 9330 1244 2488 148249
193.0 639 3406 213 426 1490 1916 639 10432 213 7877 6600 852 2555 213 9155 24909 2981 213 3619 27251 213 852 426 5535 9155 213 6813 9793 213 9580 1277 2555 152223
194.0 656 3498 219 437 1530 1967 656 10712 219 8088 6777 874 2623 219 9400 25577 3060 219 3716 27982 219 874 437 5684 9400 219 6995 10056 219 9837 1312 2623 156303
195.0 673 3591 224 449 1571 2020 673 10999 224 8305 6958 898 2694 224 9652 26262 3143 224 3816 28732 224 898 449 5836 9652 224 7183 10325 224 10101 1347 2694 160493
196.0 691 3688 230 461 1613 2074 691 11294 230 8528 7145 922 2766 230 9911 26966 3227 230 3918 29502 230 922 461 5993 9911 230 7375 10602 230 10372 1383 2766 164795
197.0 710 3787 237 473 1657 2130 710 11596 237 8756 7336 947 2840 237 10176 27689 3313 237 4023 30292 237 947 473 6153 10176 237 7573 10886 237 10650 1420 2840 169212
198.0 729 3888 243 486 1701 2187 729 11907 243 8991 7533 972 2916 243 10449 28431 3402 243 4131 31104 243 972 486 6318 10449 243 7776 11178 243 10935 1458 2916 173747
199.0 749 3992 250 499 1747 2246 749 12226 250 9232 7735 998 2994 250 10729 29193 3493 250 4242 31938 250 998 499 6487 10729 250 7985 11478 250 11228 1497 2994 178405
200.0 769 4099 256 512 1793 2306 769 12554 256 9480 7942 1025 3074 256 11017 29976 3587 256 4355 32794 256 1025 512 6661 11017 256 8199 11785 256 11529 1537 3074 183187
201.0 789 4209 263 526 1842 2368 789 12891 263 9734 8155 1052 3157 263 11312 30779 3683 263 4472 33673 263 1052 526 6840 11312 263 8418 12101 263 11838 1578 3157 188097
202.0 810 4322 270 540 1891 2431 810 13236 270 9995 8374 1080 3241 270 11615 31604 3782 270 4592 34576 270 1080 540 7023 11615 270 8644 12426 270 12156 1621 3241 193138
203.0 832 4438 277 555 1942 2496 832 13591 277 10262 8598 1109 3328 277 11927 32452 3883 277 4715 35503 277 1109 555 7211 11927 277 8876 12759 277 12481 1664 3328 198315
204.0 854 4557 285 570 1994 2563 854 13955 285 10538 8829 1139 3418 285 12246 33321 3987 285 4842 36454 285 1139 570 7405 12246 285 9114 13101 285 12816 1709 3418 203631
205.0 877 4679 292 585 2047 2632 877 14329 292 10820 9065 1170 3509 292 12575 34215 4094 292 4971 37431 292 1170 585 7603 12575 292 9358 13452 292 13159 1755 3509 209089
206.0 901 4804 300 601 2102 2702 901 14713 300 11110 9308 1201 3603 300 12912 35132 4204 300 5105 38435 300 1201 601 7807 12912 300 9609 13812 300 13512 1802 3603 214693
207.0 925 4933 308 617 2158 2775 925 15108 308 11408 9558 1233 3700 308 13258 36073 4316 308 5241 39465 308 1233 617 8016 13258 308 9866 14183 308 13874 1850 3700 220448
208.0 950 5065 317 633 2216 2849 950 15513 317 11714 9814 1266 3799 317 13613 37040 4432 317 5382 40523 317 1266 633 8231 13613 317 10131 14563 317 14246 1899 3799 226357
209.0 975 5201 325 650 2275 2926 975 15928 325 12028 10077 1300 3901 325 13978 38033 4551 325 5526 41609 325 1300 650 8452 13978 325 10402 14953 325 14628 1950 3901 232424
210.0 1001 5341 334 668 2336 3004 1001 16355 334 12350 10347 1335 4005 334 14353 39053 4673 334 5674 42724 334 1335 668 8678 14353 334 10681 15354 334 15020 2003 4005 238654
211.0 1028 5484 343 685 2399 3085 1028 16794 343 12681 10625 1371 4113 343 14737 40099 4798 343 5826 43869 343 1371 685 8911 14737 343 10967 15766 343 15423 2056 4113 245051
212.0 1056 5631 352 704 2463 3167 1056 17244 352 13021 10909 1408 4223 352 15132 41174 4927 352 5983 45045 352 1408 704 9150 15132 352 11261 16188 352 15836 2111 4223 251619
213.0 1084 5782 361 723 2529 3252 1084 17706 361 13370 11202 1445 4336 361 15538 42278 5059 361 6143 46253 361 1445 723 9395 15538 361 11563 16622 361 16261 2168 4336 258364
214.0 1113 5937 371 742 2597 3339 1113 18181 371 13728 11502 1484 4452 371 15954 43411 5194 371 6308 47492 371 1484 742 9647 15954 371 11873 17068 371 16697 2226 4452 265289
215.0 1143 6096 381 762 2667 3429 1143 18668 381 14096 11810 1524 4572 381 16382 44575 5334 381 6477 48765 381 1524 762 9905 16382 381 12191 17525 381 17144 2286 4572 272400
216.0 1174 6259 391 782 2738 3521 1174 19168 391 14474 12127 1565 4694 391 16821 45769 5477 391 6650 50072 391 1565 782 10171 16821 391 12518 17995 391 17604 2347 4694 279701
217.0 1205 6427 402 803 2812 3615 1205 19682 402 14862 12452 1607 4820 402 17272 46996 5623 402 6828 51415 402 1607 803 10444 17272 402 12854 18477 402 18075 2410 4820 287198
218.0 1237 6599 412 825 2887 3712 1237 20210 412 15260 12786 1650 4949 412 17735 48256 5774 412 7012 52793 412 1650 825 10724 17735 412 13198 18972 412 18560 2475 4949 294896
219.0 1270 6776 423 847 2964 3811 1270 20751 423 15669 13128 1694 5082 423 18210 49549 5929 423 7199 54208 423 1694 847 11011 18210 423 13552 19481 423 19057 2541 5082 302801
220.0 1305 6958 435 870 3044 3914 1305 21308 435 16089 13480 1739 5218 435 18699 50877 6088 435 7392 55661 435 1739 870 11306 18699 435 13915 20003 435 19568 2609 5218 310917
221.0 1340 7144 447 893 3126 4019 1340 21879 447 16521 13842 1786 5358 447 19200 52241 6251 447 7591 57153 447 1786 893 11609 19200 447 14288 20539 447 20093 2679 5358 319251
222.0 1375 7336 458 917 3209 4126 1375 22465 458 16963 14213 1834 5502 458 19714 53641 6419 458 7794 58685 458 1834 917 11920 19714 458 14671 21090 458 20631 2751 5502 327808
223.0 1412 7532 471 942 3295 4237 1412 23067 471 17418 14594 1883 5649 471 20243 55079 6591 471 8003 60258 471 1883 942 12240 20243 471 15064 21655 471 21184 2825 5649 336595
224.0 1450 7734 483 967 3384 4350 1450 23686 483 17885 14985 1934 5801 483 20785 56555 6767 483 8217 61873 483 1934 967 12568 20785 483 15468 22235 483 21752 2900 5801 345617
225.0 1489 7941 496 993 3474 4467 1489 24320 496 18364 15386 1985 5956 496 21342 58071 6949 496 8438 63531 496 1985 993 12905 21342 496 15883 22831 496 22335 2978 5956 354881
226.0 1529 8154 510 1019 3567 4587 1529 24972 510 18857 15799 2039 6116 510 21915 59628 7135 510 8664 65234 510 2039 1019 13251 21915 510 16308 23443 510 22934 3058 6116 364393
227.0 1570 8373 523 1047 3663 4710 1570 25642 523 19362 16222 2093 6280 523 22502 61226 7326 523 8896 66983 523 2093 1047 13606 22502 523 16746 24072 523 23549 3140 6280 374160
228.0 1612 8597 537 1075 3761 4836 1612 26329 537 19881 16657 2149 6448 537 23105 62867 7523 537 9135 68778 537 2149 1075 13971 23105 537 17194 24717 537 24180 3224 6448 384189
229.0 1655 8828 552 1103 3862 4966 1655 27035 552 20414 17104 2207 6621 552 23724 64552 7724 552 9379 70621 552 2207 1103 14345 23724 552 17655 25380 552 24828 3310 6621 394487
230.0 1700 9064 567 1133 3966 5099 1700 27759 567 20961 17562 2266 6798 567 24360 66283 7931 567 9631 72514 567 2266 1133 14729 24360 567 18129 26060 567 25493 3399 6798 405061
231.0 1745 9307 582 1163 4072 5235 1745 28503 582 21523 18033 2327 6980 582 25013 68059 8144 582 9889 74458 582 2327 1163 15124 25013 582 18615 26758 582 26177 3490 6980 415918
232.0 1792 9557 597 1195 4181 5376 1792 29267 597 22100 18516 2389 7168 597 25684 69884 8362 597 10154 76454 597 2389 1195 15530 25684 597 19113 27476 597 26878 3584 7168 427066
233.0 1840 9813 613 1227 4293 5520 1840 30052 613 22692 19012 2453 7360 613 26372 71757 8586 613 10426 78503 613 2453 1227 15946 26372 613 19626 28212 613 27599 3680 7360 438513
234.0 1889 10076 630 1259 4408 5668 1889 30857 630 23301 19522 2519 7557 630 27079 73680 8816 630 10706 80607 630 2519 1259 16373 27079 630 20152 28968 630 28339 3778 7557 450267
235.0 1940 10346 647 1293 4526 5820 1940 31685 647 23925 20045 2586 7759 647 27805 75655 9053 647 10993 82768 647 2586 1293 16812 27805 647 20692 29745 647 29098 3880 7759 462336
236.0 1992 10623 664 1328 4648 5976 1992 32534 664 24566 20583 2656 7967 664 28550 77683 9295 664 11287 84986 664 2656 1328 17263 28550 664 21247 30542 664 29878 3984 7967 474729
237.0 2045 10908 682 1364 4772 6136 2045 33406 682 25225 21134 2727 8181 682 29315 79765 9545 682 11590 87264 682 2727 1364 17726 29315 682 21816 31361 682 30679 4091 8181 487453
238.0 2100 11200 700 1400 4900 6300 2100 34301 700 25901 21701 2800 8400 700 30101 81903 9800 700 11900 89603 700 2800 1400 18201 30101 700 22401 32201 700 31501 4200 8400 500519
239.0 2156 11501 719 1438 5032 6469 2156 35221 719 26595 22283 2875 8625 719 30908 84098 10063 719 12219 92005 719 2875 1438 18689 30908 719 23001 33064 719 32346 4313 8625 513935
240.0 2214 11809 738 1476 5166 6643 2214 36165 738 27308 22880 2952 8857 738 31736 86353 10333 738 12547 94471 738 2952 1476 19189 31736 738 23618 33951 738 33213 4428 8857 527711
241.0 2274 12125 758 1516 5305 6821 2274 37134 758 28040 23493 3031 9094 758 32587 88667 10610 758 12883 97003 758 3031 1516 19704 32587 758 24251 34861 758 34103 4547 9094 541855
242.0 2334 12450 778 1556 5447 7003 2334 38129 778 28792 24123 3113 9338 778 33461 91044 10894 778 13229 99604 778 3113 1556 20232 33461 778 24901 35795 778 35017 4669 9338 556379
243.0 2397 12784 799 1598 5593 7191 2397 39152 799 29563 24769 3196 9588 799 34357 93484 11186 799 13583 102273 799 3196 1598 20774 34357 799 25568 36754 799 35955 4794 9588 571293
244.0 2461 13127 820 1641 5743 7384 2461 40201 820 30356 25433 3282 9845 820 35278 95990 11486 820 13947 105015 820 3282 1641 21331 35278 820 26254 37740 820 36919 4923 9845 586605
245.0 2527 13479 842 1685 5897 7582 2527 41278 842 31169 26115 3370 10109 842 36224 98563 11794 842 14321 107830 842 3370 1685 21903 36224 842 26957 38751 842 37909 5055 10109 602329
246.0 2595 13840 865 1730 6055 7785 2595 42385 865 32005 26815 3460 10380 865 37195 101205 12110 865 14705 110720 865 3460 1730 22490 37195 865 27680 39790 865 38925 5190 10380 618474
247.0 2665 14211 888 1776 6217 7994 2665 43521 888 32863 27534 3553 10658 888 38192 103917 12435 888 15099 113688 888 3553 1776 23093 38192 888 28422 40856 888 39968 5329 10658 635051
248.0 2736 14592 912 1824 6384 8208 2736 44688 912 33744 28272 3648 10944 912 39216 106703 12768 912 15504 116735 912 3648 1824 23712 39216 912 29184 41952 912 41040 5472 10944 652073
249.0 2809 14983 936 1873 6555 8428 2809 45885 936 34648 29030 3746 11237 936 40267 109563 13110 936 15919 119864 936 3746 1873 24347 40267 936 29966 43076 936 42140 5619 11237 669551
250.0 2885 15385 962 1923 6731 8654 2885 47115 962 35577 29808 3846 11538 962 41346 112500 13462 962 16346 123077 962 3846 1923 25000 41346 962 30769 44231 962 43269 5769 11538 687498
251.0 2962 15797 987 1975 6911 8886 2962 48378 987 36530 30607 3949 11848 987 42454 115515 13822 987 16784 126376 987 3949 1975 25670 42454 987 31594 45416 987 44429 5924 11848 705926
252.0 3041 16220 1014 2028 7096 9124 3041 49675 1014 37510 31427 4055 12165 1014 43592 118611 14193 1014 17234 129763 1014 4055 2028 26358 43592 1014 32441 46634 1014 45620 6083 12165 724847
253.0 3123 16655 1041 2082 7287 9369 3123 51006 1041 38515 32269 4164 12491 1041 44761 121791 14573 1041 17696 133241 1041 4164 2082 27065 44761 1041 33310 47884 1041 46843 6246 12491 744276
254.0 3207 17102 1069 2138 7482 9620 3207 52374 1069 39547 33134 4275 12826 1069 45960 125055 14964 1069 18170 136812 1069 4275 2138 27790 45960 1069 34203 49167 1069 48098 6413 12826 764226
255.0 3292 17560 1097 2195 7682 9877 3292 53777 1097 40607 34022 4390 13170 1097 47192 128407 15365 1097 18657 140480 1097 4390 2195 28535 47192 1097 35120 50485 1097 49387 6585 13170 784710
256.0 3381 18031 1127 2254 7888 10142 3381 55219 1127 41696 34934 4508 13523 1127 48457 131849 15777 1127 19158 144245 1127 4508 2254 29300 48457 1127 36061 51838 1127 50711 6761 13523 805744
257.0 3471 18514 1157 2314 8100 10414 3471 56699 1157 42813 35871 4628 13885 1157 49756 135383 16200 1157 19671 148111 1157 4628 2314 30085 49756 1157 37028 53228 1157 52070 6943 13885 827341
258.0 3564 19010 1188 2376 8317 10693 3564 58219 1188 43961 36832 4753 14258 1188 51090 139012 16634 1188 20198 152081 1188 4753 2376 30892 51090 1188 38020 54654 1188 53466 7129 14258 849517
259.0 3660 19520 1220 2440 8540 10980 3660 59779 1220 45139 37819 4880 14640 1220 52459 142738 17080 1220 20740 156158 1220 4880 2440 31720 52459 1220 39039 56119 1220 54899 7320 14640 872287
260.0 3758 20043 1253 2505 8769 11274 3758 61381 1253 46349 38833 5011 15032 1253 53865 146564 17538 1253 21296 160343 1253 5011 2505 32570 53865 1253 40086 57623 1253 56371 7516 15032 895668
261.0 3859 20580 1286 2573 9004 11576 3859 63027 1286 47592 39874 5145 15435 1286 55309 150492 18008 1286 21866 164641 1286 5145 2573 33443 55309 1286 41160 59168 1286 57882 7718 15435 919676
262.0 3962 21132 1321 2641 9245 11887 3962 64716 1321 48867 40943 5283 15849 1321 56792 154526 18490 1321 22453 169054 1321 5283 2641 34339 56792 1321 42264 60754 1321 59433 7924 15849 944327
263.0 4068 21698 1356 2712 9493 12205 4068 66451 1356 50177 42040 5425 16274 1356 58314 158668 18986 1356 23054 173586 1356 5425 2712 35260 58314 1356 43396 62382 1356 61026 8137 16274 969638
264.0 4177 22280 1392 2785 9747 12532 4177 68232 1392 51522 43167 5570 16710 1392 59877 162921 19495 1392 23672 178238 1392 5570 2785 36205 59877 1392 44560 64054 1392 62662 8355 16710 995629
265.0 4289 22877 1430 2860 10009 12868 4289 70061 1430 52903 44324 5719 17158 1430 61482 167288 20017 1430 24307 183016 1430 5719 2860 37175 61482 1430 45754 65771 1430 64342 8579 17158 1022315
266.0 4404 23490 1468 2936 10277 13213 4404 71939 1468 54321 45512 5873 17618 1468 63130 171772 20554 1468 24958 187921 1468 5873 2936 38172 63130 1468 46980 67534 1468 66066 8809 17618 1049718
267.0 4522 24120 1507 3015 10552 13567 4522 73867 1507 55777 46732 6030 18090 1507 64822 176376 21105 1507 25627 192959 1507 6030 3015 39195 64822 1507 48240 69344 1507 67837 9045 18090 1077854
268.0 4644 24766 1548 3096 10835 13931 4644 75847 1548 57272 47985 6192 18575 1548 66559 181104 21671 1548 26314 198131 1548 6192 3096 40245 66559 1548 49533 71203 1548 69655 9287 18575 1106745
269.0 4768 25430 1589 3179 11126 14304 4768 77880 1589 58807 49271 6358 19073 1589 68344 185958 22251 1589 27020 203441 1589 6358 3179 41324 68344 1589 50860 73112 1589 71522 9536 19073 1136410
270.0 4896 26112 1632 3264 11424 14688 4896 79967 1632 60384 50592 6528 19584 1632 70175 190942 22848 1632 27744 208894 1632 6528 3264 42432 70175 1632 52224 75071 1632 73439 9792 19584 1166871
271.0 5027 26812 1676 3351 11730 15082 5027 82111 1676 62002 51948 6703 20109 1676 72056 196060 23460 1676 28487 214494 1676 6703 3351 43569 72056 1676 53623 77084 1676 75408 10054 20109 1198147
272.0 5162 27530 1721 3441 12045 15486 5162 84312 1721 63664 53340 6883 20648 1721 73988 201316 24089 1721 29251 220243 1721 6883 3441 44737 73988 1721 55061 79150 1721 77429 10324 20648 1230263
273.0 5300 28268 1767 3534 12367 15901 5300 86572 1767 65370 54770 7067 21201 1767 75971 206712 24735 1767 30035 226146 1767 7067 3534 45936 75971 1767 56537 81271 1767 79505 10601 21201 1263239
274.0 5442 29026 1814 3628 12699 16327 5442 88892 1814 67123 56238 7256 21769 1814 78007 212252 25398 1814 30840 232208 1814 7256 3628 47167 78007 1814 58052 83450 1814 81636 10885 21769 1297099
275.0 5588 29804 1863 3725 13039 16765 5588 91275 1863 68922 57745 7451 22353 1863 80098 217942 26078 1863 31667 238432 1863 7451 3725 48431 80098 1863 59608 85686 1863 83824 11176 22353 1331866
276.0 5738 30603 1913 3825 13389 17214 5738 93721 1913 70769 59293 7651 22952 1913 82245 223783 26778 1913 32516 244823 1913 7651 3825 49730 82245 1913 61206 87983 1913 86071 11476 22952 1367565
277.0 5892 31423 1964 3928 13748 17676 5892 96233 1964 72666 60882 7856 23567 1964 84450 229782 27495 1964 33387 251385 1964 7856 3928 51063 84450 1964 62846 90342 1964 88378 11784 23567 1404222
278.0 6050 32265 2017 4033 14116 18149 6050 98813 2017 74614 62514 8066 24199 2017 86713 235941 28232 2017 34282 258123 2017 8066 4033 52431 86713 2017 64531 92763 2017 90746 12100 24199 1441860
279.0 6212 33130 2071 4141 14494 18636 6212 101461 2071 76614 64190 8283 24848 2071 89038 242265 28989 2071 35201 265042 2071 8283 4141 53837 89038 2071 66260 95249 2071 93179 12424 24848 1480508
280.0 6378 34018 2126 4252 14883 19135 6378 104181 2126 78667 65910 8505 25514 2126 91424 248759 29766 2126 36144 272146 2126 8505 4252 55280 91424 2126 68037 97803 2126 95676 12757 25514 1520192
281.0 6549 34930 2183 4366 15282 19648 6549 106973 2183 80776 67677 8733 26198 2183 93875 255426 30564 2183 37113 279441 2183 8733 4366 56761 93875 2183 69860 100424 2183 98241 13099 26198 1560939
282.0 6725 35866 2242 4483 15692 20175 6725 109841 2242 82941 69491 8967 26900 2242 96391 262273 31383 2242 38108 286931 2242 8967 4483 58283 96391 2242 71733 103116 2242 100874 13450 26900 1602778
283.0 6905 36828 2302 4603 16112 20716 6905 112785 2302 85164 71354 9207 27621 2302 98975 269303 32224 2302 39129 294622 2302 9207 4603 59845 98975 2302 73655 105880 2302 103578 13810 27621 1645739
284.0 7090 37815 2363 4727 16544 21271 7090 115808 2363 87447 73266 9454 28361 2363 101627 276521 33088 2363 40178 302519 2363 9454 4727 61449 101627 2363 75630 108718 2363 106354 14181 28361 1689852
285.0 7280 38828 2427 4854 16987 21841 7280 118912 2427 89791 75230 9707 29121 2427 104351 283933 33975 2427 41255 310628 2427 9707 4854 63096 104351 2427 77657 111632 2427 109205 14561 29121 1735146
286.0 7475 39869 2492 4984 17443 22426 7475 122099 2492 92198 77247 9967 29902 2492 107149 291544 34886 2492 42361 318954 2492 9967 4984 64787 107149 2492 79738 114624 2492 112132 14951 29902 1781655
287.0 7676 40938 2559 5117 17910 23028 7676 125372 2559 94669 79317 10234 30703 2559 110021 299358 35821 2559 43496 327503 2559 10234 5117 66524 110021 2559 81876 117696 2559 115138 15352 30703 1829411
288.0 7882 42035 2627 5254 18390 23645 7882 128733 2627 97206 81443 10509 31526 2627 112970 307382 36781 2627 44662 336281 2627 10509 5254 68307 112970 2627 84070 120851 2627 118224 15763 31526 1878446
289.0 8093 43162 2698 5395 18883 24279 8093 132183 2698 99812 83626 10790 32371 2698 115998 315621 37767 2698 45859 345295 2698 10790 5395 70138 115998 2698 86324 124090 2698 121393 16186 32371 1928796
290.0 8310 44319 2770 5540 19389 24929 8310 135726 2770 102487 85868 11080 33239 2770 119107 324081 38779 2770 47089 354550 2770 11080 5540 72018 119107 2770 88638 127417 2770 124647 16620 33239 1980496
291.0 8533 45507 2844 5688 19909 25598 8533 139364 2844 105234 88169 11377 34130 2844 122299 332768 39818 2844 48351 364054 2844 11377 5688 73948 122299 2844 91013 130832 2844 127988 17065 34130 2033581
292.0 8761 46726 2920 5841 20443 26284 8761 143100 2920 108055 90533 11682 35045 2920 125577 341687 40886 2920 49647 373812 2920 11682 5841 75931 125577 2920 93453 134339 2920 131418 17522 35045 2088089
293.0 8996 47979 2999 5997 20991 26988 8996 146935 2999 110951 92959 11995 35984 2999 128943 350846 41982 2999 50978 383831 2999 11995 5997 77966 128943 2999 95958 137939 2999 134941 17992 35984 2144058
294.0 9237 49265 3079 6158 21553 27712 9237 150874 3079 113925 95451 12316 36949 3079 132400 360250 43107 3079 52344 394120 3079 12316 6158 80056 132400 3079 98530 141637 3079 138558 18474 36949 2201528
295.0 9485 50585 3162 6323 22131 28454 9485 154918 3162 116979 98009 12646 37939 3162 135948 369906 44262 3162 53747 404684 3162 12646 6323 82201 135948 3162 101171 145433 3162 142272 18970 37939 2260538
296.0 9739 51941 3246 6493 22724 29217 9739 159070 3246 120114 100636 12985 38956 3246 139592 379821 45449 3246 55188 415531 3246 12985 6493 84405 139592 3246 103883 149331 3246 146085 19478 38956 2321129
297.0 10000 53334 3333 6667 23333 30000 10000 163334 3333 123334 103334 13333 40000 3333 143334 390002 46667 3333 56667 426669 3333 13333 6667 86667 143334 3333 106667 153334 3333 150001 20000 40000 2383345
298.0 10268 54763 3423 6845 23959 30804 10268 167712 3423 126640 106104 13691 41072 3423 147176 400455 47918 3423 58186 438105 3423 13691 6845 88990 147176 3423 109526 157444 3423 154021 20536 41072 2447228
299.0 10543 56231 3514 7029 24601 31630 10543 172207 3514 130034 108948 14058 42173 3514 151121 411189 49202 3514 59745 449848 3514 14058 7029 91375 151121 3514 112462 161664 3514 158150 21087 42173 2512824
300.0 10826 57738 3609 7217 25260 32478 10826 176823 3609 133520 111868 14435 43304 3609 155172 422211 50521 3609 61347 461906 3609 14435 7217 93825 155172 3609 115476 165997 3609 162389 21652 43304 2580177
301.0 11116 59286 3705 7411 25938 33348 11116 181563 3705 137099 114866 14821 44464 3705 159331 433528 51875 3705 62991 474287 3705 14821 7411 96340 159331 3705 118572 170447 3705 166741 22232 44464 2649336
302.0 11414 60875 3805 7609 26633 34242 11414 186430 3805 140773 117945 15219 45656 3805 163601 445148 53266 3805 64680 487000 3805 15219 7609 98922 163601 3805 121750 175015 3805 171211 22828 45656 2720349
303.0 11720 62507 3907 7813 27347 35160 11720 191427 3907 144547 121107 15627 46880 3907 167987 457080 54693 3907 66413 500053 3907 15627 7813 101573 167987 3907 125013 179707 3907 175800 23440 46880 2793266
304.0 12034 64182 4011 8023 28080 36102 12034 196558 4011 148421 124353 16046 48137 4011 172489 469331 56159 4011 68193 513457 4011 16046 8023 104296 172489 4011 128364 184523 4011 180512 24068 48137 2868136
305.0 12357 65902 4119 8238 28832 37070 12357 201826 4119 152399 127686 16476 49427 4119 177113 481911 57665 4119 70021 527219 4119 16476 8238 107091 177113 4119 131805 189469 4119 185351 24713 49427 2945014
306.0 12688 67669 4229 8459 29605 38064 12688 207236 4229 156484 131108 16917 50752 4229 181860 494829 59210 4229 71898 541351 4229 16917 8459 109962 181860 4229 135338 194548 4229 190319 25376 50752 3023952
307.0 13028 69483 4343 8685 30399 39084 13028 212791 4343 160679 134623 17371 52112 4343 186735 508092 60797 4343 73825 555861 4343 17371 8685 112909 186735 4343 138965 199763 4343 195420 26056 52112 3105006
308.0 13377 71345 4459 8918 31213 40132 13377 218494 4459 164985 138231 17836 53509 4459 191740 521711 62427 4459 75804 570761 4459 17836 8918 115936 191740 4459 142690 205117 4459 200658 26754 53509 3188233
309.0 13736 73257 4579 9157 32050 41207 13736 224351 4579 169408 141936 18314 54943 4579 196879 535695 64100 4579 77836 586059 4579 18314 9157 119043 196879 4579 146515 210615 4579 206036 27472 54943 3273690
310.0 14104 75221 4701 9403 32909 42312 14104 230364 4701 173949 145741 18805 56416 4701 202156 550054 65818 4701 79922 601768 4701 18805 9403 122234 202156 4701 150442 216260 4701 211559 28208 56416 3361439
311.0 14482 77237 4827 9655 33791 43446 14482 236539 4827 178611 149647 19309 57928 4827 207575 564797 67583 4827 82065 617898 4827 19309 9655 125510 207575 4827 154474 222057 4827 217230 28964 57928 3451539
312.0 14870 79307 4957 9913 34697 44610 14870 242879 4957 183399 153658 19827 59481 4957 213139 579936 69394 4957 84264 634460 4957 19827 9913 128875 213139 4957 158615 228009 4957 223052 29740 59481 3544054
313.0 15269 81433 5090 10179 35627 45806 15269 249389 5090 188314 157777 20358 61075 5090 218852 595481 71254 5090 86523 651466 5090 20358 10179 132329 218852 5090 162867 234121 5090 229031 30537 61075 3639049
314.0 15678 83616 5226 10452 36582 47034 15678 256074 5226 193362 162006 20904 62712 5226 224718 611442 73164 5226 88842 668928 5226 20904 10452 135876 224718 5226 167232 240396 5226 235170 31356 62712 3736590
315.0 16098 85857 5366 10732 37563 48295 16098 262938 5366 198545 166348 21464 64393 5366 230741 627831 75125 5366 91223 686858 5366 21464 10732 139518 230741 5366 171714 246840 5366 241473 32196 64393 3836745
316.0 16530 88159 5510 11020 38569 49589 16530 269986 5510 203867 170807 22040 66119 5510 236926 644659 77139 5510 93668 705268 5510 22040 11020 143258 236926 5510 176317 253456 5510 247946 33059 66119 3939586
317.0 16973 90522 5658 11315 39603 50918 16973 277222 5658 209331 175386 22630 67891 5658 243277 661939 79206 5658 96179 724173 5658 22630 11315 147098 243277 5658 181043 260249 5658 254592 33946 67891 4045182
318.0 17428 92948 5809 11618 40665 52283 17428 284653 5809 214942 180087 23237 69711 5809 249797 679682 81329 5809 98757 743583 5809 23237 11618 151040 249797 5809 185896 267225 5809 261416 34855 69711 4153610
319.0 17895 95439 5965 11930 41755 53685 17895 292283 5965 220703 184914 23860 71579 5965 256493 697900 83509 5965 101404 763514 5965 23860 11930 155089 256493 5965 190879 274388 5965 268423 35790 71579 4264943
320.0 18375 97997 6125 12250 42874 55124 18375 300117 6125 226619 189870 24499 73498 6125 263368 716606 85748 6125 104122 783980 6125 24499 12250 159246 263368 6125 195995 281743 6125 275618 36749 73498 4379261
321.0 18867 100624 6289 12578 44023 56601 18867 308162 6289 232693 194959 25156 75468 6289 270427 735814 88046 6289 106913 804993 6289 25156 12578 163514 270427 6289 201248 289294 6289 283005 37734 75468 4496642
322.0 19373 103321 6458 12915 45203 58118 19373 316421 6458 238931 200185 25830 77491 6458 277676 755537 90406 6458 109779 826570 6458 25830 12915 167897 277676 6458 206643 297049 6458 290591 38745 77491 4617171
323.0 19892 106091 6631 13261 46415 59676 19892 324903 6631 245335 205551 26523 79568 6631 285119 775788 92829 6631 112721 848726 6631 26523 13261 172397 285119 6631 212181 305011 6631 298380 39784 79568 4740929
324.0 20425 108934 6808 13617 47659 61276 20425 333612 6808 251911 211060 27234 81701 6808 292761 796583 95318 6808 115743 871475 6808 27234 13617 177018 292761 6808 217869 313186 6808 306378 40850 81701 4868005
325.0 20973 111854 6991 13982 48936 62918 20973 342554 6991 258663 216718 27964 83891 6991 300608 817934 97872 6991 118845 894834 6991 27964 13982 181763 300608 6991 223709 321581 6991 314590 41945 83891 4998487
326.0 21535 114852 7178 14357 50248 64604 21535 351735 7178 265596 222527 28713 86139 7178 308666 839858 100496 7178 122031 918819 7178 28713 14357 186635 308666 7178 229705 330201 7178 323022 43070 86139 5132467
327.0 22112 117931 7371 14741 51595 66336 22112 361163 7371 272715 228491 29483 88448 7371 316939 862370 103190 7371 125302 943447 7371 29483 14741 191638 316939 7371 235862 339051 7371 331681 44224 88448 5270038
328.0 22705 121092 7568 15136 52978 68114 22705 370844 7568 280025 234616 30273 90819 7568 325435 885485 105955 7568 128660 968735 7568 30273 15136 196774 325435 7568 242184 348139 7568 340571 45409 90819 5411296
329.0 23313 124338 7771 15542 54398 69940 23313 380784 7771 287531 240904 31084 93253 7771 334158 909219 108795 7771 132109 994702 7771 31084 15542 202049 334158 7771 248675 357471 7771 349700 46627 93253 5556340
330.0 23938 127670 7979 15959 55856 71815 23938 390991 7979 295238 247361 31918 95753 7979 343114 933590 111712 7979 135650 1021364 7979 31918 15959 207464 343114 7979 255341 367053 7979 359073 47876 95753 5705273
331.0 24580 131093 8193 16387 57353 73740 24580 401471 8193 303151 253992 32773 98319 8193 352311 958614 114706 8193 139286 1048740 8193 32773 16387 213025 352311 8193 262185 376891 8193 368698 49160 98319 5858197
332.0 25239 134606 8413 16826 58890 75716 25239 412232 8413 311277 260800 33652 100955 8413 361755 984309 117781 8413 143019 1076851 8413 33652 16826 218735 361755 8413 269213 386993 8413 378580 50477 100955 6015220
333.0 25915 138214 8638 17277 60469 77746 25915 423281 8638 319621 267790 34554 103661 8638 371451 1010692 120938 8638 146853 1105715 8638 34554 17277 224598 371451 8638 276429 397366 8638 388728 51830 103661 6176452
334.0 26610 141919 8870 17740 62090 79829 26610 434627 8870 328188 274968 35480 106439 8870 381407 1037783 124179 8870 150789 1135352 8870 35480 17740 230618 381407 8870 283838 408017 8870 399147 53220 106439 6342006
335.0 27323 145723 9108 18215 63754 81969 27323 446277 9108 336984 282338 36431 109292 9108 391631 1065600 127508 9108 154831 1165784 9108 36431 18215 236800 391631 9108 291446 418954 9108 409846 54646 109292 6511997
336.0 28055 149629 9352 18704 65463 84166 28055 458239 9352 346017 289906 37407 112222 9352 402128 1094162 130925 9352 158981 1197032 9352 37407 18704 243147 402128 9352 299258 430183 9352 420832 56111 112222 6686545
337.0 28807 153640 9602 19205 67217 86422 28807 470521 9602 355292 297677 38410 115230 9602 412907 1123490 134435 9602 163242 1229117 9602 38410 19205 249664 412907 9602 307279 441714 9602 432111 57615 115230 6865771
338.0 29580 157758 9860 19720 69019 88739 29580 483133 9860 364815 305656 39439 118318 9860 423974 1153604 138038 9860 167618 1262062 9860 39439 19720 256356 423974 9860 315516 453554 9860 443694 59159 118318 7049802
339.0 30372 161986 10124 20248 70869 91117 30372 496083 10124 374593 313849 40497 121490 10124 435338 1184525 141738 10124 172110 1295891 10124 40497 20248 263228 435338 10124 323973 465711 10124 455587 60745 121490 7238765
340.0 31187 166328 10396 20791 72769 93560 31187 509380 10396 384634 322261 41582 124746 10396 447007 1216275 145537 10396 176724 1330626 10396 41582 20791 270283 447007 10396 332656 478194 10396 467798 62373 124746 7432793
341.0 32022 170786 10674 21348 74719 96067 32022 523034 10674 394944 330899 42697 128090 10674 458989 1248876 149438 10674 181461 1366292 10674 42697 21348 277528 458989 10674 341573 491011 10674 480337 64045 128090 7632021
342.0 32881 175364 10960 21921 76722 98642 32881 537053 10960 405530 339768 43841 131523 10960 471291 1282351 153444 10960 186325 1402914 10960 43841 21921 284967 471291 10960 350729 504172 10960 493212 65762 131523 7836590
343.0 33762 180065 11254 22508 78778 101286 33762 551448 11254 416400 348875 45016 135049 11254 483924 1316723 157557 11254 191319 1440518 11254 45016 22508 292605 483924 11254 360129 517686 11254 506432 67524 135049 8046643
344.0 34667 184891 11556 23111 80890 104001 34667 566229 11556 427561 358227 46223 138668 11556 496895 1352017 161780 11556 196447 1479129 11556 46223 23111 300448 496895 11556 369782 531562 11556 520006 69334 138668 8262325
345.0 35596 189847 11865 23731 83058 106789 35596 581406 11865 439021 367829 47462 142385 11865 510214 1388256 166116 11865 201712 1518776 11865 47462 23731 308501 510214 11865 379694 545810 11865 533945 71193 142385 8483788
346.0 36550 194936 12183 24367 85284 109651 36550 596991 12183 450789 377688 48734 146202 12183 523890 1425467 170569 12183 207119 1559485 12183 48734 24367 316770 523890 12183 389871 560440 12183 548257 73101 146202 8711188
347.0 37530 200161 12510 25020 87570 112590 37530 612992 12510 462872 387811 50040 150121 12510 537932 1463675 175141 12510 212671 1601286 12510 50040 25020 325261 537932 12510 400321 575462 12510 562952 75060 150121 8944683
348.0 38536 205526 12845 25691 89918 115608 38536 629423 12845 475279 398206 51381 154144 12845 552351 1502908 179835 12845 218371 1644207 12845 51381 25691 333980 552351 12845 411052 590887 12845 578041 77072 154144 9184436
349.0 39569 211035 13190 26379 92328 118707 39569 646294 13190 488018 408880 52759 158276 13190 567156 1543192 184655 13190 224224 1688278 13190 52759 26379 342932 567156 13190 422070 606725 13190 593535 79138 158276 9430616
350.0 40630 216691 13543 27086 94802 121889 40630 663617 13543 501099 419839 54173 162519 13543 582358 1584556 189605 13543 230235 1733531 13543 54173 27086 352123 582358 13543 433383 622988 13543 609444 81259 162519 9683395
351.0 41719 222500 13906 27812 97344 125156 41719 681405 13906 514530 431093 55625 166875 13906 597968 1627028 194687 13906 236406 1779996 13906 55625 27812 361562 597968 13906 444999 639686 13906 625780 83437 166875 9942949
352.0 42837 228463 14279 28558 99953 128511 42837 699669 14279 528322 442648 57116 171348 14279 613995 1670639 199906 14279 242742 1827707 14279 57116 28558 371253 613995 14279 456927 656832 14279 642553 85674 171348 10209460
353.0 43985 234587 14662 29323 102632 131955 43985 718423 14662 542483 454513 58647 175940 14662 630453 1715419 205264 14662 249249 1876697 14662 58647 29323 381204 630453 14662 469174 674438 14662 659776 87970 175940 10483114
354.0 45164 240875 15055 30109 105383 135492 45164 737680 15055 557024 466695 60219 180656 15055 647352 1761399 210766 15055 255930 1927000 15055 60219 30109 391422 647352 15055 481750 692516 15055 677461 90328 180656 10764104
355.0 46375 247331 15458 30916 108208 139124 46375 757453 15458 571954 479205 61833 185499 15458 664703 1808611 216415 15458 262790 1978652 15458 61833 30916 401914 664703 15458 494663 711078 15458 695620 92749 185499 11052625
356.0 47618 253961 15873 31745 111108 142853 47618 777755 15873 587285 492049 63490 190471 15873 682520 1857089 222216 15873 269834 2031688 15873 63490 31745 412687 682520 15873 507922 730138 15873 714265 95235 190471 11348880
357.0 48894 260768 16298 32596 114086 146682 48894 798602 16298 603026 505238 65192 195576 16298 700814 1906867 228172 16298 277066 2086145 16298 65192 32596 423748 700814 16298 521536 749708 16298 733410 97788 195576 11653076
358.0 50205 267758 16735 33470 117144 150614 50205 820008 16735 619190 518781 66939 200818 16735 719599 1957979 234288 16735 284493 2142062 16735 66939 33470 435106 719599 16735 535516 769804 16735 753069 100409 200818 11965425
359.0 51550 274935 17183 34367 120284 154651 51550 841988 17183 635787 532686 68734 206201 17183 738887 2010460 240568 17183 292118 2199478 17183 68734 34367 446769 738887 17183 549869 790437 17183 773254 103101 206201 12286147
360.0 52932 282304 17644 35288 123508 158796 52932 864556 17644 652828 546964 70576 211728 17644 758692 2064349 247016 17644 299948 2258433 17644 70576 35288 458744 758692 17644 564608 811624 17644 793980 105864 211728 12615465
361.0 54351 289871 18117 36234 126819 163052 54351 887730 18117 670327 561625 72468 217403 18117 779028 2119682 253637 18117 307988 2318968 18117 72468 36234 471040 779028 18117 579742 833379 18117 815262 108702 217403 12953610
362.0 55808 297641 18603 37205 130218 167423 55808 911525 18603 688294 576679 74410 223231 18603 799909 2176498 260436 18603 316243 2381126 18603 74410 37205 483666 799909 18603 595281 855717 18603 837114 111615 223231 13300819
363.0 57304 305619 19101 38202 133708 171911 57304 935957 19101 706743 592136 76405 229214 19101 821350 2234837 267416 19101 324720 2444949 19101 76405 38202 496630 821350 19101 611237 878654 19101 859553 114607 229214 13657334
364.0 58839 313810 19613 39226 137292 176518 58839 961045 19613 725687 608008 78453 235358 19613 843366 2294739 274584 19613 333424 2510484 19613 78453 39226 509942 843366 19613 627621 902205 19613 882592 117679 235358 14023406
365.0 60417 322222 20139 40278 140972 181250 60417 986804 20139 745138 624305 80555 241666 20139 865971 2356247 281944 20139 342361 2577775 20139 80555 40278 523611 865971 20139 644444 926388 20139 906249 120833 241666 14399289
