Covid-19 Recovered Estimated by PSD Model @ CDS/IISc
Day AN AP AR AS BR CH CT DL GA GJ HR HP JK JH KA KL LA LD MP MH MN OR PY PB RJ SK TN TG TR UP UT WB Total
0.0 0 0 0 0 0 0 0 0 0 0 0 0 0 0 0 0 0 0 0 0 0 0 0 0 0 0 0 0 0 0 0 0 0
1.0 0 0 0 0 0 0 0 1 0 1 1 0 0 0 1 3 0 0 0 3 0 0 0 1 1 0 1 1 0 1 0 0 18
2.0 0 0 0 0 0 0 0 1 0 1 1 0 0 0 1 4 0 0 1 4 0 0 0 1 1 0 1 1 0 1 0 0 22
3.0 0 1 0 0 0 0 0 2 0 1 1 0 0 0 2 4 0 0 1 5 0 0 0 1 2 0 1 2 0 2 0 0 25
4.0 0 1 0 0 0 0 0 2 0 2 1 0 0 0 2 5 1 0 1 5 0 0 0 1 2 0 1 2 0 2 0 0 29
5.0 0 1 0 0 0 0 0 2 0 2 1 0 1 0 2 5 1 0 1 6 0 0 0 1 2 0 2 2 0 2 0 1 34
6.0 0 1 0 0 0 0 0 3 0 2 2 0 1 0 2 6 1 0 1 7 0 0 0 1 2 0 2 2 0 2 0 1 38
7.0 0 1 0 0 0 1 0 3 0 2 2 0 1 0 3 7 1 0 1 8 0 0 0 2 3 0 2 3 0 3 0 1 44
8.0 0 1 0 0 0 1 0 3 0 3 2 0 1 0 3 8 1 0 1 9 0 0 0 2 3 0 2 3 0 3 0 1 50
9.0 0 1 0 0 1 1 0 4 0 3 2 0 1 0 3 9 1 0 1 10 0 0 0 2 3 0 3 4 0 4 0 1 57
10.0 0 1 0 0 1 1 0 4 0 3 3 0 1 0 4 11 1 0 2 12 0 0 0 2 4 0 3 4 0 4 1 1 65
11.0 0 2 0 0 1 1 0 5 0 4 3 0 1 0 4 12 1 0 2 13 0 0 0 3 4 0 3 5 0 5 1 1 73
12.0 0 2 0 0 1 1 0 6 0 4 4 0 1 0 5 14 2 0 2 15 0 0 0 3 5 0 4 5 0 5 1 1 83
13.0 0 2 0 0 1 1 0 6 0 5 4 1 2 0 6 15 2 0 2 17 0 1 0 3 6 0 4 6 0 6 1 2 94
14.0 0 2 0 0 1 1 0 7 0 6 5 1 2 0 6 17 2 0 3 19 0 1 0 4 6 0 5 7 0 7 1 2 107
15.0 1 3 0 0 1 2 1 8 0 6 5 1 2 0 7 20 2 0 3 22 0 1 0 4 7 0 5 8 0 8 1 2 120
16.0 1 3 0 0 1 2 1 9 0 7 6 1 2 0 8 22 3 0 3 24 0 1 0 5 8 0 6 9 0 9 1 2 136
17.0 1 3 0 0 1 2 1 10 0 8 7 1 3 0 9 25 3 0 4 27 0 1 0 6 9 0 7 10 0 10 1 3 152
18.0 1 4 0 0 2 2 1 12 0 9 7 1 3 0 10 28 3 0 4 31 0 1 0 6 10 0 8 11 0 11 1 3 170
19.0 1 4 0 1 2 2 1 13 0 10 8 1 3 0 11 31 4 0 5 34 0 1 1 7 11 0 8 12 0 12 2 3 190
20.0 1 5 0 1 2 3 1 14 0 11 9 1 4 0 13 34 4 0 5 38 0 1 1 8 13 0 9 14 0 13 2 4 210
21.0 1 5 0 1 2 3 1 16 0 12 10 1 4 0 14 38 5 0 6 41 0 1 1 8 14 0 10 15 0 15 2 4 232
22.0 1 6 0 1 2 3 1 17 0 13 11 1 4 0 15 42 5 0 6 45 0 1 1 9 15 0 11 16 0 16 2 4 254
23.0 1 6 0 1 3 3 1 19 0 14 12 2 5 0 17 45 5 0 7 50 0 2 1 10 17 0 12 18 0 17 2 5 278
24.0 1 7 0 1 3 4 1 21 0 16 13 2 5 0 18 50 6 0 7 54 0 2 1 11 18 0 14 19 0 19 3 5 303
25.0 1 7 0 1 3 4 1 23 0 17 14 2 6 0 20 54 6 0 8 59 0 2 1 12 20 0 15 21 0 21 3 6 330
26.0 2 8 1 1 4 5 2 25 1 19 16 2 6 1 22 59 7 1 9 64 1 2 1 13 22 1 16 23 1 23 3 6 359
27.0 2 9 1 1 4 5 2 27 1 20 17 2 7 1 23 64 8 1 9 70 1 2 1 14 23 1 17 25 1 25 3 7 390
28.0 2 9 1 1 4 5 2 29 1 22 18 2 7 1 25 69 8 1 10 76 1 2 1 15 25 1 19 27 1 27 4 7 423
29.0 2 10 1 1 4 6 2 31 1 24 20 3 8 1 28 75 9 1 11 82 1 3 1 17 28 1 20 29 1 29 4 8 458
30.0 2 11 1 1 5 6 2 34 1 26 21 3 8 1 30 81 10 1 12 89 1 3 1 18 30 1 22 32 1 31 4 8 495
31.0 2 12 1 1 5 7 2 37 1 28 23 3 9 1 32 88 10 1 13 96 1 3 1 19 32 1 24 34 1 34 4 9 536
32.0 2 13 1 2 6 7 2 40 1 30 25 3 10 1 35 95 11 1 14 104 1 3 2 21 35 1 26 37 1 36 5 10 579
33.0 3 14 1 2 6 8 3 43 1 32 27 4 11 1 38 102 12 1 15 112 1 4 2 23 38 1 28 40 1 39 5 11 626
34.0 3 15 1 2 7 9 3 46 1 35 29 4 11 1 41 111 13 1 16 121 1 4 2 25 41 1 30 44 1 43 6 11 676
35.0 3 16 1 2 7 9 3 50 1 38 32 4 12 1 44 119 14 1 17 131 1 4 2 27 44 1 33 47 1 46 6 12 730
36.0 3 18 1 2 8 10 3 54 1 41 34 4 13 1 47 129 15 1 19 141 1 4 2 29 47 1 35 51 1 49 7 13 786
37.0 4 19 1 2 8 11 4 58 1 44 37 5 14 1 51 139 17 1 20 152 1 5 2 31 51 1 38 54 1 53 7 14 847
38.0 4 20 1 3 9 11 4 62 1 47 39 5 15 1 55 149 18 1 22 163 1 5 3 33 55 1 41 59 1 57 8 15 910
39.0 4 22 1 3 10 12 4 67 1 51 42 5 16 1 59 160 19 1 23 175 1 5 3 35 59 1 44 63 1 61 8 16 976
40.0 4 23 1 3 10 13 4 72 1 54 45 6 18 1 63 171 20 1 25 187 1 6 3 38 63 1 47 67 1 66 9 18 1045
41.0 5 25 2 3 11 14 5 76 2 58 48 6 19 2 67 183 22 2 27 200 2 6 3 41 67 2 50 72 2 70 9 19 1116
42.0 5 27 2 3 12 15 5 82 2 62 52 7 20 2 72 195 23 2 28 213 2 7 3 43 72 2 53 77 2 75 10 20 1189
43.0 5 28 2 4 12 16 5 87 2 65 55 7 21 2 76 207 25 2 30 226 2 7 4 46 76 2 57 81 2 80 11 21 1265
44.0 6 30 2 4 13 17 6 92 2 69 58 8 23 2 81 220 26 2 32 240 2 8 4 49 81 2 60 86 2 84 11 23 1342
45.0 6 32 2 4 14 18 6 97 2 74 62 8 24 2 85 232 28 2 34 254 2 8 4 52 85 2 64 91 2 89 12 24 1420
46.0 6 34 2 4 15 19 6 103 2 78 65 8 25 2 90 245 29 2 36 269 2 8 4 55 90 2 67 97 2 94 13 25 1500
47.0 7 35 2 4 15 20 7 108 2 82 69 9 27 2 95 259 31 2 38 283 2 9 4 57 95 2 71 102 2 99 13 27 1580
48.0 7 37 2 5 16 21 7 114 2 86 72 9 28 2 100 272 33 2 39 297 2 9 5 60 100 2 74 107 2 105 14 28 1661
49.0 7 39 2 5 17 22 7 119 2 90 76 10 29 2 105 285 34 2 41 312 2 10 5 63 105 2 78 112 2 110 15 29 1742
50.0 8 41 3 5 18 23 8 125 3 94 79 10 31 3 110 298 36 3 43 326 3 10 5 66 110 3 82 117 3 115 15 31 1822
51.0 8 43 3 5 19 24 8 130 3 98 82 11 32 3 114 311 37 3 45 340 3 11 5 69 114 3 85 122 3 120 16 32 1901
52.0 8 44 3 6 19 25 8 135 3 102 85 11 33 3 119 323 39 3 47 353 3 11 6 72 119 3 88 127 3 124 17 33 1972
53.0 9 46 3 6 20 26 9 140 3 105 88 11 34 3 122 333 40 3 48 365 3 11 6 74 122 3 91 131 3 128 17 34 2037
54.0 9 47 3 6 21 26 9 144 3 109 91 12 35 3 126 344 41 3 50 376 3 12 6 76 126 3 94 135 3 132 18 35 2102
55.0 9 49 3 6 21 27 9 149 3 112 94 12 36 3 130 355 42 3 52 388 3 12 6 79 130 3 97 139 3 136 18 36 2168
56.0 9 50 3 6 22 28 9 153 3 116 97 13 38 3 134 366 44 3 53 400 3 13 6 81 134 3 100 144 3 141 19 38 2235
57.0 10 52 3 6 23 29 10 158 3 119 100 13 39 3 138 377 45 3 55 412 3 13 6 84 138 3 103 148 3 145 19 39 2302
58.0 10 53 3 7 23 30 10 162 3 123 103 13 40 3 143 388 46 3 56 424 3 13 7 86 143 3 106 152 3 149 20 40 2370
59.0 10 55 3 7 24 31 10 167 3 126 106 14 41 3 147 399 48 3 58 437 3 14 7 89 147 3 109 157 3 154 20 41 2439
60.0 11 56 4 7 25 32 11 172 4 130 109 14 42 4 151 411 49 4 60 449 4 14 7 91 151 4 112 161 4 158 21 42 2510
61.0 11 58 4 7 25 32 11 177 4 134 112 14 43 4 155 422 51 4 61 462 4 14 7 94 155 4 116 166 4 162 22 43 2581
62.0 11 59 4 7 26 33 11 182 4 137 115 15 45 4 160 434 52 4 63 475 4 15 7 97 160 4 119 171 4 167 22 45 2654
63.0 11 61 4 8 27 34 11 187 4 141 118 15 46 4 164 446 53 4 65 488 4 15 8 99 164 4 122 176 4 172 23 46 2728
64.0 12 63 4 8 27 35 12 192 4 145 122 16 47 4 169 459 55 4 67 502 4 16 8 102 169 4 126 180 4 176 24 47 2804
65.0 12 64 4 8 28 36 12 197 4 149 125 16 48 4 173 472 56 4 69 516 4 16 8 105 173 4 129 185 4 181 24 48 2882
66.0 12 66 4 8 29 37 12 203 4 153 128 17 50 4 178 485 58 4 70 530 4 17 8 108 178 4 133 191 4 186 25 50 2961
67.0 13 68 4 9 30 38 13 208 4 157 132 17 51 4 183 498 60 4 72 545 4 17 9 111 183 4 136 196 4 191 26 51 3042
68.0 13 70 4 9 31 39 13 214 4 162 136 17 52 4 188 511 61 4 74 559 4 17 9 114 188 4 140 201 4 197 26 52 3125
69.0 13 72 4 9 31 40 13 220 4 166 139 18 54 4 193 525 63 4 76 575 4 18 9 117 193 4 144 207 4 202 27 54 3210
70.0 14 74 5 9 32 42 14 226 5 171 143 18 55 5 198 540 65 5 78 590 5 18 9 120 198 5 148 212 5 208 28 55 3297
71.0 14 76 5 9 33 43 14 232 5 175 147 19 57 5 204 554 66 5 81 606 5 19 9 123 204 5 152 218 5 213 28 57 3387
72.0 15 78 5 10 34 44 15 238 5 180 151 19 58 5 209 569 68 5 83 623 5 19 10 126 209 5 156 224 5 219 29 58 3478
73.0 15 80 5 10 35 45 15 245 5 185 155 20 60 5 215 585 70 5 85 639 5 20 10 130 215 5 160 230 5 225 30 60 3572
74.0 15 82 5 10 36 46 15 251 5 190 159 21 62 5 221 600 72 5 87 657 5 21 10 133 221 5 164 236 5 231 31 62 3668
75.0 16 84 5 11 37 47 16 258 5 195 163 21 63 5 227 616 74 5 90 674 5 21 11 137 227 5 169 242 5 237 32 63 3767
76.0 16 87 5 11 38 49 16 265 5 200 168 22 65 5 233 633 76 5 92 693 5 22 11 141 233 5 173 249 5 243 32 65 3868
77.0 17 89 6 11 39 50 17 272 6 206 172 22 67 6 239 650 78 6 94 711 6 22 11 144 239 6 178 256 6 250 33 67 3972
78.0 17 91 6 11 40 51 17 280 6 211 177 23 68 6 245 667 80 6 97 730 6 23 11 148 245 6 183 262 6 257 34 68 4079
79.0 18 94 6 12 41 53 18 287 6 217 182 23 70 6 252 685 82 6 100 750 6 23 12 152 252 6 187 269 6 264 35 70 4189
80.0 18 96 6 12 42 54 18 295 6 223 186 24 72 6 259 704 84 6 102 770 6 24 12 156 259 6 192 277 6 271 36 72 4301
81.0 19 99 6 12 43 56 19 303 6 229 191 25 74 6 266 723 86 6 105 791 6 25 12 161 266 6 198 284 6 278 37 74 4416
82.0 19 101 6 13 44 57 19 311 6 235 197 25 76 6 273 742 89 6 108 812 6 25 13 165 273 6 203 292 6 285 38 76 4535
83.0 20 104 7 13 46 59 20 319 7 241 202 26 78 7 280 762 91 7 111 834 7 26 13 169 280 7 208 300 7 293 39 78 4656
84.0 20 107 7 13 47 60 20 328 7 247 207 27 80 7 288 782 94 7 114 856 7 27 13 174 288 7 214 308 7 301 40 80 4781
85.0 21 110 7 14 48 62 21 336 7 254 213 27 82 7 295 803 96 7 117 879 7 27 14 179 295 7 220 316 7 309 41 82 4909
86.0 21 113 7 14 49 63 21 345 7 261 219 28 85 7 303 825 99 7 120 902 7 28 14 183 303 7 226 324 7 317 42 85 5041
87.0 22 116 7 14 51 65 22 355 7 268 224 29 87 7 311 847 101 7 123 927 7 29 14 188 311 7 232 333 7 326 43 87 5176
88.0 22 119 7 15 52 67 22 364 7 275 230 30 89 7 320 870 104 7 126 951 7 30 15 193 320 7 238 342 7 334 45 89 5314
89.0 23 122 8 15 53 69 23 374 8 282 237 31 92 8 328 893 107 8 130 977 8 31 15 198 328 8 244 351 8 343 46 92 5457
90.0 24 125 8 16 55 71 24 384 8 290 243 31 94 8 337 917 110 8 133 1003 8 31 16 204 337 8 251 360 8 353 47 94 5603
91.0 24 129 8 16 56 72 24 394 8 298 249 32 97 8 346 941 113 8 137 1030 8 32 16 209 346 8 257 370 8 362 48 97 5753
92.0 25 132 8 17 58 74 25 405 8 306 256 33 99 8 355 967 116 8 140 1057 8 33 17 215 355 8 264 380 8 372 50 99 5907
93.0 25 136 8 17 59 76 25 416 8 314 263 34 102 8 365 992 119 8 144 1086 8 34 17 221 365 8 271 390 8 382 51 102 6065
94.0 26 139 9 17 61 78 26 427 9 322 270 35 105 9 375 1019 122 9 148 1115 9 35 17 226 375 9 279 401 9 392 52 105 6227
95.0 27 143 9 18 63 80 27 438 9 331 277 36 107 9 385 1046 125 9 152 1145 9 36 18 233 385 9 286 411 9 402 54 107 6394
96.0 28 147 9 18 64 83 28 450 9 340 285 37 110 9 395 1074 129 9 156 1175 9 37 18 239 395 9 294 422 9 413 55 110 6566
97.0 28 151 9 19 66 85 28 462 9 349 292 38 113 9 405 1103 132 9 160 1207 9 38 19 245 405 9 302 434 9 424 57 113 6741
98.0 29 155 10 19 68 87 29 474 10 358 300 39 116 10 416 1133 136 10 165 1239 10 39 19 252 416 10 310 445 10 436 58 116 6922
99.0 30 159 10 20 70 89 30 487 10 368 308 40 119 10 427 1163 139 10 169 1272 10 40 20 258 427 10 318 457 10 447 60 119 7107
100.0 31 163 10 20 71 92 31 500 10 378 316 41 122 10 439 1194 143 10 174 1306 10 41 20 265 439 10 327 470 10 459 61 122 7298
101.0 31 168 10 21 73 94 31 514 10 388 325 42 126 10 451 1226 147 10 178 1341 10 42 21 272 451 10 335 482 10 472 63 126 7493
102.0 32 172 11 22 75 97 32 527 11 398 334 43 129 11 463 1259 151 11 183 1377 11 43 22 280 463 11 344 495 11 484 65 129 7694
103.0 33 177 11 22 77 99 33 541 11 409 343 44 133 11 475 1293 155 11 188 1414 11 44 22 287 475 11 354 508 11 497 66 133 7900
104.0 34 182 11 23 79 102 34 556 11 420 352 45 136 11 488 1327 159 11 193 1452 11 45 23 295 488 11 363 522 11 511 68 136 8112
105.0 35 186 12 23 82 105 35 571 12 431 361 47 140 12 501 1363 163 12 198 1491 12 47 23 303 501 12 373 536 12 524 70 140 8329
106.0 36 191 12 24 84 108 36 586 12 443 371 48 144 12 514 1399 167 12 203 1531 12 48 24 311 514 12 383 550 12 538 72 144 8552
107.0 37 197 12 25 86 111 37 602 12 454 381 49 147 12 528 1437 172 12 209 1572 12 49 25 319 528 12 393 565 12 553 74 147 8781
108.0 38 202 13 25 88 113 38 618 13 467 391 50 151 13 542 1475 177 13 214 1614 13 50 25 328 542 13 404 580 13 567 76 151 9016
109.0 39 207 13 26 91 117 39 634 13 479 401 52 155 13 557 1515 181 13 220 1657 13 52 26 337 557 13 414 596 13 583 78 155 9258
110.0 40 213 13 27 93 120 40 651 13 492 412 53 160 13 572 1556 186 13 226 1702 13 53 27 346 572 13 425 612 13 598 80 160 9506
111.0 41 218 14 27 96 123 41 669 14 505 423 55 164 14 587 1597 191 14 232 1747 14 55 27 355 587 14 437 628 14 614 82 164 9761
112.0 42 224 14 28 98 126 42 687 14 519 435 56 168 14 603 1640 196 14 238 1794 14 56 28 364 603 14 449 645 14 631 84 168 10022
113.0 43 230 14 29 101 130 43 705 14 533 446 58 173 14 619 1684 201 14 245 1842 14 58 29 374 619 14 461 662 14 648 86 173 10291
114.0 44 236 15 30 103 133 44 724 15 547 458 59 177 15 635 1729 207 15 251 1892 15 59 30 384 635 15 473 680 15 665 89 177 10567
115.0 46 243 15 30 106 137 46 744 15 561 470 61 182 15 653 1775 212 15 258 1942 15 61 30 395 653 15 486 698 15 683 91 182 10850
116.0 47 249 16 31 109 140 47 763 16 577 483 62 187 16 670 1823 218 16 265 1994 16 62 31 405 670 16 499 717 16 701 93 187 11141
117.0 48 256 16 32 112 144 48 784 16 592 496 64 192 16 688 1872 224 16 272 2048 16 64 32 416 688 16 512 736 16 720 96 192 11439
118.0 49 263 16 33 115 148 49 805 16 608 509 66 197 16 706 1922 230 16 279 2103 16 66 33 427 706 16 526 756 16 739 99 197 11746
119.0 51 270 17 34 118 152 51 827 17 624 523 67 202 17 725 1974 236 17 287 2159 17 67 34 439 725 17 540 776 17 759 101 202 12060
120.0 52 277 17 35 121 156 52 849 17 641 537 69 208 17 745 2026 242 17 294 2217 17 69 35 450 745 17 554 797 17 779 104 208 12384
121.0 53 285 18 36 124 160 53 871 18 658 551 71 213 18 765 2081 249 18 302 2276 18 71 36 462 765 18 569 818 18 800 107 213 12715
122.0 55 292 18 37 128 164 55 895 18 676 566 73 219 18 785 2136 256 18 310 2337 18 73 37 475 785 18 584 840 18 822 110 219 13056
123.0 56 300 19 37 131 169 56 919 19 694 581 75 225 19 806 2194 262 19 319 2400 19 75 37 487 806 19 600 862 19 844 112 225 13406
124.0 58 308 19 39 135 173 58 943 19 712 597 77 231 19 828 2253 270 19 327 2464 19 77 39 501 828 19 616 886 19 866 116 231 13765
125.0 59 316 20 40 138 178 59 969 20 731 613 79 237 20 850 2313 277 20 336 2530 20 79 40 514 850 20 633 909 20 890 119 237 14134
126.0 61 325 20 41 142 183 61 995 20 751 629 81 244 20 873 2375 284 20 345 2598 20 81 41 528 873 20 650 934 20 913 122 244 14513
127.0 63 333 21 42 146 188 63 1021 21 771 646 83 250 21 896 2439 292 21 354 2668 21 83 42 542 896 21 667 959 21 938 125 250 14902
128.0 64 342 21 43 150 193 64 1049 21 792 663 86 257 21 920 2504 300 21 364 2739 21 86 43 556 920 21 685 984 21 963 128 257 15301
129.0 66 352 22 44 154 198 66 1077 22 813 681 88 264 22 945 2571 308 22 374 2813 22 88 44 571 945 22 703 1011 22 989 132 264 15711
130.0 68 361 23 45 158 203 68 1106 23 835 699 90 271 23 970 2640 316 23 384 2888 23 90 45 587 970 23 722 1038 23 1015 135 271 16133
131.0 70 371 23 46 162 209 70 1135 23 857 718 93 278 23 996 2711 324 23 394 2965 23 93 46 602 996 23 741 1066 23 1043 139 278 16565
132.0 71 381 24 48 167 214 71 1166 24 880 737 95 285 24 1023 2783 333 24 404 3045 24 95 48 619 1023 24 761 1094 24 1070 143 285 17009
133.0 73 391 24 49 171 220 73 1197 24 904 757 98 293 24 1050 2858 342 24 415 3127 24 98 49 635 1050 24 782 1124 24 1099 147 293 17465
134.0 75 401 25 50 176 226 75 1229 25 928 778 100 301 25 1078 2934 351 25 426 3210 25 100 50 652 1078 25 803 1154 25 1129 150 301 17933
135.0 77 412 26 52 180 232 77 1262 26 953 798 103 309 26 1107 3013 361 26 438 3296 26 103 52 670 1107 26 824 1185 26 1159 155 309 18413
136.0 79 423 26 53 185 238 79 1296 26 978 820 106 317 26 1137 3094 370 26 450 3385 26 106 53 688 1137 26 846 1216 26 1190 159 317 18907
137.0 81 434 27 54 190 244 81 1330 27 1005 842 109 326 27 1168 3177 380 27 462 3475 27 109 54 706 1168 27 869 1249 27 1222 163 326 19414
138.0 84 446 28 56 195 251 84 1366 28 1032 864 112 335 28 1199 3262 390 28 474 3569 28 112 56 725 1199 28 892 1282 28 1255 167 335 19934
139.0 86 458 29 57 200 258 86 1403 29 1059 887 115 344 29 1231 3349 401 29 487 3664 29 115 57 744 1231 29 916 1317 29 1288 172 344 20468
140.0 88 470 29 59 206 265 88 1440 29 1088 911 118 353 29 1264 3439 412 29 500 3762 29 118 59 764 1264 29 941 1352 29 1323 176 353 21017
141.0 91 483 30 60 211 272 91 1479 30 1117 936 121 362 30 1298 3531 423 30 513 3863 30 121 60 785 1298 30 966 1388 30 1358 181 362 21580
142.0 93 496 31 62 217 279 93 1519 31 1147 961 124 372 31 1333 3626 434 31 527 3967 31 124 62 806 1333 31 992 1426 31 1395 186 372 22159
143.0 95 509 32 64 223 286 95 1559 32 1177 986 127 382 32 1368 3723 446 32 541 4073 32 127 64 827 1368 32 1018 1464 32 1432 191 382 22753
144.0 98 523 33 65 229 294 98 1601 33 1209 1013 131 392 33 1405 3823 457 33 555 4182 33 131 65 850 1405 33 1046 1503 33 1470 196 392 23362
145.0 101 537 34 67 235 302 101 1644 34 1241 1040 134 403 34 1443 3925 470 34 570 4294 34 134 67 872 1443 34 1074 1543 34 1510 201 403 23989
146.0 103 551 34 69 241 310 103 1688 34 1275 1068 138 413 34 1481 4031 482 34 586 4410 34 138 69 896 1481 34 1102 1585 34 1550 207 413 24631
147.0 106 566 35 71 248 318 106 1733 35 1309 1097 141 424 35 1521 4139 495 35 601 4528 35 141 71 920 1521 35 1132 1627 35 1592 212 424 25292
148.0 109 581 36 73 254 327 109 1780 36 1344 1126 145 436 36 1562 4250 508 36 617 4649 36 145 73 944 1562 36 1162 1671 36 1634 218 436 25970
149.0 112 597 37 75 261 336 112 1827 37 1380 1156 149 448 37 1604 4363 522 37 634 4774 37 149 75 970 1604 37 1193 1716 37 1678 224 448 26666
150.0 115 613 38 77 268 345 115 1876 38 1417 1187 153 460 38 1647 4480 536 38 651 4902 38 153 77 996 1647 38 1225 1762 38 1723 230 460 27380
151.0 118 629 39 79 275 354 118 1927 39 1455 1219 157 472 39 1691 4601 550 39 668 5033 39 157 79 1022 1691 39 1258 1809 39 1769 236 472 28114
152.0 121 646 40 81 283 363 121 1978 40 1494 1252 161 484 40 1736 4724 565 40 686 5168 40 161 81 1050 1736 40 1292 1857 40 1817 242 484 28868
153.0 124 663 41 83 290 373 124 2031 41 1534 1285 166 497 41 1783 4850 580 41 705 5306 41 166 83 1078 1783 41 1327 1907 41 1866 249 497 29642
154.0 128 681 43 85 298 383 128 2086 43 1575 1320 170 511 43 1830 4980 596 43 724 5449 43 170 85 1107 1830 43 1362 1958 43 1916 255 511 30436
155.0 131 699 44 87 306 393 131 2142 44 1617 1355 175 525 44 1879 5114 612 44 743 5595 44 175 87 1136 1879 44 1399 2011 44 1967 262 525 31252
156.0 135 718 45 90 314 404 135 2199 45 1661 1391 180 539 45 1930 5251 628 45 763 5745 45 180 90 1167 1930 45 1436 2064 45 2020 269 539 32089
157.0 138 737 46 92 323 415 138 2258 46 1705 1429 184 553 46 1982 5392 645 46 783 5899 46 184 92 1198 1982 46 1475 2120 46 2074 277 553 32950
158.0 142 757 47 95 331 426 142 2319 47 1751 1467 189 568 47 2035 5536 662 47 804 6057 47 189 95 1230 2035 47 1514 2177 47 2129 284 568 33833
159.0 146 777 49 97 340 437 146 2381 49 1798 1506 194 583 49 2089 5685 680 49 826 6219 49 194 97 1263 2089 49 1555 2235 49 2186 292 583 34740
160.0 150 798 50 100 349 449 150 2445 50 1846 1547 200 599 50 2145 5837 698 50 848 6386 50 200 100 1297 2145 50 1596 2295 50 2245 299 599 35671
161.0 154 820 51 102 359 461 154 2510 51 1895 1588 205 615 51 2203 5993 717 51 871 6557 51 205 102 1332 2203 51 1639 2356 51 2305 307 615 36627
162.0 158 842 53 105 368 473 158 2577 53 1946 1631 210 631 53 2262 6154 736 53 894 6733 53 210 105 1368 2262 53 1683 2420 53 2367 316 631 37609
163.0 162 864 54 108 378 486 162 2646 54 1998 1674 216 648 54 2322 6319 756 54 918 6913 54 216 108 1404 2322 54 1728 2484 54 2430 324 648 38617
164.0 166 887 55 111 388 499 166 2717 55 2052 1719 222 665 55 2385 6488 776 55 943 7098 55 222 111 1442 2385 55 1775 2551 55 2496 333 665 39652
165.0 171 911 57 114 399 512 171 2790 57 2107 1765 228 683 57 2449 6662 797 57 968 7289 57 228 114 1481 2449 57 1822 2619 57 2562 342 683 40715
166.0 175 936 58 117 409 526 175 2865 58 2163 1813 234 702 58 2514 6841 819 58 994 7484 58 234 117 1520 2514 58 1871 2690 58 2631 351 702 41806
167.0 180 961 60 120 420 540 180 2942 60 2221 1861 240 720 60 2582 7024 841 60 1021 7685 60 240 120 1561 2582 60 1921 2762 60 2702 360 720 42926
168.0 185 986 62 123 432 555 185 3021 62 2281 1911 247 740 62 2651 7213 863 62 1048 7891 62 247 123 1603 2651 62 1973 2836 62 2774 370 740 44077
169.0 190 1013 63 127 443 570 190 3102 63 2342 1962 253 760 63 2722 7406 886 63 1076 8102 63 253 127 1646 2722 63 2026 2912 63 2848 380 760 45258
170.0 195 1040 65 130 455 585 195 3185 65 2405 2015 260 780 65 2795 7604 910 65 1105 8319 65 260 130 1690 2795 65 2080 2990 65 2925 390 780 46471
171.0 200 1068 67 133 467 601 200 3270 67 2469 2069 267 801 67 2870 7808 934 67 1135 8542 67 267 133 1735 2870 67 2136 3070 67 3003 400 801 47717
172.0 206 1096 69 137 480 617 206 3358 69 2535 2124 274 822 69 2947 8018 959 69 1165 8771 69 274 137 1782 2947 69 2193 3152 69 3084 411 822 48996
173.0 211 1126 70 141 493 633 211 3448 70 2603 2181 281 844 70 3026 8232 985 70 1196 9006 70 281 141 1829 3026 70 2252 3237 70 3166 422 844 50309
174.0 217 1156 72 144 506 650 217 3540 72 2673 2240 289 867 72 3107 8453 1011 72 1228 9248 72 289 144 1878 3107 72 2312 3323 72 3251 433 867 51658
175.0 223 1187 74 148 519 668 223 3635 74 2745 2300 297 890 74 3190 8680 1039 74 1261 9496 74 297 148 1929 3190 74 2374 3413 74 3338 445 890 53043
176.0 229 1219 76 152 533 686 229 3733 76 2818 2361 305 914 76 3275 8912 1066 76 1295 9750 76 305 152 1981 3275 76 2438 3504 76 3428 457 914 54464
177.0 235 1251 78 156 548 704 235 3833 78 2894 2425 313 939 78 3363 9151 1095 78 1330 10012 78 313 156 2034 3363 78 2503 3598 78 3520 469 939 55924
178.0 241 1285 80 161 562 723 241 3935 80 2972 2490 321 964 80 3453 9397 1124 80 1365 10280 80 321 161 2088 3453 80 2570 3694 80 3614 482 964 57423
179.0 247 1319 82 165 577 742 247 4041 82 3051 2556 330 990 82 3546 9648 1155 82 1402 10555 82 330 165 2144 3546 82 2639 3793 82 3711 495 990 58962
180.0 254 1355 85 169 593 762 254 4149 85 3133 2625 339 1016 85 3641 9907 1185 85 1439 10838 85 339 169 2202 3641 85 2710 3895 85 3810 508 1016 60543
181.0 261 1391 87 174 609 783 261 4260 87 3217 2695 348 1043 87 3739 10173 1217 87 1478 11129 87 348 174 2261 3739 87 2782 3999 87 3913 522 1043 62165
182.0 268 1428 89 179 625 803 268 4374 89 3303 2768 357 1071 89 3839 10445 1250 89 1518 11427 89 357 179 2321 3839 89 2857 4107 89 4017 536 1071 63832
183.0 275 1467 92 183 642 825 275 4492 92 3392 2842 367 1100 92 3942 10725 1283 92 1558 11734 92 367 183 2383 3942 92 2933 4217 92 4125 550 1100 65543
184.0 282 1506 94 188 659 847 282 4612 94 3483 2918 377 1130 94 4047 11013 1318 94 1600 12048 94 377 188 2447 4047 94 3012 4330 94 4236 565 1130 67299
185.0 290 1546 97 193 677 870 290 4736 97 3576 2996 387 1160 97 4156 11308 1353 97 1643 12371 97 387 193 2513 4156 97 3093 4446 97 4349 580 1160 69103
186.0 298 1588 99 198 695 893 298 4863 99 3672 3076 397 1191 99 4267 11611 1389 99 1687 12703 99 397 198 2580 4267 99 3176 4565 99 4466 595 1191 70956
187.0 306 1630 102 204 713 917 306 4993 102 3770 3159 408 1223 102 4382 11922 1427 102 1732 13043 102 408 204 2649 4382 102 3261 4687 102 4585 611 1223 72858
188.0 314 1674 105 209 732 942 314 5127 105 3871 3244 419 1256 105 4499 12242 1465 105 1779 13393 105 419 209 2720 4499 105 3348 4813 105 4708 628 1256 74810
189.0 322 1719 107 215 752 967 322 5264 107 3975 3330 430 1289 107 4620 12570 1504 107 1826 13752 107 430 215 2793 4620 107 3438 4942 107 4835 645 1289 76816
190.0 331 1765 110 221 772 993 331 5405 110 4082 3420 441 1324 110 4744 12907 1544 110 1875 14120 110 441 221 2868 4744 110 3530 5074 110 4964 662 1324 78875
191.0 340 1812 113 227 793 1019 340 5550 113 4191 3511 453 1359 113 4871 13253 1586 113 1926 14499 113 453 227 2945 4871 113 3625 5210 113 5097 680 1359 80989
192.0 349 1861 116 233 814 1047 349 5699 116 4303 3606 465 1396 116 5001 13608 1628 116 1977 14887 116 465 233 3024 5001 116 3722 5350 116 5234 698 1396 83160
193.0 358 1911 119 239 836 1075 358 5852 119 4419 3702 478 1433 119 5135 13973 1672 119 2030 15286 119 478 239 3105 5135 119 3822 5494 119 5374 717 1433 85389
194.0 368 1962 123 245 858 1104 368 6009 123 4537 3801 491 1472 123 5273 14347 1717 123 2085 15696 123 491 245 3188 5273 123 3924 5641 123 5518 736 1472 87677
195.0 378 2015 126 252 881 1133 378 6170 126 4659 3903 504 1511 126 5414 14732 1763 126 2141 16117 126 504 252 3274 5414 126 4029 5792 126 5666 755 1511 90027
196.0 388 2069 129 259 905 1164 388 6335 129 4784 4008 517 1551 129 5559 15127 1810 129 2198 16549 129 517 259 3361 5559 129 4137 5947 129 5818 776 1551 92440
197.0 398 2124 133 266 929 1195 398 6505 133 4912 4115 531 1593 133 5708 15532 1859 133 2257 16992 133 531 266 3452 5708 133 4248 6107 133 5974 797 1593 94918
198.0 409 2181 136 273 954 1227 409 6679 136 5044 4226 545 1636 136 5861 15948 1908 136 2317 17448 136 545 273 3544 5861 136 4362 6270 136 6134 818 1636 97462
199.0 420 2239 140 280 980 1260 420 6858 140 5179 4339 560 1680 140 6018 16376 1960 140 2379 17915 140 560 280 3639 6018 140 4479 6438 140 6298 840 1680 100075
200.0 431 2299 144 287 1006 1293 431 7042 144 5318 4455 575 1725 144 6180 16815 2012 144 2443 18396 144 575 287 3737 6180 144 4599 6611 144 6467 862 1725 102757
201.0 443 2361 148 295 1033 1328 443 7231 148 5460 4575 590 1771 148 6345 17266 2066 148 2509 18889 148 590 295 3837 6345 148 4722 6788 148 6641 885 1771 105512
202.0 455 2424 152 303 1061 1364 455 7425 152 5606 4697 606 1818 152 6516 17728 2121 152 2576 19395 152 606 303 3940 6516 152 4849 6970 152 6819 909 1818 108340
203.0 467 2489 156 311 1089 1400 467 7624 156 5757 4823 622 1867 156 6690 18203 2178 156 2645 19915 156 622 311 4045 6690 156 4979 7157 156 7001 934 1867 111244
204.0 479 2556 160 320 1118 1438 479 7828 160 5911 4952 639 1917 160 6869 18691 2237 160 2716 20449 160 639 320 4154 6869 160 5112 7349 160 7189 959 1917 114225
205.0 492 2625 164 328 1148 1476 492 8038 164 6069 5085 656 1968 164 7054 19192 2297 164 2789 20997 164 656 328 4265 7054 164 5249 7546 164 7382 984 1968 117287
206.0 505 2695 168 337 1179 1516 505 8253 168 6232 5221 674 2021 168 7243 19707 2358 168 2863 21560 168 674 337 4379 7243 168 5390 7748 168 7580 1011 2021 120431
207.0 519 2767 173 346 1211 1557 519 8475 173 6399 5361 692 2075 173 7437 20235 2421 173 2940 22138 173 692 346 4497 7437 173 5534 7956 173 7783 1038 2075 123659
208.0 533 2841 178 355 1243 1598 533 8702 178 6571 5505 710 2131 178 7636 20777 2486 178 3019 22731 178 710 355 4617 7636 178 5683 8169 178 7991 1066 2131 126973
209.0 547 2918 182 365 1276 1641 547 8935 182 6747 5653 729 2188 182 7841 21334 2553 182 3100 23340 182 729 365 4741 7841 182 5835 8388 182 8206 1094 2188 130377
210.0 562 2996 187 374 1311 1685 562 9174 187 6928 5804 749 2247 187 8051 21906 2621 187 3183 23966 187 749 374 4868 8051 187 5991 8613 187 8425 1123 2247 133871
211.0 577 3076 192 385 1346 1730 577 9420 192 7113 5960 769 2307 192 8267 22493 2692 192 3268 24608 192 769 385 4999 8267 192 6152 8844 192 8651 1154 2307 137460
212.0 592 3158 197 395 1382 1777 592 9673 197 7304 6120 790 2369 197 8488 23096 2764 197 3356 25268 197 790 395 5133 8488 197 6317 9081 197 8883 1184 2369 141144
213.0 608 3243 203 405 1419 1824 608 9932 203 7500 6284 811 2432 203 8716 23715 2838 203 3446 25945 203 811 405 5270 8716 203 6486 9324 203 9121 1216 2432 144927
214.0 624 3330 208 416 1457 1873 624 10198 208 7701 6452 833 2498 208 8950 24351 2914 208 3538 26640 208 833 416 5411 8950 208 6660 9574 208 9366 1249 2498 148812
215.0 641 3419 214 427 1496 1923 641 10472 214 7907 6625 855 2564 214 9189 25004 2992 214 3633 27355 214 855 427 5556 9189 214 6839 9831 214 9617 1282 2564 152801
216.0 658 3511 219 439 1536 1975 658 10752 219 8119 6803 878 2633 219 9436 25674 3072 219 3730 28088 219 878 439 5705 9436 219 7022 10094 219 9875 1317 2633 156896
217.0 676 3605 225 451 1577 2028 676 11041 225 8337 6985 901 2704 225 9689 26362 3154 225 3830 28841 225 901 451 5858 9689 225 7210 10365 225 10139 1352 2704 161102
218.0 694 3702 231 463 1619 2082 694 11336 231 8560 7172 925 2776 231 9948 27069 3239 231 3933 29614 231 925 463 6015 9948 231 7403 10642 231 10411 1388 2776 165420
219.0 713 3801 238 475 1663 2138 713 11640 238 8790 7364 950 2851 238 10215 27794 3326 238 4038 30407 238 950 475 6177 10215 238 7602 10928 238 10690 1425 2851 169854
220.0 732 3903 244 488 1707 2195 732 11952 244 9025 7562 976 2927 244 10489 28539 3415 244 4147 31222 244 976 488 6342 10489 244 7806 11221 244 10977 1464 2927 174407
221.0 751 4007 250 501 1753 2254 751 12273 250 9267 7764 1002 3006 250 10770 29304 3506 250 4258 32059 250 1002 501 6512 10770 250 8015 11521 250 11271 1503 3006 179082
222.0 772 4115 257 514 1800 2315 772 12602 257 9516 7972 1029 3086 257 11059 30090 3600 257 4372 32919 257 1029 514 6687 11059 257 8230 11830 257 11573 1543 3086 183882
223.0 792 4225 264 528 1848 2377 792 12939 264 9771 8186 1056 3169 264 11355 30896 3697 264 4489 33801 264 1056 528 6866 11355 264 8450 12147 264 11883 1584 3169 188810
224.0 813 4338 271 542 1898 2440 813 13286 271 10033 8406 1085 3254 271 11659 31724 3796 271 4610 34707 271 1085 542 7050 11659 271 8677 12473 271 12202 1627 3254 193871
225.0 835 4455 278 557 1949 2506 835 13642 278 10301 8631 1114 3341 278 11972 32575 3898 278 4733 35637 278 1114 557 7239 11972 278 8909 12807 278 12529 1670 3341 199068
226.0 858 4574 286 572 2001 2573 858 14008 286 10578 8862 1144 3431 286 12293 33448 4002 286 4860 36593 286 1144 572 7433 12293 286 9148 13150 286 12865 1715 3431 204404
227.0 881 4697 294 587 2055 2642 881 14384 294 10861 9100 1174 3523 294 12622 34344 4110 294 4990 37573 294 1174 587 7632 12622 294 9393 13503 294 13209 1761 3523 209883
228.0 904 4823 301 603 2110 2713 904 14769 301 11152 9344 1206 3617 301 12961 35265 4220 301 5124 38581 301 1206 603 7837 12961 301 9645 13865 301 13563 1808 3617 215508
229.0 928 4952 309 619 2166 2785 928 15165 309 11451 9594 1238 3714 309 13308 36210 4333 309 5261 39615 309 1238 619 8047 13308 309 9904 14237 309 13927 1857 3714 221285
230.0 953 5085 318 636 2224 2860 953 15571 318 11758 9851 1271 3813 318 13665 37181 4449 318 5402 40676 318 1271 636 8262 13665 318 10169 14618 318 14300 1907 3813 227216
231.0 979 5221 326 653 2284 2937 979 15989 326 12073 10115 1305 3916 326 14031 38177 4568 326 5547 41767 326 1305 653 8484 14031 326 10442 15010 326 14684 1958 3916 233306
232.0 1005 5361 335 670 2345 3015 1005 16417 335 12397 10387 1340 4021 335 14407 39201 4691 335 5696 42886 335 1340 670 8711 14407 335 10722 15412 335 15077 2010 4021 239560
233.0 1032 5504 344 688 2408 3096 1032 16857 344 12729 10665 1376 4128 344 14793 40251 4816 344 5849 44036 344 1376 688 8945 14793 344 11009 15825 344 15481 2064 4128 245981
234.0 1060 5652 353 707 2473 3179 1060 17309 353 13070 10951 1413 4239 353 15190 41330 4946 353 6005 45216 353 1413 707 9185 15190 353 11304 16250 353 15896 2120 4239 252574
235.0 1088 5804 363 725 2539 3264 1088 17773 363 13421 11244 1451 4353 363 15597 42438 5078 363 6166 46428 363 1451 725 9431 15597 363 11607 16685 363 16322 2176 4353 259344
236.0 1117 5959 372 745 2607 3352 1117 18250 372 13780 11546 1490 4469 372 16015 43576 5214 372 6332 47673 372 1490 745 9683 16015 372 11918 17132 372 16760 2235 4469 266296
237.0 1147 6119 382 765 2677 3442 1147 18739 382 14150 11855 1530 4589 382 16444 44744 5354 382 6501 48950 382 1530 765 9943 16444 382 12238 17592 382 17209 2295 4589 273434
238.0 1178 6283 393 785 2749 3534 1178 19241 393 14529 12173 1571 4712 393 16885 45943 5497 393 6675 50262 393 1571 785 10210 16885 393 12566 18063 393 17670 2356 4712 280763
239.0 1210 6451 403 806 2822 3629 1210 19757 403 14918 12499 1613 4838 403 17338 47174 5645 403 6854 51610 403 1613 806 10483 17338 403 12902 18547 403 18144 2419 4838 288288
240.0 1242 6624 414 828 2898 3726 1242 20286 414 15318 12834 1656 4968 414 17802 48439 5796 414 7038 52993 414 1656 828 10764 17802 414 13248 19044 414 18630 2484 4968 296016
241.0 1275 6802 425 850 2976 3826 1275 20830 425 15729 13178 1700 5101 425 18280 49737 5951 425 7227 54413 425 1700 850 11053 18280 425 13603 19555 425 19130 2551 5101 303950
242.0 1309 6984 436 873 3055 3928 1309 21388 436 16150 13531 1746 5238 436 18769 51070 6111 436 7420 55872 436 1746 873 11349 18769 436 13968 20079 436 19642 2619 5238 312097
243.0 1345 7171 448 896 3137 4034 1345 21962 448 16583 13894 1793 5378 448 19273 52439 6275 448 7619 57370 448 1793 896 11653 19273 448 14342 20617 448 20169 2689 5378 320463
244.0 1381 7363 460 920 3221 4142 1381 22550 460 17028 14267 1841 5523 460 19789 53845 6443 460 7824 58907 460 1841 920 11966 19789 460 14727 21170 460 20710 2761 5523 329052
245.0 1418 7561 473 945 3308 4253 1418 23155 473 17484 14649 1890 5671 473 20320 55288 6616 473 8033 60486 473 1890 945 12286 20320 473 15122 21737 473 21265 2835 5671 337872
246.0 1456 7763 485 970 3397 4367 1456 23776 485 17953 15042 1941 5823 485 20864 56770 6793 485 8249 62107 485 1941 970 12616 20864 485 15527 22320 485 21835 2911 5823 346929
247.0 1495 7972 498 996 3488 4484 1495 24413 498 18434 15445 1993 5979 498 21423 58292 6975 498 8470 63772 498 1993 996 12954 21423 498 15943 22918 498 22420 2989 5979 356228
248.0 1535 8185 512 1023 3581 4604 1535 25067 512 18928 15859 2046 6139 512 21998 59854 7162 512 8697 65482 512 2046 1023 13301 21998 512 16370 23532 512 23021 3069 6139 365776
249.0 1576 8405 525 1051 3677 4728 1576 25739 525 19436 16284 2101 6303 525 22587 61459 7354 525 8930 67237 525 2101 1051 13657 22587 525 16809 24163 525 23638 3152 6303 375580
250.0 1618 8630 539 1079 3776 4854 1618 26429 539 19957 16720 2157 6472 539 23193 63106 7551 539 9169 69039 539 2157 1079 14024 23193 539 17260 24811 539 24272 3236 6472 385647
251.0 1661 8861 554 1108 3877 4984 1661 27137 554 20491 17169 2215 6646 554 23814 64797 7754 554 9415 70889 554 2215 1108 14399 23814 554 17722 25476 554 24922 3323 6646 395984
252.0 1706 9099 569 1137 3981 5118 1706 27865 569 21041 17629 2275 6824 569 24453 66534 7961 569 9667 72790 569 2275 1137 14785 24453 569 18197 26159 569 25590 3412 6824 406598
253.0 1752 9343 584 1168 4087 5255 1752 28612 584 21605 18101 2336 7007 584 25108 68318 8175 584 9926 74741 584 2336 1168 15182 25108 584 18685 26860 584 26276 3503 7007 417497
254.0 1799 9593 600 1199 4197 5396 1799 29379 600 22184 18586 2398 7195 600 25781 70149 8394 600 10193 76744 600 2398 1199 15589 25781 600 19186 27580 600 26980 3597 7195 428687
255.0 1847 9850 616 1231 4309 5541 1847 30166 616 22778 19085 2463 7388 616 26472 72029 8619 616 10466 78801 616 2463 1231 16006 26472 616 19700 28319 616 27703 3694 7388 440178
256.0 1896 10114 632 1264 4425 5689 1896 30975 632 23389 19596 2529 7586 632 27182 73960 8850 632 10746 80913 632 2529 1264 16436 27182 632 20228 29078 632 28446 3793 7586 451976
257.0 1947 10385 649 1298 4544 5842 1947 31805 649 24016 20121 2596 7789 649 27910 75942 9087 649 11034 83082 649 2596 1298 16876 27910 649 20771 29858 649 29209 3894 7789 464091
258.0 1999 10664 666 1333 4665 5998 1999 32657 666 24660 20661 2666 7998 666 28658 77978 9331 666 11330 85309 666 2666 1333 17328 28658 666 21327 30658 666 29991 3999 7998 476531
259.0 2053 10949 684 1369 4790 6159 2053 33533 684 25321 21215 2737 8212 684 29427 80068 9581 684 11634 87596 684 2737 1369 17793 29427 684 21899 31480 684 30795 4106 8212 489303
260.0 2108 11243 703 1405 4919 6324 2108 34431 703 25999 21783 2811 8432 703 30215 82214 9838 703 11946 89944 703 2811 1405 18270 30215 703 22486 32323 703 31621 4216 8432 502419
261.0 2165 11544 722 1443 5051 6494 2165 35354 722 26696 22367 2886 8658 722 31025 84418 10101 722 12266 92354 722 2886 1443 18759 31025 722 23089 33190 722 32468 4329 8658 515886
262.0 2223 11854 741 1482 5186 6668 2223 36302 741 27412 22967 2963 8890 741 31857 86680 10372 741 12595 94830 741 2963 1482 19262 31857 741 23707 34079 741 33339 4445 8890 529713
263.0 2282 12171 761 1521 5325 6846 2282 37275 761 28146 23582 3043 9129 761 32711 89004 10650 761 12932 97372 761 3043 1521 19779 32711 761 24343 34993 761 34232 4564 9129 543912
264.0 2343 12498 781 1562 5468 7030 2343 38274 781 28901 24214 3124 9373 781 33588 91389 10935 781 13279 99982 781 3124 1562 20309 33588 781 24995 35931 781 35150 4687 9373 558491
265.0 2406 12833 802 1604 5614 7218 2406 39300 802 29676 24863 3208 9625 802 34488 93839 11229 802 13635 102662 802 3208 1604 20853 34488 802 25665 36894 802 36092 4812 9625 573461
266.0 2471 13177 824 1647 5765 7412 2471 40354 824 30471 25530 3294 9882 824 35412 96354 11530 824 14000 105413 824 3294 1647 21412 35412 824 26353 37883 824 37059 4941 9882 588832
267.0 2537 13530 846 1691 5919 7611 2537 41435 846 31288 26214 3382 10147 846 36361 98937 11839 846 14375 108239 846 3382 1691 21986 36361 846 27060 38898 846 38053 5074 10147 604615
268.0 2605 13892 868 1737 6078 7815 2605 42546 868 32126 26917 3473 10419 868 37336 101589 12156 868 14761 111140 868 3473 1737 22575 37336 868 27785 39941 868 39073 5210 10419 620821
269.0 2675 14265 892 1783 6241 8024 2675 43686 892 32988 27638 3566 10699 892 38337 104312 12482 892 15156 114119 892 3566 1783 23180 38337 892 28530 41012 892 40120 5349 10699 637461
270.0 2746 14647 915 1831 6408 8239 2746 44857 915 33872 28379 3662 10985 915 39364 107108 12816 915 15563 117178 915 3662 1831 23802 39364 915 29294 42111 915 41195 5493 10985 654548
271.0 2820 15040 940 1880 6580 8460 2820 46059 940 34780 29140 3760 11280 940 40420 109979 13160 940 15980 120319 940 3760 1880 24440 40420 940 30080 43240 940 42300 5640 11280 672093
272.0 2896 15443 965 1930 6756 8687 2896 47294 965 35712 29921 3861 11582 965 41503 112927 13513 965 16408 123544 965 3861 1930 25095 41503 965 30886 44399 965 43433 5791 11582 690107
273.0 2973 15857 991 1982 6937 8920 2973 48562 991 36669 30723 3964 11893 991 42615 115954 13875 991 16848 126855 991 3964 1982 25767 42615 991 31714 45589 991 44598 5946 11893 708605
274.0 3053 16282 1018 2035 7123 9159 3053 49863 1018 37652 31546 4070 12211 1018 43758 119062 14247 1018 17300 130255 1018 4070 2035 26458 43758 1018 32564 46811 1018 45793 6106 12211 727598
275.0 3135 16718 1045 2090 7314 9404 3135 51200 1045 38661 32392 4180 12539 1045 44931 122253 14629 1045 17763 133747 1045 4180 2090 27167 44931 1045 33437 48065 1045 47020 6269 12539 747101
276.0 3219 17166 1073 2146 7510 9656 3219 52572 1073 39697 33260 4292 12875 1073 46135 125530 15021 1073 18239 137332 1073 4292 2146 27896 46135 1073 34333 49354 1073 48281 6437 12875 767126
277.0 3305 17627 1102 2203 7712 9915 3305 53981 1102 40761 34152 4407 13220 1102 47371 128894 15423 1102 18728 141013 1102 4407 2203 28643 47371 1102 35253 50676 1102 49575 6610 13220 787688
278.0 3394 18099 1131 2262 7918 10181 3394 55428 1131 41854 35067 4525 13574 1131 48641 132349 15837 1131 19230 144792 1131 4525 2262 29411 48641 1131 36198 52035 1131 50904 6787 13574 808802
279.0 3485 18584 1162 2323 8131 10454 3485 56914 1162 42976 36007 4646 13938 1162 49945 135897 16261 1162 19746 148673 1162 4646 2323 30199 49945 1162 37168 53430 1162 52268 6969 13938 830481
280.0 3578 19082 1193 2385 8349 10734 3578 58440 1193 44128 36972 4771 14312 1193 51284 139539 16697 1193 20275 152659 1193 4771 2385 31009 51284 1193 38165 54862 1193 53669 7156 14312 852741
281.0 3674 19594 1225 2449 8572 11022 3674 60006 1225 45311 37963 4898 14695 1225 52658 143280 17145 1225 20818 156750 1225 4898 2449 31840 52658 1225 39188 56332 1225 55108 7348 14695 875598
282.0 3772 20119 1257 2515 8802 11317 3772 61614 1257 46525 38981 5030 15089 1257 54070 147120 17604 1257 21376 160952 1257 5030 2515 32693 54070 1257 40238 57842 1257 56585 7545 15089 899067
283.0 3873 20658 1291 2582 9038 11620 3873 63266 1291 47772 40025 5165 15494 1291 55519 151064 18076 1291 21949 165266 1291 5165 2582 33570 55519 1291 41317 59392 1291 58101 7747 15494 923166
284.0 3977 21212 1326 2651 9280 11932 3977 64962 1326 49053 41098 5303 15909 1326 57007 155113 18560 1326 22538 169696 1326 5303 2651 34469 57007 1326 42424 60984 1326 59659 7954 15909 947911
285.0 4084 21781 1361 2723 9529 12252 4084 66703 1361 50368 42200 5445 16335 1361 58535 159270 19058 1361 23142 174244 1361 5445 2723 35393 58535 1361 43561 62619 1361 61258 8168 16335 973318
286.0 4193 22364 1398 2796 9784 12580 4193 68491 1398 51718 43331 5591 16773 1398 60104 163539 19569 1398 23762 178915 1398 5591 2796 36342 60104 1398 44729 64298 1398 62900 8387 16773 999407
287.0 4306 22964 1435 2870 10047 12917 4306 70327 1435 53104 44492 5741 17223 1435 61715 167923 20093 1435 24399 183710 1435 5741 2870 37316 61715 1435 45928 66021 1435 64586 8611 17223 1026195
288.0 4421 23579 1474 2947 10316 13263 4421 72212 1474 54527 45685 5895 17685 1474 63369 172424 20632 1474 25053 188635 1474 5895 2947 38316 63369 1474 47159 67791 1474 66317 8842 17685 1053702
289.0 4540 24211 1513 3026 10592 13619 4540 74147 1513 55989 46910 6053 18159 1513 65068 177046 21185 1513 25725 193691 1513 6053 3026 39343 65068 1513 48423 69608 1513 68094 9079 18159 1081945
290.0 4661 24860 1554 3108 10876 13984 4661 76135 1554 57489 48167 6215 18645 1554 66812 181791 21753 1554 26414 198883 1554 6215 3108 40398 66812 1554 49721 71473 1554 69920 9323 18645 1110945
291.0 4786 25527 1595 3191 11168 14359 4786 78175 1595 59030 49458 6382 19145 1595 68603 186664 22336 1595 27122 204213 1595 6382 3191 41481 68603 1595 51053 73389 1595 71794 9573 19145 1140723
292.0 4915 26211 1638 3276 11467 14744 4915 80271 1638 60613 50784 6553 19658 1638 70442 191667 22935 1638 27849 209687 1638 6553 3276 42593 70442 1638 52422 75356 1638 73718 9829 19658 1171299
293.0 5046 26913 1682 3364 11775 15139 5046 82422 1682 62237 52145 6728 20185 1682 72330 196805 23549 1682 28596 215308 1682 6728 3364 43734 72330 1682 53827 77376 1682 75694 10093 20185 1202695
294.0 5182 27635 1727 3454 12090 15545 5182 84632 1727 63906 53542 6909 20726 1727 74269 202080 24180 1727 29362 221079 1727 6909 3454 44907 74269 1727 55270 79450 1727 77723 10363 20726 1234932
295.0 5320 28376 1773 3547 12414 15961 5320 86900 1773 65618 54978 7094 21282 1773 76259 207496 24829 1773 30149 227004 1773 7094 3547 46110 76259 1773 56751 81580 1773 79806 10641 21282 1268033
296.0 5463 29136 1821 3642 12747 16389 5463 89229 1821 67377 56451 7284 21852 1821 78303 213058 25494 1821 30957 233089 1821 7284 3642 47346 78303 1821 58272 83766 1821 81945 10926 21852 1302021
297.0 5609 29917 1870 3740 13089 16828 5609 91621 1870 69183 57964 7479 22438 1870 80402 218769 26177 1870 31787 239337 1870 7479 3740 48615 80402 1870 59834 86012 1870 84142 11219 22438 1336921
298.0 5760 30719 1920 3840 13440 17279 5760 94077 1920 71038 59518 7680 23039 1920 82557 224633 26879 1920 32639 245752 1920 7680 3840 49918 82557 1920 61438 88317 1920 86397 11520 23039 1372756
299.0 5914 31542 1971 3943 13800 17743 5914 96599 1971 72942 61113 7886 23657 1971 84770 230654 27600 1971 33514 252339 1971 7886 3943 51256 84770 1971 63085 90684 1971 88713 11828 23657 1409551
300.0 6073 32388 2024 4048 14170 18218 6073 99188 2024 74897 62751 8097 24291 2024 87042 236836 28339 2024 34412 259103 2024 8097 4048 52630 87042 2024 64776 93115 2024 91091 12145 24291 1447333
301.0 6235 33256 2078 4157 14549 18706 6235 101846 2078 76904 64433 8314 24942 2078 89375 243184 29099 2078 35334 266048 2078 8314 4157 54041 89375 2078 66512 95611 2078 93532 12471 24942 1486127
302.0 6403 34147 2134 4268 14939 19208 6403 104576 2134 78966 66161 8537 25611 2134 91771 249703 29879 2134 36282 273179 2134 8537 4268 55489 91771 2134 68295 98174 2134 96040 12805 25611 1525961
303.0 6574 35063 2191 4383 15340 19723 6574 107379 2191 81082 67934 8766 26297 2191 94231 256396 30680 2191 37254 280501 2191 8766 4383 56977 94231 2191 70125 100805 2191 98614 13149 26297 1566863
304.0 6750 36002 2250 4500 15751 20251 6750 110258 2250 83256 69755 9001 27002 2250 96757 263268 31502 2250 38253 288020 2250 9001 4500 58504 96757 2250 72005 103507 2250 101257 13501 27002 1608861
305.0 6931 36968 2310 4621 16173 20794 6931 113213 2310 85487 71625 9242 27726 2310 99350 270325 32347 2310 39278 295740 2310 9242 4621 60072 99350 2310 73935 106282 2310 103971 13863 27726 1651985
306.0 7117 37958 2372 4745 16607 21352 7117 116248 2372 87779 73544 9490 28469 2372 102013 277571 33214 2372 40331 303667 2372 9490 4745 61682 102013 2372 75917 109130 2372 106758 14234 28469 1696265
307.0 7308 38976 2436 4872 17052 21924 7308 119363 2436 90132 75516 9744 29232 2436 104748 285011 34104 2436 41412 311807 2436 9744 4872 63336 104748 2436 77952 112055 2436 109619 14616 29232 1741732
308.0 7504 40021 2501 5003 17509 22512 7504 122563 2501 92547 77540 10005 30015 2501 107555 292650 35018 2501 42522 320164 2501 10005 5003 65033 107555 2501 80041 115059 2501 112558 15008 30015 1788417
309.0 7705 41093 2568 5137 17978 23115 7705 125848 2568 95028 79618 10273 30820 2568 110438 300494 35957 2568 43662 328746 2568 10273 5137 66777 110438 2568 82186 118143 2568 115575 15410 30820 1836354
310.0 7912 42195 2637 5274 18460 23735 7912 129221 2637 97575 81752 10549 31646 2637 113398 308549 36920 2637 44832 337558 2637 10549 5274 68566 113398 2637 84389 121310 2637 118673 15823 31646 1885576
311.0 8124 43326 2708 5416 18955 24371 8124 132685 2708 100191 83944 10831 32494 2708 116438 316819 37910 2708 46034 346605 2708 10831 5416 70404 116438 2708 86651 124561 2708 121853 16247 32494 1936117
312.0 8341 44487 2780 5561 19463 25024 8341 136241 2780 102876 86194 11122 33365 2780 119559 325311 38926 2780 47267 355896 2780 11122 5561 72291 119559 2780 88974 127900 2780 125120 16683 33365 1988012
313.0 8565 45679 2855 5710 19985 25695 8565 139893 2855 105634 88504 11420 34260 2855 122763 334031 39969 2855 48534 365435 2855 11420 5710 74229 122763 2855 91359 131328 2855 128473 17130 34260 2041299
314.0 8794 46904 2931 5863 20520 26383 8794 143643 2931 108465 90876 11726 35178 2931 126054 342984 41041 2931 49835 375230 2931 11726 5863 76219 126054 2931 93808 134848 2931 131917 17589 35178 2096014
315.0 9030 48161 3010 6020 21070 27091 9030 147493 3010 111372 93312 12040 36121 3010 129433 352177 42141 3010 51171 385288 3010 12040 6020 78262 129433 3010 96322 138463 3010 135453 18060 36121 2152196
316.0 9272 49452 3091 6181 21635 27817 9272 151447 3091 114358 95813 12363 37089 3091 132902 361617 43270 3091 52543 395615 3091 12363 6181 80359 132902 3091 98904 142174 3091 139084 18544 37089 2209883
317.0 9521 50777 3174 6347 22215 28562 9521 155506 3174 117423 98381 12694 38083 3174 136464 371310 44430 3174 53951 406220 3174 12694 6347 82513 136464 3174 101555 145985 3174 142812 19042 38083 2269117
318.0 9776 52138 3259 6517 22811 29328 9776 159674 3259 120570 101018 13035 39104 3259 140122 381263 45621 3259 55397 417108 3259 13035 6517 84725 140122 3259 104277 149898 3259 146639 19552 39104 2329938
319.0 10038 53536 3346 6692 23422 30114 10038 163954 3346 123802 103726 13384 40152 3346 143878 391482 46844 3346 56882 428288 3346 13384 6692 86996 143878 3346 107072 153916 3346 150570 20076 40152 2392390
320.0 10307 54971 3436 6871 24050 30921 10307 168349 3436 127120 106506 13743 41228 3436 147735 401975 48100 3436 58407 439768 3436 13743 6871 89328 147735 3436 109942 158042 3436 154606 20614 41228 2456516
321.0 10583 56444 3528 7056 24694 31750 10583 172861 3528 130528 109361 14111 42333 3528 151694 412750 49389 3528 59972 451555 3528 14111 7056 91722 151694 3528 112889 162278 3528 158750 21167 42333 2522360
322.0 10867 57957 3622 7245 25356 32601 10867 177494 3622 134026 112292 14489 43468 3622 155760 423813 50713 3622 61580 463659 3622 14489 7245 94181 155760 3622 115915 166627 3622 163005 21734 43468 2589970
323.0 11158 59511 3719 7439 26036 33475 11158 182252 3719 137619 115302 14878 44633 3719 159935 435173 52072 3719 63230 476087 3719 14878 7439 96705 159935 3719 119022 171094 3719 167374 22317 44633 2659391
324.0 11457 61106 3819 7638 26734 34372 11457 187137 3819 141308 118393 15276 45829 3819 164222 446838 53468 3819 64925 488848 3819 15276 7638 99297 164222 3819 122212 175680 3819 171861 22915 45829 2730674
325.0 11764 62744 3921 7843 27450 35293 11764 192153 3921 145095 121566 15686 47058 3921 168624 458815 54901 3921 66665 501951 3921 15686 7843 101959 168624 3921 125488 180389 3921 176467 23529 47058 2803867
326.0 12080 64426 4027 8053 28186 36239 12080 197304 4027 148984 124825 16106 48319 4027 173144 471113 56372 4027 68452 515405 4027 16106 8053 104692 173144 4027 128851 185224 4027 181197 24160 48319 2879022
327.0 12404 66153 4135 8269 28942 37211 12404 202592 4135 152978 128171 16538 49614 4135 177785 483740 57883 4135 70287 529220 4135 16538 8269 107498 177785 4135 132305 190189 4135 186054 24807 49614 2956191
328.0 12736 67926 4245 8491 29717 38208 12736 208022 4245 157078 131606 16981 50944 4245 182550 496707 59435 4245 72171 543405 4245 16981 8491 110379 182550 4245 135851 195286 4245 191041 25472 50944 3035429
329.0 13077 69746 4359 8718 30514 39232 13077 213598 4359 161288 135134 17437 52310 4359 187443 510020 61028 4359 74106 557971 4359 17437 8718 113338 187443 4359 139493 200521 4359 196162 26155 52310 3116791
330.0 13428 71616 4476 8952 31332 40284 13428 219324 4476 165612 138756 17904 53712 4476 192468 523691 62664 4476 76092 572927 4476 17904 8952 116376 192468 4476 143232 205896 4476 201420 26856 53712 3200333
331.0 13788 73535 4596 9192 32172 41364 13788 225202 4596 170051 142475 18384 55152 4596 197626 537728 64344 4596 78131 588284 4596 18384 9192 119495 197626 4596 147071 211414 4596 206818 27576 55152 3286115
332.0 14157 75506 4719 9438 33034 42472 14157 231239 4719 174609 146294 18877 56630 4719 202924 552141 66068 4719 80226 604052 4719 18877 9438 122698 202924 4719 151013 217081 4719 212362 28315 56630 3374196
333.0 14537 77530 4846 9691 33920 43611 14537 237437 4846 179289 150215 19383 58148 4846 208363 566941 67839 4846 82376 620243 4846 19383 9691 125987 208363 4846 155061 222900 4846 218054 29074 58148 3464638
334.0 14927 79608 4976 9951 34829 44780 14927 243801 4976 184095 154241 19902 59706 4976 213948 582137 69657 4976 84584 636868 4976 19902 9951 129364 213948 4976 159217 228874 4976 223899 29853 59706 3557504
335.0 15327 81742 5109 10218 35762 45980 15327 250336 5109 189029 158376 20436 61307 5109 219682 597741 71525 5109 86851 653939 5109 20436 10218 132831 219682 5109 163485 235009 5109 229900 30653 61307 3652860
336.0 15738 83933 5246 10492 36721 47213 15738 257046 5246 194096 162621 20983 62950 5246 225571 613763 73442 5246 89179 671467 5246 20983 10492 136392 225571 5246 167867 241308 5246 236063 31475 62950 3750771
337.0 16159 86183 5386 10773 37705 48478 16159 263936 5386 199298 166980 21546 64637 5386 231617 630214 75410 5386 91570 689465 5386 21546 10773 140048 231617 5386 172366 247776 5386 242390 32319 64637 3851307
338.0 16592 88493 5531 11062 38716 49777 16592 271010 5531 204640 171455 22123 66370 5531 237825 647106 77432 5531 94024 707945 5531 22123 11062 143801 237825 5531 176986 254418 5531 248887 33185 66370 3954537
339.0 17037 90865 5679 11358 39753 51112 17037 278274 5679 210126 176051 22716 68149 5679 244200 664451 79507 5679 96544 726921 5679 22716 11358 147656 244200 5679 181730 261237 5679 255558 34074 68149 4060535
340.0 17494 93301 5831 11663 40819 52482 17494 285733 5831 215758 180770 23325 69975 5831 250746 682261 81638 5831 99132 746405 5831 23325 11663 151614 250746 5831 186601 268239 5831 262408 34988 69975 4169374
341.0 17963 95801 5988 11975 41913 53888 17963 293392 5988 221541 185615 23950 71851 5988 257467 700548 83826 5988 101789 766412 5988 23950 11975 155677 257467 5988 191603 275429 5988 269442 35926 71851 4281129
342.0 18444 98369 6148 12296 43037 55333 18444 301256 6148 227479 190591 24592 73777 6148 264368 719326 86073 6148 104517 786955 6148 24592 12296 159850 264368 6148 196739 282812 6148 276664 36889 73777 4395881
343.0 18939 101006 6313 12626 44190 56816 18939 309331 6313 233577 195699 25252 75755 6313 271454 738607 88380 6313 107319 808048 6313 25252 12626 164135 271454 6313 202012 290392 6313 284080 37877 75755 4513708
344.0 19446 103713 6482 12964 45375 58339 19446 317622 6482 239837 200945 25928 77785 6482 278730 758404 90749 6482 110196 829707 6482 25928 12964 168534 278730 6482 207427 298176 6482 291694 38893 77785 4634694
345.0 19968 106493 6656 13312 46591 59903 19968 326136 6656 246266 206331 26623 79870 6656 286201 778733 93182 6656 113149 851947 6656 26623 13312 173052 286201 6656 212987 306168 6656 299513 39935 79870 4758922
346.0 20503 109348 6834 13668 47840 61508 20503 334878 6834 252867 211861 27337 82011 6834 293872 799606 95679 6834 116182 874783 6834 27337 13668 177690 293872 6834 218696 314375 6834 307541 41005 82011 4886481
347.0 21052 112279 7017 14035 49122 63157 21052 343854 7017 259645 217540 28070 84209 7017 301749 821039 98244 7017 119296 898230 7017 28070 14035 182453 301749 7017 224558 322801 7017 315784 42105 84209 5017458
348.0 21617 115288 7206 14411 50439 64850 21617 353070 7206 266604 223371 28822 86466 7206 309837 843046 100877 7206 122494 922306 7206 28822 14411 187343 309837 7206 230577 331454 7206 324248 43233 86466 5151946
349.0 22196 118378 7399 14797 51791 66588 22196 362534 7399 273750 229358 29595 88784 7399 318142 865643 103581 7399 125777 947028 7399 29595 14797 192365 318142 7399 236757 340338 7399 332940 44392 88784 5290039
350.0 22791 121552 7597 15194 53179 68373 22791 372251 7597 281088 235506 30388 91164 7597 326670 888845 106358 7597 129148 972412 7597 30388 15194 197521 326670 7597 243103 349461 7597 341864 45582 91164 5431833
351.0 23402 124810 7801 15601 54604 70205 23402 382229 7801 288622 241819 31202 93607 7801 335426 912670 109208 7801 132610 998477 7801 31202 15601 202816 335426 7801 249619 358828 7801 351027 46804 93607 5577428
352.0 24029 128155 8010 16019 56068 72087 24029 392475 8010 296358 248300 32039 96116 8010 344417 937133 112136 8010 136165 1025240 8010 32039 16019 208252 344417 8010 256310 368446 8010 360436 48058 96116 5726926
353.0 24673 131590 8224 16449 57571 74019 24673 402995 8224 304302 254956 32898 98693 8224 353648 962252 115141 8224 139814 1052720 8224 32898 16449 213834 353648 8224 263180 378321 8224 370097 49346 98693 5880430
354.0 25334 135117 8445 16890 59114 76003 25334 413796 8445 312459 261790 33779 101338 8445 363127 988044 118228 8445 143562 1080938 8445 33779 16890 219565 363127 8445 270234 388462 8445 380017 50669 101338 6038049
355.0 26014 138739 8671 17342 60698 78041 26014 424888 8671 320834 268807 34685 104054 8671 372861 1014528 121397 8671 147410 1109911 8671 34685 17342 225451 372861 8671 277478 398874 8671 390203 52027 104054 6199893
356.0 26711 142458 8904 17807 62325 80132 26711 436277 8904 329433 276012 35614 106843 8904 382855 1041721 124650 8904 151361 1139661 8904 35614 17807 231494 382855 8904 284915 409566 8904 400662 53422 106843 6366076
357.0 27427 146276 9142 18285 63996 82280 27427 447970 9142 338263 283410 36569 109707 9142 393117 1069644 127992 9142 155418 1170209 9142 36569 18285 237699 393117 9142 292552 420544 9142 411401 54854 109707 6536712
358.0 28162 150197 9387 18775 65711 84486 28162 459978 9387 347330 291006 37549 112648 9387 403654 1098315 131422 9387 159584 1201575 9387 37549 18775 244070 403654 9387 300394 431816 9387 422429 56324 112648 6711922
359.0 28917 154223 9639 19278 67472 86750 28917 472307 9639 356640 298807 38556 115667 9639 414474 1127754 134945 9639 163862 1233782 9639 38556 19278 250612 414474 9639 308445 443390 9639 433751 57834 115667 6891829
360.0 29692 158357 9897 19795 69281 89076 29692 484967 9897 366199 306816 39589 118767 9897 425583 1157982 138562 9897 168254 1266852 9897 39589 19795 257329 425583 9897 316713 455275 9897 445378 59384 118767 7076557
361.0 30488 162601 10163 20325 71138 91463 30488 497966 10163 376015 315040 40650 121951 10163 436991 1189021 142276 10163 172764 1300809 10163 40650 20325 264227 436991 10163 325202 467478 10163 457316 60975 121951 7266238
362.0 31305 166959 10435 20870 73045 93915 31305 511313 10435 386094 323484 41740 125220 10435 448704 1220891 146090 10435 177394 1335676 10435 41740 20870 271309 448704 10435 333919 480009 10435 469574 62610 125220 7461002
363.0 32144 171435 10715 21429 75003 96432 32144 525019 10715 396443 332155 42859 128576 10715 460731 1253616 150005 10715 182149 1371477 10715 42859 21429 278581 460731 10715 342869 492875 10715 482160 64288 128576 7660987
364.0 33006 176030 11002 22004 77013 99017 33006 539091 11002 407069 341058 44007 132022 11002 473080 1287218 154026 11002 187032 1408238 11002 44007 22004 286048 473080 11002 352060 506086 11002 495084 66011 132022 7866332
365.0 33890 180748 11297 22594 79077 101671 33890 553541 11297 417980 350199 45187 135561 11297 485761 1321721 158155 11297 192045 1445985 11297 45187 22594 293716 485761 11297 361496 519651 11297 508354 67781 135561 8077181
