Covid-19 Recovered Estimated by PSD Model @ CDS/IISc
Day AN AP AR AS BR CH CT DL GA GJ HR HP JK JH KA KL LA LD MP MH MN OR PY PB RJ SK TN TG TR UP UT WB Total
0.0 0 0 0 0 0 0 0 0 0 0 0 0 0 0 0 0 0 0 0 0 0 0 0 0 0 0 0 0 0 0 0 0 0
1.0 0 2 0 0 1 1 0 7 0 6 5 1 2 0 7 18 2 0 3 20 0 1 0 4 7 0 5 7 0 7 1 2 109
2.0 1 3 0 0 1 2 1 10 0 8 7 1 3 0 9 25 3 0 4 27 0 1 0 5 9 0 7 10 0 9 1 3 151
3.0 1 4 0 1 2 2 1 13 0 10 8 1 3 0 11 31 4 0 4 34 0 1 1 7 11 0 8 12 0 12 2 3 189
4.0 1 5 0 1 2 3 1 16 0 12 10 1 4 0 14 38 5 0 6 42 0 1 1 9 14 0 10 15 0 15 2 4 234
5.0 1 6 0 1 3 4 1 20 0 15 13 2 5 0 17 47 6 0 7 52 0 2 1 11 17 0 13 19 0 18 2 5 289
6.0 1 8 0 1 3 4 1 24 0 18 15 2 6 0 21 58 7 0 8 64 0 2 1 13 21 0 16 23 0 22 3 6 357
7.0 2 10 1 1 4 6 2 30 1 23 19 2 7 1 26 72 9 1 10 79 1 2 1 16 26 1 20 28 1 28 4 7 439
8.0 2 12 1 2 5 7 2 37 1 28 23 3 9 1 32 88 11 1 13 96 1 3 2 20 32 1 24 35 1 34 5 9 537
9.0 3 15 1 2 6 8 3 45 1 34 28 4 11 1 39 107 13 1 16 117 1 4 2 24 39 1 29 42 1 41 5 11 655
10.0 3 18 1 2 8 10 3 54 1 41 34 4 13 1 48 130 16 1 19 142 1 4 2 29 48 1 36 51 1 50 7 13 795
11.0 4 21 1 3 9 12 4 66 1 50 42 5 16 1 58 157 19 1 23 172 1 5 3 35 58 1 43 62 1 60 8 16 958
12.0 5 26 2 3 11 14 5 79 2 59 50 6 19 2 69 188 22 2 27 206 2 6 3 42 69 2 51 74 2 72 10 19 1149
13.0 6 31 2 4 13 17 6 94 2 71 59 8 23 2 82 224 27 2 33 245 2 8 4 50 82 2 61 88 2 86 11 23 1368
14.0 7 36 2 5 16 20 7 111 2 84 70 9 27 2 97 265 32 2 38 290 2 9 5 59 97 2 72 104 2 102 14 27 1618
15.0 8 43 3 5 19 24 8 130 3 98 82 11 32 3 114 311 37 3 45 340 3 11 5 69 114 3 85 122 3 120 16 32 1901
16.0 9 50 3 6 22 28 9 152 3 115 96 12 37 3 133 363 43 3 53 397 3 12 6 81 133 3 99 143 3 140 19 37 2217
17.0 11 57 4 7 25 32 11 176 4 133 111 14 43 4 154 420 50 4 61 460 4 14 7 93 154 4 115 165 4 162 22 43 2567
18.0 12 66 4 8 29 37 12 202 4 153 128 17 50 4 177 483 58 4 70 528 4 17 8 107 177 4 132 190 4 186 25 50 2950
19.0 14 75 5 9 33 42 14 231 5 174 146 19 56 5 202 550 66 5 80 602 5 19 9 122 202 5 151 216 5 212 28 56 3364
20.0 16 85 5 11 37 48 16 261 5 197 165 21 64 5 229 623 75 5 90 681 5 21 11 138 229 5 170 245 5 239 32 64 3805
21.0 18 96 6 12 42 54 18 293 6 221 185 24 72 6 257 699 84 6 102 765 6 24 12 155 257 6 191 275 6 269 36 72 4272
22.0 20 107 7 13 47 60 20 327 7 247 207 27 80 7 287 780 93 7 113 854 7 27 13 173 287 7 213 307 7 300 40 80 4769
23.0 22 119 7 15 52 67 22 363 7 274 230 30 89 7 319 867 104 7 126 949 7 30 15 193 319 7 237 341 7 334 44 89 5300
24.0 25 131 8 16 57 74 25 402 8 303 254 33 98 8 353 959 115 8 139 1049 8 33 16 213 353 8 262 377 8 369 49 98 5862
25.0 27 144 9 18 63 81 27 442 9 334 280 36 108 9 388 1056 126 9 153 1155 9 36 18 235 388 9 289 415 9 406 54 108 6454
26.0 30 158 10 20 69 89 30 485 10 366 307 40 119 10 425 1157 138 10 168 1266 10 40 20 257 425 10 317 455 10 445 59 119 7073
27.0 32 173 11 22 76 97 32 529 11 399 335 43 130 11 464 1263 151 11 183 1381 11 43 22 281 464 11 345 496 11 486 65 130 7717
28.0 35 188 12 23 82 106 35 574 12 434 363 47 141 12 504 1372 164 12 199 1501 12 47 23 305 504 12 375 539 12 528 70 141 8382
29.0 38 203 13 25 89 114 38 621 13 469 393 51 152 13 545 1483 178 13 216 1623 13 51 25 330 545 13 406 583 13 571 76 152 9065
30.0 41 218 14 27 96 123 41 669 14 505 423 55 164 14 587 1597 191 14 232 1748 14 55 27 355 587 14 437 628 14 614 82 164 9762
31.0 44 234 15 29 102 132 44 717 15 542 454 59 176 15 630 1713 205 15 249 1874 15 59 29 381 630 15 468 673 15 659 88 176 10468
32.0 47 250 16 31 109 141 47 766 16 578 485 63 188 16 672 1829 219 16 266 2001 16 63 31 406 672 16 500 719 16 703 94 188 11176
33.0 50 266 17 33 116 150 50 814 17 615 515 66 199 17 715 1944 233 17 283 2127 17 66 33 432 715 17 532 764 17 748 100 199 11883
34.0 53 282 18 35 123 158 53 862 18 651 545 70 211 18 757 2059 246 18 299 2252 18 70 35 457 757 18 563 809 18 792 106 211 12580
35.0 56 297 19 37 130 167 56 909 19 686 575 74 223 19 798 2170 260 19 315 2374 19 74 37 482 798 19 594 853 19 835 111 223 13263
36.0 58 312 19 39 136 175 58 954 19 721 604 78 234 19 837 2279 273 19 331 2493 19 78 39 506 837 19 623 896 19 876 117 234 13924
37.0 61 326 20 41 143 183 61 998 20 753 631 81 244 20 875 2382 285 20 346 2606 20 81 41 529 875 20 652 937 20 916 122 244 14557
38.0 64 339 21 42 148 191 64 1039 21 784 657 85 254 21 911 2480 297 21 360 2713 21 85 42 551 911 21 678 975 21 954 127 254 15155
39.0 66 352 22 44 154 198 66 1077 22 813 681 88 264 22 945 2571 308 22 374 2813 22 88 44 571 945 22 703 1011 22 989 132 264 15712
40.0 68 363 23 45 159 204 68 1112 23 839 703 91 272 23 976 2654 318 23 386 2904 23 91 45 590 976 23 726 1044 23 1021 136 272 16222
41.0 69 370 23 46 162 208 69 1135 23 857 718 93 278 23 996 2709 324 23 394 2964 23 93 46 602 996 23 741 1065 23 1042 139 278 16556
42.0 70 376 23 47 164 211 70 1150 23 869 728 94 282 23 1010 2747 329 23 399 3005 23 94 47 610 1010 23 751 1080 23 1057 141 282 16788
43.0 71 381 24 48 167 214 71 1168 24 882 739 95 286 24 1025 2788 334 24 405 3050 24 95 48 620 1025 24 762 1096 24 1072 143 286 17037
44.0 73 387 24 48 169 218 73 1186 24 896 750 97 290 24 1041 2832 339 24 411 3098 24 97 48 629 1041 24 775 1113 24 1089 145 290 17305
45.0 74 394 25 49 172 221 74 1206 25 910 763 98 295 25 1058 2879 344 25 418 3150 25 98 49 640 1058 25 787 1132 25 1107 148 295 17593
46.0 75 401 25 50 175 225 75 1227 25 926 776 100 300 25 1077 2929 351 25 426 3205 25 100 50 651 1077 25 801 1152 25 1127 150 300 17901
47.0 76 408 25 51 178 229 76 1249 25 943 790 102 306 25 1096 2983 357 25 433 3264 25 102 51 663 1096 25 816 1173 25 1147 153 306 18231
48.0 78 416 26 52 182 234 78 1273 26 962 806 104 312 26 1118 3041 364 26 442 3327 26 104 52 676 1118 26 832 1195 26 1169 156 312 18582
49.0 80 424 27 53 186 239 80 1299 27 981 822 106 318 27 1140 3102 371 27 451 3394 27 106 53 689 1140 27 848 1220 27 1193 159 318 18956
50.0 81 433 27 54 189 244 81 1326 27 1002 839 108 325 27 1164 3167 379 27 460 3465 27 108 54 704 1164 27 866 1245 27 1218 162 325 19354
51.0 83 443 28 55 194 249 83 1355 28 1023 857 111 332 28 1189 3236 387 28 470 3540 28 111 55 719 1189 28 885 1272 28 1245 166 332 19777
52.0 85 453 28 57 198 255 85 1386 28 1047 877 113 339 28 1216 3310 396 28 481 3621 28 113 57 735 1216 28 905 1301 28 1273 170 339 20226
53.0 87 463 29 58 203 261 87 1419 29 1071 898 116 347 29 1245 3388 405 29 492 3706 29 116 58 753 1245 29 927 1332 29 1303 174 347 20703
54.0 89 475 30 59 208 267 89 1453 30 1097 920 119 356 30 1275 3470 415 30 504 3797 30 119 59 771 1275 30 949 1364 30 1335 178 356 21208
55.0 91 487 30 61 213 274 91 1490 30 1125 943 122 365 30 1307 3558 426 30 517 3892 30 122 61 791 1307 30 973 1399 30 1368 182 365 21741
56.0 94 499 31 62 218 281 94 1527 31 1153 966 125 374 31 1340 3647 436 31 530 3990 31 125 62 811 1340 31 998 1434 31 1403 187 374 22289
57.0 96 511 32 64 224 288 96 1566 32 1183 991 128 384 32 1374 3740 447 32 543 4091 32 128 64 831 1374 32 1023 1470 32 1438 192 384 22853
58.0 98 524 33 66 229 295 98 1606 33 1213 1016 131 393 33 1409 3835 459 33 557 4195 33 131 66 852 1409 33 1049 1508 33 1475 197 393 23434
59.0 101 538 34 67 235 302 101 1647 34 1244 1042 134 403 34 1445 3932 471 34 571 4302 34 134 67 874 1445 34 1076 1546 34 1512 202 403 24032
60.0 103 552 34 69 241 310 103 1689 34 1275 1069 138 414 34 1482 4033 483 34 586 4412 34 138 69 896 1482 34 1103 1586 34 1551 207 414 24646
61.0 106 566 35 71 247 318 106 1732 35 1308 1096 141 424 35 1520 4136 495 35 601 4525 35 141 71 919 1520 35 1131 1626 35 1591 212 424 25276
62.0 109 580 36 73 254 326 109 1777 36 1342 1124 145 435 36 1559 4242 508 36 616 4641 36 145 73 943 1559 36 1160 1668 36 1632 218 435 25924
63.0 112 595 37 74 260 335 112 1822 37 1376 1153 149 446 37 1599 4351 521 37 632 4760 37 149 74 967 1599 37 1190 1711 37 1673 223 446 26588
64.0 114 610 38 76 267 343 114 1869 38 1411 1182 153 458 38 1640 4462 534 38 648 4882 38 153 76 992 1640 38 1220 1754 38 1716 229 458 27270
65.0 117 626 39 78 274 352 117 1917 39 1447 1213 156 469 39 1682 4577 548 39 665 5007 39 156 78 1017 1682 39 1252 1799 39 1760 235 469 27970
66.0 120 642 40 80 281 361 120 1966 40 1485 1244 160 481 40 1725 4694 562 40 682 5136 40 160 80 1043 1725 40 1284 1846 40 1806 241 481 28688
67.0 123 658 41 82 288 370 123 2016 41 1523 1276 165 494 41 1770 4815 576 41 700 5268 41 165 82 1070 1770 41 1317 1893 41 1852 247 494 29424
68.0 127 675 42 84 295 380 127 2068 42 1562 1308 169 507 42 1815 4938 591 42 718 5403 42 169 84 1097 1815 42 1351 1942 42 1899 253 507 30180
69.0 130 693 43 87 303 390 130 2121 43 1602 1342 173 520 43 1862 5065 606 43 736 5541 43 173 87 1126 1862 43 1385 1991 43 1948 260 520 30954
70.0 133 710 44 89 311 400 133 2176 44 1643 1377 178 533 44 1909 5195 622 44 755 5684 44 178 89 1155 1909 44 1421 2043 44 1998 266 533 31749
71.0 137 729 46 91 319 410 137 2232 46 1685 1412 182 547 46 1958 5329 638 46 774 5830 46 182 91 1184 1958 46 1457 2095 46 2050 273 547 32564
72.0 140 747 47 93 327 420 140 2289 47 1728 1448 187 561 47 2009 5466 654 47 794 5979 47 187 93 1215 2009 47 1495 2149 47 2102 280 561 33401
73.0 144 767 48 96 335 431 144 2348 48 1773 1485 192 575 48 2060 5606 671 48 815 6133 48 192 96 1246 2060 48 1533 2204 48 2156 287 575 34258
74.0 147 786 49 98 344 442 147 2408 49 1818 1523 197 590 49 2113 5750 688 49 835 6290 49 197 98 1278 2113 49 1573 2261 49 2211 295 590 35138
75.0 151 806 50 101 353 454 151 2470 50 1865 1563 202 605 50 2167 5898 706 50 857 6452 50 202 101 1311 2167 50 1613 2319 50 2268 302 605 36040
