Covid-19 Population Estimated by PSD Model @ CDS/IISc
Day AN AP AR AS BR CH CT DL GA GJ HR HP JK JH KA KL LA LD MP MH MN OR PY PB RJ SK TN TG TR UP UT WB Total
0.0 3 17 1 2 7 9 3 51 1 38 32 4 12 1 45 121 14 1 18 132 1 4 2 27 45 1 33 48 1 47 6 12 740
1.0 4 20 1 3 9 11 4 62 1 47 39 5 15 1 55 149 18 1 22 163 1 5 3 33 55 1 41 59 1 57 8 15 910
2.0 4 24 1 3 10 13 4 73 1 55 46 6 18 1 64 174 21 1 25 190 1 6 3 39 64 1 48 68 1 67 9 18 1062
3.0 5 27 2 3 12 15 5 83 2 63 53 7 20 2 73 199 24 2 29 218 2 7 3 44 73 2 54 78 2 77 10 20 1216
4.0 6 31 2 4 14 17 6 95 2 72 60 8 23 2 83 226 27 2 33 248 2 8 4 50 83 2 62 89 2 87 12 23 1383
5.0 7 35 2 4 15 20 7 108 2 81 68 9 26 2 94 257 31 2 37 281 2 9 4 57 94 2 70 101 2 99 13 26 1570
6.0 7 40 2 5 17 22 7 122 2 92 77 10 30 2 107 291 35 2 42 319 2 10 5 65 107 2 80 115 2 112 15 30 1780
7.0 8 45 3 6 20 25 8 138 3 104 88 11 34 3 121 330 40 3 48 361 3 11 6 73 121 3 90 130 3 127 17 34 2018
8.0 10 51 3 6 22 29 10 157 3 118 99 13 38 3 137 374 45 3 54 409 3 13 6 83 137 3 102 147 3 144 19 38 2286
9.0 11 58 4 7 25 33 11 177 4 134 112 14 43 4 156 423 51 4 62 463 4 14 7 94 156 4 116 166 4 163 22 43 2588
10.0 12 65 4 8 29 37 12 201 4 151 127 16 49 4 176 479 57 4 70 524 4 16 8 106 176 4 131 188 4 184 25 49 2927
11.0 14 74 5 9 32 42 14 227 5 171 143 19 56 5 199 541 65 5 79 592 5 19 9 120 199 5 148 213 5 208 28 56 3307
12.0 16 84 5 10 37 47 16 256 5 193 162 21 63 5 224 611 73 5 89 668 5 21 10 136 224 5 167 240 5 235 31 63 3733
13.0 18 94 6 12 41 53 18 288 6 218 182 24 71 6 253 689 82 6 100 753 6 24 12 153 253 6 188 271 6 265 35 71 4208
14.0 20 106 7 13 46 60 20 325 7 245 205 27 80 7 285 775 93 7 113 848 7 27 13 172 285 7 212 305 7 298 40 80 4738
15.0 22 119 7 15 52 67 22 365 7 276 231 30 89 7 320 872 104 7 127 954 7 30 15 194 320 7 238 343 7 335 45 89 5328
16.0 25 134 8 17 58 75 25 409 8 309 259 33 100 8 359 977 117 8 142 1069 8 33 17 217 359 8 267 384 8 376 50 100 5972
17.0 28 149 9 19 65 84 28 457 9 345 289 37 112 9 401 1091 130 9 158 1193 9 37 19 242 401 9 298 429 9 419 56 112 6665
18.0 31 166 10 21 72 93 31 507 10 383 321 41 124 10 445 1212 145 10 176 1326 10 41 21 269 445 10 331 476 10 466 62 124 7405
19.0 34 183 11 23 80 103 34 561 11 424 355 46 137 11 492 1340 160 11 195 1466 11 46 23 298 492 11 366 527 11 515 69 137 8189
20.0 38 202 13 25 88 113 38 618 13 466 391 50 151 13 542 1475 176 13 214 1613 13 50 25 328 542 13 403 580 13 567 76 151 9011
21.0 41 221 14 28 97 124 41 676 14 511 428 55 166 14 594 1615 193 14 235 1767 14 55 28 359 594 14 442 635 14 621 83 166 9870
22.0 45 241 15 30 106 136 45 739 15 558 467 60 181 15 648 1764 211 15 256 1929 15 60 30 392 648 15 482 693 15 678 90 181 10777
23.0 49 263 16 33 115 148 49 805 16 608 509 66 197 16 706 1922 230 16 279 2103 16 66 33 427 706 16 526 756 16 739 99 197 11746
24.0 54 286 18 36 125 161 54 875 18 661 554 71 214 18 768 2090 250 18 304 2286 18 71 36 464 768 18 572 822 18 804 107 214 12772
25.0 58 310 19 39 136 174 58 950 19 717 601 78 233 19 833 2267 271 19 329 2481 19 78 39 504 833 19 620 891 19 872 116 233 13856
26.0 63 336 21 42 147 189 63 1028 21 776 650 84 252 21 902 2455 294 21 357 2685 21 84 42 545 902 21 671 965 21 944 126 252 15000
27.0 68 363 23 45 159 204 68 1110 23 839 703 91 272 23 975 2652 317 23 385 2901 23 91 45 589 975 23 725 1043 23 1020 136 272 16204
28.0 73 391 24 49 171 220 73 1197 24 904 758 98 293 24 1051 2859 342 24 415 3128 24 98 49 635 1051 24 782 1124 24 1100 147 293 17472
29.0 79 421 26 53 184 237 79 1289 26 973 815 105 316 26 1131 3077 368 26 447 3366 26 105 53 684 1131 26 842 1210 26 1183 158 316 18804
30.0 85 452 28 57 198 254 85 1384 28 1045 876 113 339 28 1215 3306 396 28 480 3617 28 113 57 735 1215 28 904 1300 28 1271 170 339 20202
31.0 91 485 30 61 212 273 91 1485 30 1121 939 121 364 30 1303 3546 424 30 515 3879 30 121 61 788 1303 30 970 1394 30 1364 182 364 21669
32.0 97 519 32 65 227 292 97 1590 32 1201 1006 130 389 32 1395 3797 454 32 552 4154 32 130 65 844 1395 32 1038 1493 32 1460 195 389 23204
33.0 104 555 35 69 243 312 104 1700 35 1284 1076 139 416 35 1492 4060 486 35 590 4441 35 139 69 902 1492 35 1110 1596 35 1561 208 416 24809
34.0 111 593 37 74 259 333 111 1815 37 1371 1148 148 444 37 1593 4334 519 37 630 4741 37 148 74 963 1593 37 1185 1704 37 1667 222 444 26485
35.0 118 632 39 79 276 355 118 1935 39 1461 1224 158 474 39 1698 4620 553 39 671 5054 39 158 79 1027 1698 39 1264 1816 39 1777 237 474 28231
36.0 126 672 42 84 294 378 126 2059 42 1555 1303 168 504 42 1807 4917 588 42 714 5379 42 168 84 1093 1807 42 1345 1933 42 1891 252 504 30049
37.0 134 714 45 89 312 402 134 2187 45 1652 1384 179 536 45 1919 5223 625 45 759 5714 45 179 89 1161 1919 45 1428 2053 45 2009 268 536 31916
38.0 142 757 47 95 331 426 142 2317 47 1750 1466 189 567 47 2033 5533 662 47 804 6053 47 189 95 1230 2033 47 1513 2175 47 2128 284 567 33812
39.0 150 800 50 100 350 450 150 2449 50 1849 1549 200 600 50 2149 5847 700 50 850 6397 50 200 100 1299 2149 50 1599 2299 50 2249 300 600 35730
40.0 158 843 53 105 369 474 158 2581 53 1949 1633 211 632 53 2265 6163 737 53 895 6742 53 211 105 1369 2265 53 1685 2423 53 2370 316 632 37660
41.0 166 886 55 111 388 498 166 2713 55 2049 1716 221 664 55 2381 6478 775 55 941 7087 55 221 111 1440 2381 55 1772 2547 55 2492 332 664 39589
42.0 174 929 58 116 406 522 174 2844 58 2148 1800 232 697 58 2496 6792 813 58 987 7430 58 232 116 1509 2496 58 1858 2670 58 2612 348 697 41505
43.0 182 971 61 121 425 546 182 2974 61 2246 1881 243 728 61 2610 7101 850 61 1032 7769 61 243 121 1578 2610 61 1942 2792 61 2731 364 728 43395
44.0 190 1013 63 127 443 570 190 3101 63 2341 1962 253 759 63 2721 7404 886 63 1076 8100 63 253 127 1645 2721 63 2025 2911 63 2848 380 759 45246
45.0 197 1053 66 132 461 592 197 3224 66 2435 2040 263 790 66 2829 7698 921 66 1119 8422 66 263 132 1711 2829 66 2106 3027 66 2961 395 790 47045
46.0 205 1092 68 136 478 614 205 3343 68 2524 2115 273 819 68 2934 7982 955 68 1160 8732 68 273 136 1774 2934 68 2183 3138 68 3070 409 819 48779
47.0 212 1129 71 141 494 635 212 3456 71 2610 2187 282 846 71 3033 8253 988 71 1199 9029 71 282 141 1834 3033 71 2257 3245 71 3174 423 846 50434
48.0 218 1164 73 145 509 655 218 3564 73 2691 2255 291 873 73 3127 8509 1018 73 1236 9309 73 291 145 1891 3127 73 2327 3345 73 3273 436 873 52001
49.0 224 1196 75 150 523 673 224 3664 75 2767 2318 299 897 75 3215 8749 1047 75 1271 9572 75 299 150 1944 3215 75 2393 3440 75 3365 449 897 53466
50.0 230 1227 77 153 537 690 230 3757 77 2837 2377 307 920 77 3297 8971 1073 77 1303 9814 77 307 153 1993 3297 77 2453 3527 77 3450 460 920 54820
51.0 236 1256 79 157 550 707 236 3847 79 2905 2434 314 942 79 3376 9185 1099 79 1335 10049 79 314 157 2041 3376 79 2512 3611 79 3533 471 942 56133
52.0 244 1299 81 162 568 731 244 3978 81 3004 2517 325 974 81 3491 9499 1137 81 1380 10392 81 325 162 2111 3491 81 2598 3734 81 3653 487 974 58047
53.0 251 1341 84 168 587 754 251 4106 84 3101 2598 335 1006 84 3603 9805 1173 84 1425 10727 84 335 168 2179 3603 84 2682 3855 84 3771 503 1006 59918
54.0 259 1383 86 173 605 778 259 4235 86 3198 2679 346 1037 86 3716 10112 1210 86 1469 11063 86 346 173 2247 3716 86 2766 3976 86 3889 519 1037 61795
55.0 267 1426 89 178 624 802 267 4366 89 3297 2762 356 1069 89 3831 10424 1247 89 1515 11404 89 356 178 2316 3831 89 2851 4098 89 4009 535 1069 63703
56.0 275 1469 92 184 643 826 275 4499 92 3397 2846 367 1102 92 3948 10743 1285 92 1561 11753 92 367 184 2387 3948 92 2938 4224 92 4132 551 1102 65652
57.0 284 1514 95 189 662 851 284 4636 95 3500 2933 378 1135 95 4068 11069 1324 95 1608 12110 95 378 189 2460 4068 95 3027 4352 95 4257 568 1135 67644
58.0 292 1559 97 195 682 877 292 4775 97 3606 3021 390 1169 97 4190 11402 1364 97 1657 12474 97 390 195 2534 4190 97 3118 4483 97 4385 585 1169 69677
59.0 301 1606 100 201 702 903 301 4917 100 3713 3111 401 1204 100 4315 11741 1405 100 1706 12845 100 401 201 2609 4315 100 3211 4616 100 4516 602 1204 71749
60.0 310 1653 103 207 723 930 310 5061 103 3822 3202 413 1240 103 4442 12085 1446 103 1756 13222 103 413 207 2686 4442 103 3305 4752 103 4648 620 1240 73855
61.0 319 1701 106 213 744 957 319 5208 106 3933 3295 425 1275 106 4570 12435 1488 106 1807 13604 106 425 213 2763 4570 106 3401 4889 106 4783 638 1275 75993
62.0 328 1749 109 219 765 984 328 5356 109 4045 3389 437 1312 109 4701 12790 1530 109 1858 13992 109 437 219 2842 4701 109 3498 5028 109 4919 656 1312 78160
63.0 337 1798 112 225 787 1011 337 5507 112 4158 3484 450 1349 112 4832 13148 1573 112 1910 14385 112 450 225 2922 4832 112 3596 5169 112 5057 674 1349 80351
64.0 346 1848 115 231 808 1039 346 5658 115 4273 3580 462 1386 115 4965 13510 1617 115 1963 14781 115 462 231 3002 4965 115 3695 5312 115 5196 693 1386 82564
65.0 356 1897 119 237 830 1067 356 5811 119 4388 3676 474 1423 119 5100 13875 1660 119 2016 15180 119 474 237 3083 5100 119 3795 5455 119 5337 712 1423 84794
66.0 365 1948 122 244 852 1096 365 5966 122 4505 3775 487 1461 122 5236 14246 1705 122 2070 15586 122 487 244 3166 5236 122 3896 5601 122 5479 731 1461 87061
67.0 375 2000 125 250 875 1125 375 6125 125 4625 3875 500 1500 125 5375 14626 1750 125 2125 16001 125 500 250 3250 5375 125 4000 5750 125 5625 750 1500 89379
68.0 385 2053 128 257 898 1155 385 6288 128 4748 3978 513 1540 128 5518 15013 1796 128 2181 16425 128 513 257 3336 5518 128 4106 5903 128 5774 770 1540 91748
69.0 395 2107 132 263 922 1185 395 6453 132 4873 4083 527 1580 132 5663 15409 1844 132 2239 16858 132 527 263 3424 5663 132 4215 6058 132 5927 790 1580 94168
70.0 405 2163 135 270 946 1216 405 6623 135 5001 4190 541 1622 135 5812 15814 1892 135 2298 17300 135 541 270 3514 5812 135 4325 6217 135 6082 811 1622 96639
71.0 416 2219 139 277 971 1248 416 6795 139 5131 4299 555 1664 139 5963 16226 1942 139 2358 17751 139 555 277 3606 5963 139 4438 6379 139 6241 832 1664 99158
72.0 427 2276 142 285 996 1280 427 6971 142 5264 4410 569 1707 142 6118 16646 1992 142 2419 18211 142 569 285 3699 6118 142 4553 6545 142 6402 854 1707 101726
73.0 438 2335 146 292 1022 1313 438 7151 146 5400 4524 584 1751 146 6275 17074 2043 146 2481 18679 146 584 292 3794 6275 146 4670 6713 146 6567 876 1751 104342
74.0 449 2395 150 299 1048 1347 449 7333 150 5537 4639 599 1796 150 6435 17510 2095 150 2544 19156 150 599 299 3891 6435 150 4789 6884 150 6735 898 1796 107005
75.0 460 2455 153 307 1074 1381 460 7519 153 5677 4757 614 1841 153 6598 17953 2148 153 2609 19641 153 614 307 3990 6598 153 4910 7058 153 6905 921 1841 109714
76.0 472 2517 157 315 1101 1416 472 7708 157 5820 4876 629 1888 157 6764 18404 2202 157 2674 20134 157 629 315 4090 6764 157 5033 7236 157 7078 944 1888 112467
77.0 484 2579 161 322 1128 1451 484 7899 161 5965 4997 645 1935 161 6932 18861 2257 161 2741 20635 161 645 322 4191 6932 161 5159 7416 161 7254 967 1935 115265
78.0 496 2643 165 330 1156 1487 496 8094 165 6112 5121 661 1982 165 7103 19326 2313 165 2808 21143 165 661 330 4295 7103 165 5286 7598 165 7433 991 1982 118105
79.0 508 2707 169 338 1184 1523 508 8291 169 6261 5246 677 2031 169 7276 19798 2369 169 2877 21659 169 677 338 4399 7276 169 5415 7784 169 7614 1015 2031 120986
80.0 520 2773 173 347 1213 1560 520 8491 173 6412 5372 693 2080 173 7452 20276 2426 173 2946 22182 173 693 347 4506 7452 173 5545 7972 173 7798 1040 2080 123906
81.0 532 2839 177 355 1242 1597 532 8694 177 6565 5500 710 2129 177 7630 20760 2484 177 3016 22711 177 710 355 4613 7630 177 5678 8162 177 7984 1065 2129 126864
82.0 545 2906 182 363 1271 1635 545 8899 182 6720 5630 726 2179 182 7810 21250 2543 182 3088 23247 182 726 363 4722 7810 182 5812 8355 182 8173 1090 2179 129859
83.0 558 2974 186 372 1301 1673 558 9107 186 6877 5762 743 2230 186 7992 21745 2602 186 3160 23790 186 743 372 4832 7992 186 5947 8549 186 8364 1115 2230 132887
84.0 570 3042 190 380 1331 1711 570 9317 190 7035 5894 761 2282 190 8176 22246 2662 190 3232 24337 190 761 380 4944 8176 190 6084 8746 190 8556 1141 2282 135947
85.0 583 3111 194 389 1361 1750 583 9528 194 7195 6028 778 2333 194 8362 22752 2722 194 3306 24891 194 778 389 5056 8362 194 6223 8945 194 8751 1167 2333 139037
86.0 596 3181 199 398 1392 1789 596 9742 199 7356 6163 795 2386 199 8549 23262 2783 199 3380 25449 199 795 398 5169 8549 199 6362 9146 199 8947 1193 2386 142154
87.0 610 3251 203 406 1422 1829 610 9957 203 7519 6300 813 2439 203 8738 23776 2845 203 3455 26011 203 813 406 5283 8738 203 6503 9348 203 9144 1219 2439 145295
88.0 623 3322 208 415 1453 1869 623 10174 208 7682 6437 831 2492 208 8928 24293 2907 208 3530 26577 208 831 415 5398 8928 208 6644 9551 208 9344 1246 2492 148458
89.0 636 3393 212 424 1485 1909 636 10392 212 7847 6575 848 2545 212 9120 24814 2969 212 3605 27147 212 848 424 5514 9120 212 6787 9756 212 9544 1272 2545 151639
90.0 650 3465 217 433 1516 1949 650 10611 217 8012 6713 866 2599 217 9312 25337 3032 217 3681 27719 217 866 433 5630 9312 217 6930 9961 217 9745 1299 2599 154836
91.0 663 3537 221 442 1547 1989 663 10831 221 8179 6852 884 2652 221 9505 25862 3095 221 3758 28293 221 884 442 5747 9505 221 7073 10168 221 9947 1326 2652 158044
92.0 677 3609 226 451 1579 2030 677 11051 226 8345 6992 902 2706 226 9698 26388 3158 226 3834 28869 226 902 451 5864 9698 226 7217 10375 226 10149 1353 2706 161261
93.0 690 3681 230 460 1610 2070 690 11272 230 8512 7131 920 2761 230 9892 26915 3221 230 3911 29446 230 920 460 5981 9892 230 7361 10582 230 10352 1380 2761 164482
94.0 704 3753 235 469 1642 2111 704 11494 235 8679 7272 938 2815 235 10087 27445 3284 235 3988 30025 235 938 469 6099 10087 235 7506 10790 235 10556 1407 2815 167718
95.0 717 3826 239 478 1674 2152 717 11717 239 8848 7413 957 2870 239 10283 27978 3348 239 4065 30609 239 957 478 6217 10283 239 7652 11000 239 10761 1435 2870 170979
96.0 731 3900 244 487 1706 2193 731 11942 244 9018 7555 975 2925 244 10480 28515 3412 244 4143 31196 244 975 487 6337 10480 244 7799 11211 244 10967 1462 2925 174261
97.0 745 3974 248 497 1738 2235 745 12169 248 9189 7699 993 2980 248 10679 29056 3477 248 4222 31788 248 993 497 6457 10679 248 7947 11424 248 11175 1490 2980 177566
98.0 759 4048 253 506 1771 2277 759 12397 253 9361 7843 1012 3036 253 10879 29601 3542 253 4301 32384 253 1012 506 6578 10879 253 8096 11638 253 11385 1518 3036 180893
99.0 773 4123 258 515 1804 2319 773 12626 258 9534 7988 1031 3092 258 11080 30149 3608 258 4381 32983 258 1031 515 6700 11080 258 8246 11853 258 11596 1546 3092 184242
100.0 787 4198 262 525 1837 2362 787 12858 262 9709 8134 1050 3149 262 11283 30701 3674 262 4461 33587 262 1050 525 6822 11283 262 8397 12070 262 11808 1574 3149 187615
101.0 801 4274 267 534 1870 2404 801 13090 267 9884 8282 1069 3206 267 11487 31256 3740 267 4541 34195 267 1069 534 6946 11487 267 8549 12289 267 12022 1603 3206 191010
102.0 816 4351 272 544 1903 2447 816 13324 272 10061 8430 1088 3263 272 11693 31815 3807 272 4623 34807 272 1088 544 7070 11693 272 8702 12509 272 12237 1632 3263 194428
103.0 830 4428 277 553 1937 2491 830 13560 277 10239 8579 1107 3321 277 11900 32378 3874 277 4705 35423 277 1107 553 7195 11900 277 8856 12730 277 12453 1660 3321 197868
104.0 845 4505 282 563 1971 2534 845 13797 282 10419 8729 1126 3379 282 12108 32945 3942 282 4787 36042 282 1126 563 7321 12108 282 9011 12953 282 12671 1689 3379 201331
105.0 859 4583 286 573 2005 2578 859 14036 286 10599 8880 1146 3437 286 12318 33515 4010 286 4870 36666 286 1146 573 7448 12318 286 9167 13177 286 12890 1719 3437 204815
106.0 874 4662 291 583 2040 2622 874 14277 291 10780 9032 1165 3496 291 12528 34089 4079 291 4953 37294 291 1165 583 7575 12528 291 9323 13402 291 13111 1748 3496 208320
107.0 889 4741 296 593 2074 2667 889 14518 296 10963 9185 1185 3555 296 12740 34666 4148 296 5037 37925 296 1185 593 7704 12740 296 9481 13629 296 13333 1778 3555 211846
108.0 904 4820 301 602 2109 2711 904 14761 301 11146 9339 1205 3615 301 12954 35246 4217 301 5121 38560 301 1205 602 7832 12954 301 9640 13857 301 13556 1807 3615 215392
109.0 919 4900 306 612 2144 2756 919 15005 306 11331 9493 1225 3675 306 13168 35829 4287 306 5206 39198 306 1225 612 7962 13168 306 9799 14087 306 13780 1837 3675 218957
110.0 934 4980 311 622 2179 2801 934 15251 311 11516 9649 1245 3735 311 13383 36415 4357 311 5291 39839 311 1245 622 8092 13383 311 9960 14317 311 14006 1867 3735 222539
111.0 949 5060 316 633 2214 2846 949 15498 316 11702 9805 1265 3795 316 13600 37004 4428 316 5377 40484 316 1265 633 8223 13600 316 10121 14549 316 14232 1898 3795 226138
112.0 964 5141 321 643 2249 2892 964 15745 321 11889 9961 1285 3856 321 13817 37596 4499 321 5463 41131 321 1285 643 8355 13817 321 10283 14781 321 14460 1928 3856 229753
113.0 979 5223 326 653 2285 2938 979 15994 326 12077 10119 1306 3917 326 14036 38190 4570 326 5549 41780 326 1306 653 8487 14036 326 10445 15015 326 14688 1958 3917 233383
114.0 995 5304 332 663 2321 2984 995 16244 332 12266 10277 1326 3978 332 14255 38786 4641 332 5636 42433 332 1326 663 8619 14255 332 10608 15249 332 14918 1989 3978 237026
115.0 1010 5386 337 673 2356 3030 1010 16494 337 12455 10435 1346 4039 337 14474 39384 4713 337 5722 43087 337 1346 673 8752 14474 337 10772 15484 337 15148 2020 4039 240680
116.0 1025 5468 342 683 2392 3076 1025 16745 342 12644 10594 1367 4101 342 14695 39984 4784 342 5810 43743 342 1367 683 8885 14695 342 10936 15720 342 15378 2050 4101 244345
117.0 1041 5550 347 694 2428 3122 1041 16997 347 12835 10753 1388 4163 347 14916 40585 4856 347 5897 44401 347 1388 694 9019 14916 347 11100 15957 347 15610 2081 4163 248020
118.0 1056 5632 352 704 2464 3168 1056 17249 352 13025 10913 1408 4224 352 15137 41188 4928 352 5985 45060 352 1408 704 9153 15137 352 11265 16193 352 15841 2112 4224 251702
119.0 1072 5715 357 714 2500 3215 1072 17502 357 13216 11073 1429 4286 357 15359 41791 5001 357 6072 45720 357 1429 714 9287 15359 357 11430 16431 357 16073 2143 4286 255390
120.0 1087 5798 362 725 2536 3261 1087 17755 362 13407 11233 1449 4348 362 15581 42395 5073 362 6160 46381 362 1449 725 9421 15581 362 11595 16668 362 16306 2174 4348 259082
121.0 1103 5880 368 735 2573 3308 1103 18009 368 13598 11393 1470 4410 368 15803 43000 5145 368 6248 47043 368 1470 735 9556 15803 368 11761 16906 368 16538 2205 4410 262777
122.0 1118 5963 373 745 2609 3354 1118 18262 373 13790 11553 1491 4472 373 16026 43605 5218 373 6336 47704 373 1491 745 9690 16026 373 11926 17144 373 16771 2236 4472 266473
123.0 1134 6046 378 756 2645 3401 1134 18515 378 13981 11714 1511 4534 378 16248 44209 5290 378 6424 48366 378 1511 756 9824 16248 378 12091 17381 378 17004 2267 4534 270169
124.0 1149 6128 383 766 2681 3447 1149 18768 383 14172 11874 1532 4596 383 16470 44814 5362 383 6511 49027 383 1532 766 9959 16470 383 12257 17619 383 17236 2298 4596 273861
125.0 1165 6211 388 776 2717 3494 1165 19021 388 14363 12034 1553 4658 388 16692 45417 5435 388 6599 49687 388 1553 776 10093 16692 388 12422 17856 388 17468 2329 4658 277549
126.0 1180 6293 393 787 2753 3540 1180 19273 393 14553 12193 1573 4720 393 16913 46020 5507 393 6687 50346 393 1573 787 10227 16913 393 12587 18093 393 17700 2360 4720 281231
127.0 1195 6375 398 797 2789 3586 1195 19525 398 14743 12353 1594 4782 398 17134 46621 5579 398 6774 51004 398 1594 797 10360 17134 398 12751 18330 398 17931 2391 4782 284905
128.0 1211 6457 404 807 2825 3632 1211 19776 404 14933 12511 1614 4843 404 17354 47220 5650 404 6861 51660 404 1614 807 10493 17354 404 12915 18565 404 18162 2422 4843 288568
129.0 1226 6539 409 817 2861 3678 1226 20026 409 15122 12670 1635 4904 409 17574 47818 5722 409 6948 52313 409 1635 817 10626 17574 409 13078 18800 409 18391 2452 4904 292218
130.0 1241 6621 414 828 2896 3724 1241 20275 414 15310 12827 1655 4965 414 17793 48413 5793 414 7034 52964 414 1655 828 10758 17793 414 13241 19034 414 18620 2483 4965 295855
131.0 1257 6702 419 838 2932 3770 1257 20523 419 15497 12984 1675 5026 419 18010 49005 5864 419 7120 53612 419 1675 838 10890 18010 419 13403 19267 419 18848 2513 5026 299474
132.0 1272 6782 424 848 2967 3815 1272 20770 424 15684 13140 1696 5087 424 18227 49594 5934 424 7206 54257 424 1696 848 11021 18227 424 13564 19499 424 19075 2543 5087 303075
133.0 1287 6862 429 858 3002 3860 1287 21016 429 15869 13296 1716 5147 429 18442 50180 6004 429 7291 54898 429 1716 858 11151 18442 429 13724 19729 429 19300 2573 5147 306655
134.0 1302 6942 434 868 3037 3905 1302 21259 434 16053 13450 1735 5206 434 18656 50762 6074 434 7376 55534 434 1735 868 11280 18656 434 13884 19958 434 19524 2603 5206 310212
135.0 1316 7021 439 878 3072 3949 1316 21501 439 16236 13603 1755 5266 439 18868 51340 6143 439 7460 56167 439 1755 878 11409 18868 439 14042 20185 439 19746 2633 5266 313744
136.0 1331 7099 444 887 3106 3993 1331 21741 444 16417 13755 1775 5324 444 19079 51913 6212 444 7543 56794 444 1775 887 11536 19079 444 14198 20410 444 19967 2662 5324 317247
137.0 1346 7177 449 897 3140 4037 1346 21980 449 16597 13905 1794 5383 449 19288 52482 6280 449 7626 57416 449 1794 897 11663 19288 449 14354 20634 449 20185 2691 5383 320721
138.0 1360 7254 453 907 3174 4080 1360 22215 453 16775 14055 1814 5441 453 19495 53045 6347 453 7707 58032 453 1814 907 11788 19495 453 14508 20855 453 20402 2720 5441 324163
139.0 1374 7330 458 916 3207 4123 1374 22449 458 16951 14202 1833 5498 458 19700 53602 6414 458 7788 58642 458 1833 916 11912 19700 458 14660 21074 458 20616 2749 5498 327571
140.0 1389 7406 463 926 3240 4166 1389 22680 463 17126 14348 1851 5554 463 19903 54154 6480 463 7869 59245 463 1851 926 12034 19903 463 14811 21291 463 20828 2777 5554 330941
141.0 1403 7480 468 935 3273 4208 1403 22908 468 17298 14493 1870 5610 468 20103 54699 6545 468 7948 59842 468 1870 935 12155 20103 468 14960 21506 468 21038 2805 5610 334272
142.0 1416 7554 472 944 3305 4249 1416 23134 472 17468 14636 1888 5665 472 20301 55237 6610 472 8026 60431 472 1888 944 12275 20301 472 15108 21717 472 21245 2833 5665 337562
143.0 1430 7626 477 953 3337 4290 1430 23356 477 17636 14776 1907 5720 477 20496 55768 6673 477 8103 61012 477 1907 953 12393 20496 477 15253 21926 477 21449 2860 5720 340807
144.0 1443 7698 481 962 3368 4330 1443 23575 481 17802 14915 1925 5774 481 20689 56292 6736 481 8179 61584 481 1925 962 12509 20689 481 15396 22132 481 21651 2887 5774 344007
145.0 1457 7769 486 971 3399 4370 1457 23791 486 17965 15052 1942 5826 486 20878 56808 6797 486 8254 62148 486 1942 971 12624 20878 486 15537 22335 486 21849 2913 5826 347157
146.0 1470 7838 490 980 3429 4409 1470 24004 490 18125 15186 1959 5878 490 21064 57315 6858 490 8328 62703 490 1959 980 12737 21064 490 15676 22534 490 22044 2939 5878 350257
147.0 1482 7906 494 988 3459 4447 1482 24212 494 18283 15318 1977 5930 494 21248 57813 6918 494 8400 63249 494 1977 988 12847 21248 494 15812 22730 494 22236 2965 5930 353303
148.0 1495 7973 498 997 3488 4485 1495 24417 498 18438 15448 1993 5980 498 21427 58303 6976 498 8471 63784 498 1993 997 12956 21427 498 15946 22922 498 22424 2990 5980 356294
149.0 1507 8039 502 1005 3517 4522 1507 24618 502 18589 15575 2010 6029 502 21604 58782 7034 502 8541 64309 502 2010 1005 13063 21604 502 16077 23111 502 22609 3014 6029 359226
150.0 1519 8103 506 1013 3545 4558 1519 24815 506 18738 15699 2026 6077 506 21777 59252 7090 506 8609 64823 506 2026 1013 13167 21777 506 16206 23296 506 22789 3039 6077 362098
151.0 1531 8166 510 1021 3573 4593 1531 25008 510 18883 15821 2041 6124 510 21945 59712 7145 510 8676 65326 510 2041 1021 13269 21945 510 16331 23477 510 22966 3062 6124 364907
152.0 1543 8227 514 1028 3599 4628 1543 25196 514 19025 15940 2057 6170 514 22110 60161 7199 514 8741 65817 514 2057 1028 13369 22110 514 16454 23653 514 23139 3085 6170 367650
153.0 1554 8287 518 1036 3626 4661 1554 25379 518 19164 16056 2072 6215 518 22271 60599 7251 518 8805 66296 518 2072 1036 13466 22271 518 16574 23825 518 23307 3108 6215 370327
154.0 1565 8345 522 1043 3651 4694 1565 25558 522 19299 16169 2086 6259 522 22428 61025 7302 522 8867 66763 522 2086 1043 13561 22428 522 16691 23993 522 23471 3130 6259 372934
155.0 1575 8402 525 1050 3676 4726 1575 25731 525 19430 16279 2101 6302 525 22581 61440 7352 525 8927 67217 525 2101 1050 13653 22581 525 16804 24156 525 23631 3151 6302 375468
156.0 1586 8457 529 1057 3700 4757 1586 25900 529 19557 16386 2114 6343 529 22729 61843 7400 529 8986 67657 529 2114 1057 13743 22729 529 16914 24314 529 23786 3171 6343 377929
157.0 1596 8511 532 1064 3723 4787 1596 26063 532 19681 16489 2128 6383 532 22872 62233 7447 532 9042 68084 532 2128 1064 13830 22872 532 17021 24468 532 23936 3191 6383 380313
158.0 1605 8562 535 1070 3746 4816 1605 26221 535 19800 16589 2141 6422 535 23011 62610 7492 535 9097 68497 535 2141 1070 13913 23011 535 17124 24616 535 24081 3211 6422 382620
159.0 1615 8612 538 1076 3768 4844 1615 26374 538 19915 16686 2153 6459 538 23145 62975 7535 538 9150 68895 538 2153 1076 13994 23145 538 17224 24759 538 24221 3229 6459 384845
160.0 1624 8660 541 1082 3789 4871 1624 26521 541 20026 16779 2165 6495 541 23273 63325 7577 541 9201 69279 541 2165 1082 14072 23273 541 17320 24897 541 24356 3247 6495 386988
161.0 1632 8706 544 1088 3809 4897 1632 26662 544 20132 16868 2176 6529 544 23397 63662 7618 544 9250 69648 544 2176 1088 14147 23397 544 17412 25030 544 24485 3265 6529 389047
162.0 1641 8750 547 1094 3828 4922 1641 26797 547 20235 16953 2188 6563 547 23516 63985 7656 547 9297 70001 547 2188 1094 14219 23516 547 17500 25156 547 24610 3281 6563 391019
163.0 1649 8792 550 1099 3847 4946 1649 26926 550 20332 17035 2198 6594 550 23629 64293 7693 550 9342 70338 550 2198 1099 14287 23629 550 17584 25278 550 24728 3297 6594 392903
164.0 1656 8832 552 1104 3864 4968 1656 27049 552 20425 17113 2208 6624 552 23737 64587 7728 552 9384 70659 552 2208 1104 14353 23737 552 17665 25393 552 24841 3312 6624 394696
165.0 1663 8870 554 1109 3881 4990 1663 27166 554 20513 17186 2218 6653 554 23839 64865 7762 554 9425 70964 554 2218 1109 14414 23839 554 17741 25503 554 24948 3326 6653 396398
166.0 1670 8906 557 1113 3897 5010 1670 27276 557 20596 17256 2227 6680 557 23936 65128 7793 557 9463 71251 557 2227 1113 14473 23936 557 17813 25606 557 25049 3340 6680 398006
167.0 1676 8940 559 1118 3911 5029 1676 27380 559 20674 17322 2235 6705 559 24027 65376 7823 559 9499 71522 559 2235 1118 14528 24027 559 17881 25703 559 25145 3353 6705 399519
168.0 1682 8972 561 1121 3925 5047 1682 27477 561 20748 17383 2243 6729 561 24112 65608 7850 561 9533 71776 561 2243 1121 14579 24112 561 17944 25794 561 25234 3364 6729 400935
169.0 1688 9001 563 1125 3938 5063 1688 27567 563 20816 17440 2250 6751 563 24191 65823 7876 563 9564 72012 563 2250 1125 14627 24191 563 18003 25879 563 25317 3376 6751 402253
170.0 1693 9029 564 1129 3950 5079 1693 27650 564 20879 17493 2257 6772 564 24265 66023 7900 564 9593 72230 564 2257 1129 14672 24265 564 18057 25958 564 25393 3386 6772 403471
171.0 1698 9054 566 1132 3961 5093 1698 27727 566 20937 17542 2263 6790 566 24332 66205 7922 566 9620 72430 566 2263 1132 14712 24332 566 18107 26029 566 25464 3395 6790 404588
172.0 1702 9076 567 1135 3971 5105 1702 27797 567 20989 17586 2269 6807 567 24393 66371 7942 567 9644 72611 567 2269 1135 14749 24393 567 18153 26095 567 25527 3404 6807 405603
173.0 1706 9097 569 1137 3980 5117 1706 27859 569 21036 17625 2274 6823 569 24448 66521 7960 569 9665 72775 569 2274 1137 14782 24448 569 18194 26153 569 25585 3411 6823 406514
174.0 1709 9115 570 1139 3988 5127 1709 27914 570 21078 17660 2279 6836 570 24496 66653 7976 570 9685 72919 570 2279 1139 14812 24496 570 18230 26205 570 25636 3418 6836 407321
175.0 1712 9131 571 1141 3995 5136 1712 27962 571 21114 17690 2283 6848 571 24538 66767 7989 571 9701 73044 571 2283 1141 14837 24538 571 18261 26250 571 25680 3424 6848 408022
176.0 1714 9144 571 1143 4000 5143 1714 28003 571 21145 17716 2286 6858 571 24574 66865 8001 571 9715 73151 571 2286 1143 14859 24574 571 18288 26289 571 25717 3429 6858 408617
177.0 1717 9155 572 1144 4005 5150 1717 28036 572 21170 17737 2289 6866 572 24603 66944 8010 572 9727 73238 572 2289 1144 14877 24603 572 18310 26320 572 25748 3433 6866 409104
178.0 1718 9163 573 1145 4009 5154 1718 28062 573 21190 17754 2291 6872 573 24626 67006 8018 573 9736 73306 573 2291 1145 14890 24626 573 18327 26344 573 25772 3436 6872 409483
179.0 1719 9169 573 1146 4012 5158 1719 28081 573 21204 17766 2292 6877 573 24643 67051 8023 573 9742 73354 573 2292 1146 14900 24643 573 18339 26362 573 25789 3438 6877 409753
180.0 1720 9173 573 1147 4013 5160 1720 28092 573 21212 17773 2293 6880 573 24652 67077 8026 573 9746 73383 573 2293 1147 14906 24652 573 18346 26372 573 25799 3440 6880 409915
181.0 1720 9174 573 1147 4014 5160 1720 28096 573 21215 17775 2294 6881 573 24655 67085 8027 573 9747 73393 573 2294 1147 14908 24655 573 18348 26375 573 25802 3440 6881 409966
182.0 1720 9173 573 1147 4013 5160 1720 28092 573 21212 17772 2293 6880 573 24652 67076 8026 573 9746 73382 573 2293 1147 14906 24652 573 18346 26372 573 25798 3440 6880 409908
183.0 1719 9169 573 1146 4011 5158 1719 28080 573 21203 17765 2292 6877 573 24642 67048 8023 573 9742 73352 573 2292 1146 14900 24642 573 18338 26361 573 25788 3438 6877 409740
184.0 1718 9163 573 1145 4009 5154 1718 28061 573 21189 17753 2291 6872 573 24625 67003 8017 573 9735 73302 573 2291 1145 14889 24625 573 18326 26343 573 25770 3436 6872 409461
185.0 1716 9154 572 1144 4005 5149 1716 28034 572 21169 17736 2289 6866 572 24601 66939 8010 572 9726 73232 572 2289 1144 14875 24601 572 18308 26318 572 25746 3433 6866 409071
186.0 1714 9143 571 1143 4000 5143 1714 28000 571 21143 17714 2286 6857 571 24571 66857 8000 571 9714 73143 571 2286 1143 14857 24571 571 18286 26286 571 25714 3429 6857 408572
187.0 1712 9129 571 1141 3994 5135 1712 27958 571 21111 17688 2282 6847 571 24535 66757 7988 571 9700 73034 571 2282 1141 14835 24535 571 18258 26246 571 25676 3423 6847 407962
188.0 1709 9113 570 1139 3987 5126 1709 27909 570 21074 17657 2278 6835 570 24491 66640 7974 570 9683 72905 570 2278 1139 14809 24491 570 18226 26200 570 25631 3417 6835 407242
189.0 1705 9095 568 1137 3979 5116 1705 27852 568 21031 17621 2274 6821 568 24442 66504 7958 568 9663 72756 568 2274 1137 14779 24442 568 18189 26147 568 25578 3410 6821 406413
190.0 1701 9074 567 1134 3970 5104 1701 27788 567 20983 17580 2268 6805 567 24385 66350 7939 567 9641 72588 567 2268 1134 14745 24385 567 18147 26086 567 25519 3403 6805 405474
191.0 1697 9050 566 1131 3959 5091 1697 27716 566 20928 17535 2263 6788 566 24322 66179 7919 566 9616 72401 566 2263 1131 14706 24322 566 18100 26019 566 25453 3394 6788 404427
192.0 1692 9024 564 1128 3948 5076 1692 27637 564 20869 17485 2256 6768 564 24253 65990 7896 564 9588 72194 564 2256 1128 14664 24253 564 18049 25945 564 25381 3384 6768 403273
193.0 1687 8996 562 1125 3936 5060 1687 27550 562 20803 17430 2249 6747 562 24177 65784 7872 562 9558 71968 562 2249 1125 14619 24177 562 17992 25864 562 25301 3374 6747 402011
194.0 1681 8965 560 1121 3922 5043 1681 27457 560 20733 17371 2241 6724 560 24095 65560 7845 560 9526 71724 560 2241 1121 14569 24095 560 17931 25776 560 25215 3362 6724 400643
195.0 1675 8932 558 1117 3908 5025 1675 27356 558 20656 17307 2233 6699 558 24006 65319 7816 558 9491 71460 558 2233 1117 14515 24006 558 17865 25681 558 25123 3350 6699 399170
196.0 1668 8897 556 1112 3893 5005 1668 27248 556 20575 17238 2224 6673 556 23911 65061 7785 556 9453 71178 556 2224 1112 14458 23911 556 17794 25579 556 25023 3336 6673 397593
197.0 1661 8860 554 1107 3876 4984 1661 27133 554 20488 17165 2215 6645 554 23810 64786 7752 554 9413 70877 554 2215 1107 14397 23810 554 17719 25471 554 24918 3322 6645 395913
198.0 1654 8820 551 1102 3859 4961 1654 27010 551 20396 17088 2205 6615 551 23703 64494 7717 551 9371 70558 551 2205 1102 14332 23703 551 17639 25357 551 24805 3307 6615 394131
199.0 1646 8778 549 1097 3840 4937 1646 26881 549 20298 17007 2194 6583 549 23590 64186 7680 549 9326 70221 549 2194 1097 14264 23590 549 17555 25236 549 24687 3292 6583 392249
200.0 1637 8733 546 1092 3821 4912 1637 26746 546 20196 16921 2183 6550 546 23471 63862 7642 546 9279 69866 546 2183 1092 14192 23471 546 17467 25108 546 24562 3275 6550 390269
201.0 1629 8687 543 1086 3800 4886 1629 26603 543 20088 16831 2172 6515 543 23346 63522 7601 543 9230 69494 543 2172 1086 14116 23346 543 17374 24974 543 24432 3258 6515 388191
202.0 1620 8638 540 1080 3779 4859 1620 26454 540 19976 16736 2160 6479 540 23215 63166 7558 540 9178 69105 540 2160 1080 14037 23215 540 17276 24835 540 24295 3239 6479 386017
203.0 1610 8587 537 1073 3757 4830 1610 26299 537 19858 16638 2147 6441 537 23079 62795 7514 537 9124 68699 537 2147 1073 13955 23079 537 17175 24689 537 24152 3220 6441 383749
204.0 1600 8535 533 1067 3734 4801 1600 26137 533 19736 16536 2134 6401 533 22937 62409 7468 533 9068 68277 533 2134 1067 13869 22937 533 17069 24537 533 24004 3200 6401 381389
205.0 1590 8480 530 1060 3710 4770 1590 25969 530 19609 16430 2120 6360 530 22789 62008 7420 530 9010 67838 530 2120 1060 13780 22789 530 16960 24379 530 23849 3180 6360 378939
206.0 1579 8423 526 1053 3685 4738 1579 25795 526 19478 16319 2106 6317 526 22637 61593 7370 526 8949 67384 526 2106 1053 13687 22637 526 16846 24216 526 23690 3159 6317 376400
207.0 1568 8364 523 1046 3659 4705 1568 25615 523 19342 16206 2091 6273 523 22479 61163 7319 523 8887 66914 523 2091 1046 13592 22479 523 16728 24047 523 23524 3137 6273 373775
208.0 1557 8304 519 1038 3633 4671 1557 25430 519 19202 16088 2076 6228 519 22316 60720 7266 519 8823 66429 519 2076 1038 13493 22316 519 16607 23873 519 23354 3114 6228 371066
209.0 1545 8241 515 1030 3605 4636 1545 25238 515 19058 15967 2060 6181 515 22148 60263 7211 515 8756 65929 515 2060 1030 13392 22148 515 16482 23693 515 23178 3090 6181 368275
210.0 1533 8177 511 1022 3577 4599 1533 25042 511 18909 15843 2044 6133 511 21975 59793 7155 511 8688 65415 511 2044 1022 13287 21975 511 16354 23508 511 22997 3066 6133 365404
211.0 1521 8111 507 1014 3549 4562 1521 24840 507 18756 15715 2028 6083 507 21798 59311 7097 507 8618 64887 507 2028 1014 13180 21798 507 16222 23319 507 22812 3042 6083 362455
212.0 1508 8043 503 1005 3519 4524 1508 24632 503 18600 15584 2011 6032 503 21616 58816 7038 503 8546 64346 503 2011 1005 13070 21616 503 16086 23124 503 22622 3016 6032 359431
213.0 1495 7974 498 997 3489 4485 1495 24420 498 18440 15449 1993 5980 498 21430 58309 6977 498 8472 63791 498 1993 997 12958 21430 498 15948 22925 498 22427 2990 5980 356334
214.0 1482 7903 494 988 3458 4445 1482 24203 494 18276 15312 1976 5927 494 21239 57791 6915 494 8397 63224 494 1976 988 12842 21239 494 15806 22721 494 22227 2964 5927 353167
215.0 1468 7831 489 979 3426 4405 1468 23981 489 18108 15172 1958 5873 489 21045 57262 6852 489 8320 62645 489 1958 979 12725 21045 489 15661 22513 489 22024 2936 5873 349931
216.0 1454 7757 485 970 3394 4363 1454 23755 485 17938 15029 1939 5818 485 20846 56721 6787 485 8242 62054 485 1939 970 12605 20846 485 15514 22301 485 21816 2909 5818 346631
217.0 1440 7682 480 960 3361 4321 1440 23525 480 17763 14883 1920 5761 480 20644 56171 6721 480 8162 61452 480 1920 960 12482 20644 480 15363 22084 480 21604 2881 5761 343267
218.0 1426 7605 475 951 3327 4278 1426 23290 475 17586 14734 1901 5704 475 20438 55611 6654 475 8080 60839 475 1901 951 12358 20438 475 15210 21864 475 21389 2852 5704 339843
219.0 1411 7527 470 941 3293 4234 1411 23051 470 17406 14584 1882 5645 470 20229 55041 6586 470 7997 60216 470 1882 941 12231 20229 470 15054 21640 470 21170 2823 5645 336362
220.0 1396 7448 465 931 3258 4189 1396 22809 465 17223 14430 1862 5586 465 20016 54462 6517 465 7913 59583 465 1862 931 12103 20016 465 14896 21413 465 20947 2793 5586 332825
221.0 1381 7368 460 921 3223 4144 1381 22563 460 17037 14275 1842 5526 460 19800 53875 6447 460 7828 58940 460 1842 921 11972 19800 460 14735 21182 460 20721 2763 5526 329236
222.0 1366 7286 455 911 3188 4098 1366 22314 455 16849 14117 1822 5465 455 19581 53280 6375 455 7741 58289 455 1822 911 11840 19581 455 14572 20948 455 20492 2732 5465 325598
223.0 1351 7204 450 900 3152 4052 1351 22061 450 16658 13957 1801 5403 450 19360 52677 6303 450 7654 57629 450 1801 900 11706 19360 450 14407 20710 450 20260 2701 5403 321913
224.0 1335 7120 445 890 3115 4005 1335 21806 445 16465 13795 1780 5340 445 19135 52066 6230 445 7565 56961 445 1780 890 11570 19135 445 14240 20471 445 20026 2670 5340 318183
225.0 1319 7036 440 879 3078 3958 1319 21547 440 16270 13632 1759 5277 440 18909 51449 6156 440 7476 56286 440 1759 879 11433 18909 440 14072 20228 440 19788 2638 5277 314412
226.0 1303 6951 434 869 3041 3910 1303 21286 434 16073 13467 1738 5213 434 18680 50826 6082 434 7385 55604 434 1738 869 11295 18680 434 13901 19983 434 19548 2606 5213 310602
227.0 1287 6864 429 858 3003 3861 1287 21022 429 15874 13300 1716 5148 429 18448 50197 6006 429 7294 54916 429 1716 858 11155 18448 429 13729 19735 429 19306 2574 5148 306757
228.0 1271 6778 424 847 2965 3812 1271 20757 424 15673 13132 1694 5083 424 18215 49562 5930 424 7201 54221 424 1694 847 11014 18215 424 13555 19486 424 19062 2542 5083 302878
229.0 1254 6690 418 836 2927 3763 1254 20489 418 15471 12962 1673 5018 418 17980 48922 5854 418 7108 53522 418 1673 836 10872 17980 418 13380 19234 418 18816 2509 5018 298968
230.0 1238 6602 413 825 2888 3714 1238 20219 413 15267 12792 1651 4952 413 17743 48278 5777 413 7015 52817 413 1651 825 10728 17743 413 13204 18981 413 18568 2476 4952 295031
231.0 1221 6513 407 814 2850 3664 1221 19947 407 15062 12620 1628 4885 407 17505 47629 5699 407 6921 52107 407 1628 814 10584 17505 407 13027 18726 407 18319 2443 4885 291069
232.0 1205 6424 402 803 2811 3614 1205 19674 402 14856 12447 1606 4818 402 17265 46977 5621 402 6826 51394 402 1606 803 10439 17265 402 12849 18470 402 18068 2409 4818 287084
233.0 1188 6335 396 792 2771 3563 1188 19400 396 14649 12273 1584 4751 396 17024 46322 5543 396 6731 50677 396 1584 792 10294 17024 396 12669 18212 396 17816 2375 4751 283079
234.0 1171 6245 390 781 2732 3513 1171 19124 390 14441 12099 1561 4683 390 16782 45664 5464 390 6635 49957 390 1561 781 10148 16782 390 12489 17953 390 17563 2342 4683 279057
235.0 1154 6154 385 769 2693 3462 1154 18848 385 14232 11924 1539 4616 385 16540 45003 5385 385 6539 49235 385 1539 769 10001 16540 385 12309 17694 385 17309 2308 4616 275021
236.0 1137 6064 379 758 2653 3411 1137 18570 379 14022 11748 1516 4548 379 16296 44341 5306 379 6443 48510 379 1516 758 9854 16296 379 12127 17433 379 17054 2274 4548 270973
237.0 1120 5973 373 747 2613 3360 1120 18292 373 13812 11573 1493 4480 373 16052 43677 5226 373 6346 47783 373 1493 747 9706 16052 373 11946 17172 373 16799 2240 4480 266915
238.0 1103 5882 368 735 2573 3309 1103 18014 368 13602 11396 1470 4411 368 15808 43012 5147 368 6250 47056 368 1470 735 9558 15808 368 11764 16911 368 16543 2206 4411 262851
239.0 1086 5791 362 724 2534 3257 1086 17735 362 13391 11220 1448 4343 362 15563 42346 5067 362 6153 46327 362 1448 724 9410 15563 362 11582 16649 362 16287 2172 4343 258782
240.0 1069 5700 356 712 2494 3206 1069 17456 356 13181 11043 1425 4275 356 15318 41680 4987 356 6056 45599 356 1425 712 9262 15318 356 11400 16387 356 16031 2137 4275 254711
241.0 1052 5609 351 701 2454 3155 1052 17177 351 12970 10867 1402 4207 351 15073 41014 4908 351 5959 44870 351 1402 701 9114 15073 351 11217 16125 351 15775 2103 4207 250640
242.0 1035 5518 345 690 2414 3104 1035 16898 345 12760 10691 1379 4138 345 14829 40348 4828 345 5863 44142 345 1379 690 8966 14829 345 11035 15863 345 15519 2069 4138 246572
243.0 1018 5427 339 678 2374 3053 1018 16620 339 12549 10514 1357 4070 339 14584 39683 4748 339 5766 43414 339 1357 678 8819 14584 339 10854 15602 339 15263 2035 4070 242509
244.0 1001 5336 334 667 2335 3002 1001 16342 334 12340 10339 1334 4002 334 14341 39020 4669 334 5670 42688 334 1334 667 8671 14341 334 10672 15341 334 15008 2001 4002 238454
245.0 984 5245 328 656 2295 2951 984 16064 328 12130 10163 1311 3934 328 14097 38358 4590 328 5573 41964 328 1311 656 8524 14097 328 10491 15081 328 14753 1967 3934 234408
246.0 967 5155 322 644 2255 2900 967 15788 322 11921 9988 1289 3866 322 13855 37697 4511 322 5477 41242 322 1289 644 8377 13855 322 10310 14821 322 14499 1933 3866 230373
247.0 950 5065 317 633 2216 2849 950 15512 317 11713 9814 1266 3799 317 13613 37039 4432 317 5382 40522 317 1266 633 8231 13613 317 10130 14563 317 14246 1899 3799 226352
248.0 933 4976 311 622 2177 2799 933 15238 311 11506 9640 1244 3732 311 13372 36384 4354 311 5287 39805 311 1244 622 8085 13372 311 9951 14305 311 13994 1866 3732 222347
249.0 916 4886 305 611 2138 2749 916 14964 305 11300 9467 1222 3665 305 13132 35731 4276 305 5192 39091 305 1222 611 7940 13132 305 9773 14048 305 13743 1832 3665 218359
250.0 900 4798 300 600 2099 2699 900 14693 300 11094 9295 1199 3598 300 12893 35082 4198 300 5097 38381 300 1199 600 7796 12893 300 9595 13793 300 13493 1799 3598 214391
251.0 883 4709 294 589 2060 2649 883 14422 294 10890 9124 1177 3532 294 12656 34436 4121 294 5004 37674 294 1177 589 7653 12656 294 9418 13539 294 13245 1766 3532 210444
252.0 867 4621 289 578 2022 2600 867 14153 289 10687 8954 1155 3466 289 12420 33794 4044 289 4910 36972 289 1155 578 7510 12420 289 9243 13287 289 12998 1733 3466 206521
253.0 850 4534 283 567 1984 2550 850 13886 283 10485 8785 1134 3401 283 12186 33156 3967 283 4818 36274 283 1134 567 7368 12186 283 9068 13036 283 12752 1700 3401 202622
254.0 834 4448 278 556 1946 2502 834 13621 278 10285 8617 1112 3336 278 11953 32523 3892 278 4726 35581 278 1112 556 7227 11953 278 8895 12787 278 12509 1668 3336 198751
255.0 818 4362 273 545 1908 2453 818 13357 273 10086 8451 1090 3271 273 11722 31894 3816 273 4634 34892 273 1090 545 7088 11722 273 8723 12539 273 12267 1636 3271 194907
256.0 802 4276 267 535 1871 2405 802 13096 267 9889 8285 1069 3207 267 11492 31270 3742 267 4543 34210 267 1069 535 6949 11492 267 8552 12294 267 12027 1604 3207 191093
257.0 786 4192 262 524 1834 2358 786 12837 262 9693 8121 1048 3144 262 11265 30651 3668 262 4454 33532 262 1048 524 6811 11265 262 8383 12051 262 11789 1572 3144 187310
258.0 770 4108 257 513 1797 2311 770 12580 257 9499 7959 1027 3081 257 11039 30037 3594 257 4364 32861 257 1027 513 6675 11039 257 8215 11809 257 11553 1540 3081 183559
259.0 755 4024 252 503 1761 2264 755 12325 252 9307 7797 1006 3018 252 10816 29429 3521 252 4276 32196 252 1006 503 6540 10816 252 8049 11570 252 11319 1509 3018 179843
260.0 739 3942 246 493 1725 2217 739 12073 246 9116 7638 986 2957 246 10594 28826 3449 246 4188 31537 246 986 493 6406 10594 246 7884 11333 246 11087 1478 2957 176161
261.0 724 3861 241 483 1689 2172 724 11823 241 8927 7480 965 2895 241 10375 28230 3378 241 4102 30884 241 965 483 6273 10375 241 7721 11099 241 10858 1448 2895 172516
262.0 709 3780 236 472 1654 2126 709 11576 236 8741 7323 945 2835 236 10158 27640 3307 236 4016 30238 236 945 472 6142 10158 236 7560 10867 236 10631 1417 2835 168909
263.0 694 3700 231 462 1619 2081 694 11331 231 8556 7169 925 2775 231 9944 27056 3237 231 3931 29599 231 925 462 6012 9944 231 7400 10637 231 10406 1387 2775 165340
264.0 679 3621 226 453 1584 2037 679 11089 226 8373 7016 905 2716 226 9731 26478 3168 226 3847 28968 226 905 453 5884 9731 226 7242 10410 226 10184 1358 2716 161811
265.0 664 3543 221 443 1550 1993 664 10850 221 8193 6864 886 2657 221 9521 25907 3100 221 3764 28343 221 886 443 5757 9521 221 7086 10186 221 9964 1329 2657 158323
266.0 650 3466 217 433 1516 1949 650 10614 217 8015 6715 866 2599 217 9314 25343 3033 217 3682 27726 217 866 433 5632 9314 217 6931 9964 217 9747 1300 2599 154875
267.0 636 3390 212 424 1483 1907 636 10381 212 7838 6567 847 2542 212 9109 24786 2966 212 3601 27116 212 847 424 5508 9109 212 6779 9745 212 9533 1271 2542 151471
268.0 621 3314 207 414 1450 1864 621 10150 207 7664 6422 829 2486 207 8907 24236 2900 207 3521 26515 207 829 414 5386 8907 207 6629 9529 207 9322 1243 2486 148109
269.0 608 3240 203 405 1418 1823 608 9923 203 7493 6278 810 2430 203 8708 23693 2835 203 3443 25921 203 810 405 5265 8708 203 6480 9315 203 9113 1215 2430 144791
270.0 594 3167 198 396 1385 1781 594 9698 198 7323 6136 792 2375 198 8511 23157 2771 198 3365 25335 198 792 396 5146 8511 198 6334 9105 198 8907 1188 2375 141518
271.0 580 3095 193 387 1354 1741 580 9477 193 7156 5996 774 2321 193 8317 22629 2708 193 3288 24757 193 774 387 5029 8317 193 6189 8897 193 8704 1160 2321 138289
272.0 567 3023 189 378 1323 1701 567 9259 189 6992 5858 756 2268 189 8125 22108 2645 189 3212 24187 189 756 378 4913 8125 189 6047 8692 189 8503 1134 2268 135106
273.0 554 2953 185 369 1292 1661 554 9044 185 6829 5722 738 2215 185 7937 21595 2584 185 3138 23625 185 738 369 4799 7937 185 5906 8490 185 8306 1107 2215 131969
274.0 541 2884 180 361 1262 1622 541 8832 180 6669 5588 721 2163 180 7751 21089 2524 180 3064 23072 180 721 361 4687 7751 180 5768 8292 180 8111 1082 2163 128879
275.0 528 2816 176 352 1232 1584 528 8624 176 6512 5456 704 2112 176 7568 20591 2464 176 2992 22527 176 704 352 4576 7568 176 5632 8096 176 7920 1056 2112 125836
276.0 515 2749 172 344 1203 1546 515 8418 172 6357 5326 687 2062 172 7388 20101 2405 172 2921 21991 172 687 344 4467 7388 172 5498 7903 172 7731 1031 2062 122839
277.0 503 2683 168 335 1174 1509 503 8216 168 6204 5198 671 2012 168 7210 19618 2348 168 2851 21463 168 671 335 4360 7210 168 5366 7713 168 7546 1006 2012 119891
278.0 491 2618 164 327 1145 1473 491 8017 164 6054 5072 654 1963 164 7036 19144 2291 164 2782 20944 164 654 327 4254 7036 164 5236 7527 164 7363 982 1963 116990
279.0 479 2554 160 319 1117 1437 479 7822 160 5906 4949 639 1916 160 6864 18677 2235 160 2714 20433 160 639 319 4150 6864 160 5108 7343 160 7183 958 1916 114136
280.0 467 2491 156 311 1090 1401 467 7630 156 5761 4827 623 1868 156 6695 18218 2180 156 2647 19931 156 623 311 4048 6695 156 4983 7163 156 7007 934 1868 111331
281.0 456 2430 152 304 1063 1367 456 7441 152 5619 4707 607 1822 152 6530 17767 2126 152 2581 19437 152 607 304 3948 6530 152 4859 6985 152 6833 911 1822 108574
282.0 444 2369 148 296 1036 1333 444 7255 148 5478 4590 592 1777 148 6367 17323 2073 148 2517 18952 148 592 296 3850 6367 148 4738 6811 148 6663 888 1777 105865
283.0 433 2309 144 289 1010 1299 433 7073 144 5341 4475 577 1732 144 6207 16888 2021 144 2454 18476 144 577 289 3753 6207 144 4619 6640 144 6495 866 1732 103204
284.0 422 2251 141 281 985 1266 422 6894 141 5205 4361 563 1688 141 6050 16460 1970 141 2392 18008 141 563 281 3658 6050 141 4502 6472 141 6331 844 1688 100591
285.0 411 2194 137 274 960 1234 411 6718 137 5073 4250 548 1645 137 5895 16041 1919 137 2331 17549 137 548 274 3565 5895 137 4387 6307 137 6169 823 1645 98026
286.0 401 2137 134 267 935 1202 401 6545 134 4942 4141 534 1603 134 5744 15629 1870 134 2271 17098 134 534 267 3473 5744 134 4275 6145 134 6011 801 1603 95509
287.0 390 2082 130 260 911 1171 390 6376 130 4815 4034 520 1561 130 5595 15225 1822 130 2212 16656 130 520 260 3383 5595 130 4164 5986 130 5856 781 1561 93039
288.0 380 2028 127 253 887 1141 380 6210 127 4689 3929 507 1521 127 5450 14828 1774 127 2155 16222 127 507 253 3295 5450 127 4056 5830 127 5703 760 1521 90618
289.0 370 1975 123 247 864 1111 370 6047 123 4566 3826 494 1481 123 5307 14440 1728 123 2098 15797 123 494 247 3209 5307 123 3949 5677 123 5554 741 1481 88243
290.0 360 1923 120 240 841 1081 360 5888 120 4446 3725 481 1442 120 5167 14059 1682 120 2043 15381 120 481 240 3124 5167 120 3845 5527 120 5407 721 1442 85915
291.0 351 1872 117 234 819 1053 351 5732 117 4328 3626 468 1404 117 5030 13686 1638 117 1989 14972 117 468 234 3041 5030 117 3743 5381 117 5264 702 1404 83635
292.0 342 1822 114 228 797 1025 342 5578 114 4212 3529 455 1366 114 4895 13320 1594 114 1935 14572 114 455 228 2960 4895 114 3643 5237 114 5123 683 1366 81400
293.0 332 1773 111 222 776 997 332 5429 111 4099 3434 443 1329 111 4764 12962 1551 111 1883 14181 111 443 222 2880 4764 111 3545 5096 111 4985 665 1329 79212
294.0 323 1725 108 216 755 970 323 5282 108 3988 3341 431 1293 108 4635 12611 1509 108 1832 13797 108 431 216 2803 4635 108 3449 4958 108 4851 647 1293 77070
295.0 315 1678 105 210 734 944 315 5138 105 3880 3251 419 1258 105 4509 12268 1468 105 1783 13422 105 419 210 2726 4509 105 3355 4823 105 4719 629 1258 74973
296.0 306 1632 102 204 714 918 306 4997 102 3774 3162 408 1224 102 4385 11932 1428 102 1734 13054 102 408 204 2652 4385 102 3264 4691 102 4589 612 1224 72920
297.0 298 1587 99 198 694 893 298 4860 99 3670 3075 397 1190 99 4265 11604 1388 99 1686 12695 99 397 198 2579 4265 99 3174 4562 99 4463 595 1190 70913
298.0 289 1543 96 193 675 868 289 4725 96 3568 2989 386 1157 96 4147 11283 1350 96 1639 12343 96 386 193 2507 4147 96 3086 4436 96 4339 579 1157 68949
299.0 281 1500 94 187 656 844 281 4594 94 3469 2906 375 1125 94 4031 10968 1312 94 1594 12000 94 375 187 2437 4031 94 3000 4312 94 4219 562 1125 67029
300.0 273 1458 91 182 638 820 273 4465 91 3371 2825 364 1093 91 3918 10661 1276 91 1549 11664 91 364 182 2369 3918 91 2916 4192 91 4100 547 1093 65152
301.0 266 1417 89 177 620 797 266 4339 89 3277 2745 354 1063 89 3808 10361 1240 89 1505 11335 89 354 177 2302 3808 89 2834 4074 89 3985 531 1063 63317
302.0 258 1377 86 172 602 774 258 4216 86 3184 2668 344 1033 86 3700 10068 1205 86 1463 11014 86 344 172 2237 3700 86 2754 3958 86 3872 516 1033 61525
303.0 251 1338 84 167 585 752 251 4096 84 3093 2592 334 1003 84 3595 9781 1170 84 1421 10701 84 334 167 2174 3595 84 2675 3846 84 3762 502 1003 59774
304.0 244 1299 81 162 568 731 244 3979 81 3005 2517 325 975 81 3492 9501 1137 81 1381 10395 81 325 162 2111 3492 81 2599 3736 81 3654 487 975 58064
305.0 237 1262 79 158 552 710 237 3865 79 2918 2445 315 946 79 3392 9228 1104 79 1341 10096 79 315 158 2051 3392 79 2524 3628 79 3549 473 946 56394
306.0 230 1226 77 153 536 689 230 3753 77 2834 2374 306 919 77 3294 8961 1072 77 1302 9804 77 306 153 1991 3294 77 2451 3523 77 3447 460 919 54765
307.0 223 1190 74 149 521 669 223 3644 74 2752 2305 297 892 74 3198 8701 1041 74 1264 9519 74 297 149 1934 3198 74 2380 3421 74 3347 446 892 53174
308.0 217 1155 72 144 505 650 217 3538 72 2671 2238 289 866 72 3105 8447 1011 72 1227 9241 72 289 144 1877 3105 72 2310 3321 72 3249 433 866 51622
309.0 210 1121 70 140 491 631 210 3434 70 2593 2173 280 841 70 3014 8200 981 70 1191 8970 70 280 140 1822 3014 70 2243 3224 70 3154 420 841 50108
310.0 204 1088 68 136 476 612 204 3333 68 2517 2109 272 816 68 2925 7958 952 68 1156 8706 68 272 136 1768 2925 68 2177 3129 68 3061 408 816 48632
311.0 198 1056 66 132 462 594 198 3234 66 2442 2046 264 792 66 2838 7722 924 66 1122 8448 66 264 132 1716 2838 66 2112 3036 66 2970 396 792 47192
312.0 192 1025 64 128 448 576 192 3138 64 2369 1985 256 768 64 2754 7493 897 64 1089 8197 64 256 128 1665 2754 64 2049 2946 64 2882 384 768 45789
313.0 186 994 62 124 435 559 186 3044 62 2299 1926 249 746 62 2671 7269 870 62 1056 7952 62 249 124 1615 2671 62 1988 2858 62 2796 373 746 44421
314.0 181 964 60 121 422 542 181 2953 60 2230 1868 241 723 60 2591 7051 844 60 1024 7714 60 241 121 1567 2591 60 1928 2772 60 2712 362 723 43088
315.0 175 935 58 117 409 526 175 2864 58 2163 1812 234 701 58 2513 6838 818 58 994 7481 58 234 117 1520 2513 58 1870 2689 58 2630 351 701 41789
316.0 170 907 57 113 397 510 170 2777 57 2097 1757 227 680 57 2437 6631 793 57 964 7255 57 227 113 1474 2437 57 1814 2607 57 2550 340 680 40525
317.0 165 879 55 110 385 495 165 2693 55 2033 1704 220 659 55 2363 6430 769 55 934 7034 55 220 110 1429 2363 55 1759 2528 55 2473 330 659 39293
318.0 160 852 53 107 373 479 160 2611 53 1971 1652 213 639 53 2291 6233 746 53 906 6820 53 213 107 1385 2291 53 1705 2451 53 2397 320 639 38094
319.0 155 826 52 103 362 465 155 2531 52 1911 1601 207 620 52 2221 6042 723 52 878 6611 52 207 103 1343 2221 52 1653 2376 52 2324 310 620 36926
320.0 150 801 50 100 350 451 150 2453 50 1852 1552 200 601 50 2152 5857 701 50 851 6407 50 200 100 1301 2152 50 1602 2303 50 2253 300 601 35790
321.0 146 776 49 97 340 437 146 2377 49 1795 1504 194 582 49 2086 5676 679 49 825 6209 49 194 97 1261 2086 49 1552 2231 49 2183 291 582 34684
322.0 141 752 47 94 329 423 141 2303 47 1739 1457 188 564 47 2021 5500 658 47 799 6017 47 188 94 1222 2021 47 1504 2162 47 2115 282 564 33608
323.0 137 729 46 91 319 410 137 2232 46 1685 1412 182 546 46 1958 5328 638 46 774 5829 46 182 91 1184 1958 46 1457 2095 46 2049 273 546 32562
324.0 132 706 44 88 309 397 132 2162 44 1632 1368 176 529 44 1897 5162 618 44 750 5647 44 176 88 1147 1897 44 1412 2029 44 1985 265 529 31545
325.0 128 684 43 85 299 385 128 2094 43 1581 1325 171 513 43 1838 5000 598 43 726 5470 43 171 85 1111 1838 43 1367 1966 43 1923 256 513 30555
326.0 124 662 41 83 290 372 124 2028 41 1531 1283 166 497 41 1780 4842 579 41 704 5298 41 166 83 1076 1780 41 1324 1904 41 1862 248 497 29593
327.0 120 641 40 80 281 361 120 1964 40 1483 1243 160 481 40 1723 4689 561 40 681 5130 40 160 80 1042 1723 40 1283 1844 40 1804 240 481 28658
328.0 116 621 39 78 272 349 116 1902 39 1436 1203 155 466 39 1669 4541 543 39 660 4968 39 155 78 1009 1669 39 1242 1785 39 1746 233 466 27749
329.0 113 601 38 75 263 338 113 1841 38 1390 1165 150 451 38 1616 4396 526 38 639 4810 38 150 75 977 1616 38 1202 1728 38 1691 225 451 26866
330.0 109 582 36 73 255 327 109 1782 36 1346 1128 146 437 36 1564 4256 509 36 618 4656 36 146 73 946 1564 36 1164 1673 36 1637 218 437 26008
331.0 106 563 35 70 246 317 106 1725 35 1303 1092 141 423 35 1514 4120 493 35 599 4507 35 141 70 915 1514 35 1127 1620 35 1584 211 423 25175
332.0 102 545 34 68 239 307 102 1670 34 1261 1056 136 409 34 1465 3987 477 34 579 4362 34 136 68 886 1465 34 1091 1568 34 1534 204 409 24366
333.0 99 528 33 66 231 297 99 1616 33 1220 1022 132 396 33 1418 3859 462 33 561 4221 33 132 66 857 1418 33 1055 1517 33 1484 198 396 23580
334.0 96 511 32 64 223 287 96 1564 32 1181 989 128 383 32 1372 3734 447 32 543 4085 32 128 64 830 1372 32 1021 1468 32 1436 191 383 22817
335.0 93 494 31 62 216 278 93 1513 31 1142 957 124 371 31 1328 3613 432 31 525 3952 31 124 62 803 1328 31 988 1420 31 1389 185 371 22076
336.0 90 478 30 60 209 269 90 1464 30 1105 926 119 358 30 1284 3495 418 30 508 3823 30 119 60 777 1284 30 956 1374 30 1344 179 358 21358
337.0 87 462 29 58 202 260 87 1416 29 1069 896 116 347 29 1242 3381 405 29 491 3699 29 116 58 751 1242 29 925 1329 29 1300 173 347 20660
338.0 84 447 28 56 196 252 84 1369 28 1034 866 112 335 28 1202 3270 391 28 475 3577 28 112 56 727 1202 28 894 1286 28 1258 168 335 19983
339.0 81 432 27 54 189 243 81 1324 27 1000 838 108 324 27 1162 3163 378 27 460 3460 27 108 54 703 1162 27 865 1243 27 1216 162 324 19327
340.0 78 418 26 52 183 235 78 1281 26 967 810 105 314 26 1124 3058 366 26 444 3346 26 105 52 680 1124 26 836 1202 26 1176 157 314 18690
341.0 76 404 25 51 177 227 76 1239 25 935 784 101 303 25 1087 2957 354 25 430 3235 25 101 51 657 1087 25 809 1163 25 1137 152 303 18072
342.0 73 391 24 49 171 220 73 1197 24 904 758 98 293 24 1051 2859 342 24 415 3128 24 98 49 635 1051 24 782 1124 24 1100 147 293 17473
343.0 71 378 24 47 165 213 71 1158 24 874 732 95 284 24 1016 2764 331 24 402 3024 24 95 47 614 1016 24 756 1087 24 1063 142 284 16892
344.0 69 365 23 46 160 206 69 1119 23 845 708 91 274 23 982 2672 320 23 388 2923 23 91 46 594 982 23 731 1051 23 1028 137 274 16329
345.0 66 353 22 44 155 199 66 1082 22 817 684 88 265 22 949 2583 309 22 375 2826 22 88 44 574 949 22 706 1015 22 993 132 265 15783
346.0 64 341 21 43 149 192 64 1045 21 789 661 85 256 21 917 2496 299 21 363 2731 21 85 43 555 917 21 683 981 21 960 128 256 15255
347.0 62 330 21 41 144 186 62 1010 21 763 639 82 247 21 887 2412 289 21 351 2639 21 82 41 536 887 21 660 948 21 928 124 247 14742
348.0 60 319 20 40 139 179 60 976 20 737 618 80 239 20 857 2331 279 20 339 2550 20 80 40 518 857 20 638 916 20 897 120 239 14245
349.0 58 308 19 39 135 173 58 943 19 712 597 77 231 19 828 2252 270 19 327 2464 19 77 39 501 828 19 616 886 19 866 116 231 13764
350.0 56 298 19 37 130 167 56 911 19 688 577 74 223 19 800 2176 260 19 316 2381 19 74 37 484 800 19 595 856 19 837 112 223 13298
351.0 54 287 18 36 126 162 54 880 18 665 557 72 216 18 773 2102 252 18 305 2300 18 72 36 467 773 18 575 827 18 809 108 216 12847
352.0 52 278 17 35 121 156 52 850 17 642 538 69 208 17 746 2031 243 17 295 2222 17 69 35 451 746 17 555 798 17 781 104 208 12410
353.0 50 268 17 34 117 151 50 821 17 620 520 67 201 17 721 1961 235 17 285 2146 17 67 34 436 721 17 536 771 17 754 101 201 11987
354.0 49 259 16 32 113 146 49 793 16 599 502 65 194 16 696 1894 227 16 275 2072 16 65 32 421 696 16 518 745 16 729 97 194 11577
355.0 47 250 16 31 109 141 47 766 16 579 485 63 188 16 672 1829 219 16 266 2001 16 63 31 407 672 16 500 719 16 704 94 188 11180
356.0 45 242 15 30 106 136 45 740 15 559 468 60 181 15 649 1767 211 15 257 1933 15 60 30 393 649 15 483 695 15 679 91 181 10796
357.0 44 233 15 29 102 131 44 714 15 539 452 58 175 15 627 1706 204 15 248 1866 15 58 29 379 627 15 467 671 15 656 87 175 10424
358.0 42 225 14 28 99 127 42 690 14 521 436 56 169 14 605 1647 197 14 239 1802 14 56 28 366 605 14 450 648 14 633 84 169 10065
359.0 41 217 14 27 95 122 41 666 14 503 421 54 163 14 584 1590 190 14 231 1740 14 54 27 353 584 14 435 625 14 612 82 163 9717
360.0 39 210 13 26 92 118 39 643 13 485 407 52 157 13 564 1535 184 13 223 1679 13 52 26 341 564 13 420 603 13 590 79 157 9380
361.0 38 203 13 25 89 114 38 621 13 469 393 51 152 13 545 1482 177 13 215 1621 13 51 25 329 545 13 405 583 13 570 76 152 9054
362.0 37 196 12 24 86 110 37 599 12 452 379 49 147 12 526 1430 171 12 208 1565 12 49 24 318 526 12 391 562 12 550 73 147 8739
363.0 35 189 12 24 83 106 35 578 12 436 366 47 142 12 507 1380 165 12 201 1510 12 47 24 307 507 12 377 543 12 531 71 142 8435
364.0 34 182 11 23 80 102 34 558 11 421 353 46 137 11 490 1332 159 11 194 1457 11 46 23 296 490 11 364 524 11 512 68 137 8140
365.0 33 176 11 22 77 99 33 538 11 406 341 44 132 11 472 1285 154 11 187 1406 11 44 22 286 472 11 352 505 11 494 66 132 7855
