Covid-19 Population Estimated by PSD Model @ CDS/IISc
Day AN AP AR AS BR CH CT DL GA GJ HR HP JK JH KA KL LA LD MP MH MN OR PY PB RJ SK TN TG TR UP UT WB Total
0.0 3 17 1 2 7 9 3 51 1 38 32 4 12 1 45 121 14 1 18 132 1 4 2 27 45 1 33 48 1 47 6 12 740
1.0 4 20 1 3 9 11 4 62 1 47 39 5 15 1 54 148 18 1 21 162 1 5 3 33 54 1 40 58 1 57 8 15 902
2.0 4 23 1 3 10 13 4 72 1 54 45 6 18 1 63 171 20 1 25 187 1 6 3 38 63 1 47 67 1 66 9 18 1045
3.0 5 27 2 3 12 15 5 81 2 61 51 7 20 2 71 194 23 2 28 212 2 7 3 43 71 2 53 76 2 75 10 20 1187
4.0 6 30 2 4 13 17 6 92 2 69 58 7 22 2 81 219 26 2 32 240 2 7 4 49 81 2 60 86 2 84 11 22 1340
5.0 6 34 2 4 15 19 6 104 2 78 65 8 25 2 91 247 30 2 36 270 2 8 4 55 91 2 68 97 2 95 13 25 1510
6.0 7 38 2 5 17 21 7 117 2 88 74 10 29 2 102 279 33 2 40 305 2 10 5 62 102 2 76 109 2 107 14 29 1702
7.0 8 43 3 5 19 24 8 131 3 99 83 11 32 3 115 314 38 3 46 343 3 11 5 70 115 3 86 123 3 121 16 32 1917
8.0 9 48 3 6 21 27 9 148 3 112 94 12 36 3 130 353 42 3 51 387 3 12 6 79 130 3 97 139 3 136 18 36 2160
9.0 10 54 3 7 24 31 10 167 3 126 105 14 41 3 146 398 48 3 58 435 3 14 7 88 146 3 109 156 3 153 20 41 2431
10.0 11 61 4 8 27 34 11 187 4 142 119 15 46 4 165 448 54 4 65 490 4 15 8 99 165 4 122 176 4 172 23 46 2735
11.0 13 69 4 9 30 39 13 211 4 159 133 17 52 4 185 503 60 4 73 551 4 17 9 112 185 4 138 198 4 194 26 52 3076
12.0 14 77 5 10 34 43 14 237 5 179 150 19 58 5 208 565 68 5 82 619 5 19 10 126 208 5 155 222 5 217 29 58 3455
13.0 16 87 5 11 38 49 16 266 5 201 168 22 65 5 233 635 76 5 92 694 5 22 11 141 233 5 174 250 5 244 33 65 3878
14.0 18 97 6 12 43 55 18 298 6 225 189 24 73 6 262 712 85 6 103 779 6 24 12 158 262 6 195 280 6 274 36 73 4349
15.0 20 109 7 14 48 61 20 334 7 252 211 27 82 7 293 797 95 7 116 872 7 27 14 177 293 7 218 313 7 307 41 82 4871
16.0 23 122 8 15 53 68 23 373 8 281 236 30 91 8 327 890 107 8 129 974 8 30 15 198 327 8 243 350 8 342 46 91 5440
17.0 25 135 8 17 59 76 25 415 8 313 262 34 102 8 364 990 118 8 144 1083 8 34 17 220 364 8 271 389 8 381 51 102 6050
18.0 28 150 9 19 66 84 28 459 9 347 290 37 112 9 403 1096 131 9 159 1199 9 37 19 244 403 9 300 431 9 422 56 112 6700
19.0 31 165 10 21 72 93 31 506 10 382 320 41 124 10 444 1209 145 10 176 1322 10 41 21 269 444 10 331 475 10 465 62 124 7387
20.0 34 181 11 23 79 102 34 556 11 419 351 45 136 11 488 1326 159 11 193 1451 11 45 23 295 488 11 363 522 11 510 68 136 8106
21.0 37 198 12 25 87 111 37 607 12 458 384 50 149 12 533 1449 173 12 211 1585 12 50 25 322 533 12 396 570 12 557 74 149 8856
22.0 40 215 13 27 94 121 40 660 13 498 417 54 162 13 579 1575 188 13 229 1723 13 54 27 350 579 13 431 619 13 606 81 162 9626
23.0 44 234 15 29 102 132 44 716 15 541 453 58 175 15 628 1710 205 15 248 1871 15 58 29 380 628 15 468 672 15 658 88 175 10450
24.0 48 253 16 32 111 143 48 776 16 586 491 63 190 16 681 1853 222 16 269 2027 16 63 32 412 681 16 507 729 16 713 95 190 11325
25.0 51 274 17 34 120 154 51 840 17 634 531 69 206 17 737 2005 240 17 291 2193 17 69 34 446 737 17 548 788 17 771 103 206 12252
26.0 56 296 19 37 130 167 56 907 19 685 574 74 222 19 796 2166 259 19 315 2369 19 74 37 481 796 19 592 851 19 833 111 222 13235
27.0 60 319 20 40 140 180 60 978 20 739 619 80 240 20 859 2336 280 20 339 2556 20 80 40 519 859 20 639 918 20 898 120 240 14275
28.0 65 344 22 43 151 194 65 1054 22 796 667 86 258 22 925 2516 301 22 366 2753 22 86 43 559 925 22 688 989 22 968 129 258 15378
29.0 69 370 23 46 162 208 69 1134 23 856 717 93 278 23 995 2708 324 23 393 2962 23 93 46 602 995 23 741 1065 23 1041 139 278 16547
30.0 75 398 25 50 174 224 75 1219 25 920 771 100 299 25 1070 2910 348 25 423 3184 25 100 50 647 1070 25 796 1144 25 1119 149 299 17786
31.0 80 427 27 53 187 240 80 1309 27 988 828 107 321 27 1149 3125 374 27 454 3419 27 107 53 694 1149 27 855 1229 27 1202 160 321 19098
32.0 86 458 29 57 201 258 86 1404 29 1060 888 115 344 29 1232 3352 401 29 487 3668 29 115 57 745 1232 29 917 1318 29 1289 172 344 20487
33.0 92 491 31 61 215 276 92 1505 31 1136 952 123 368 31 1320 3593 430 31 522 3931 31 123 61 798 1320 31 983 1413 31 1382 184 368 21956
34.0 99 526 33 66 230 296 99 1611 33 1217 1019 132 395 33 1414 3847 460 33 559 4209 33 132 66 855 1414 33 1052 1513 33 1480 197 395 23510
35.0 106 563 35 70 246 317 106 1724 35 1302 1091 141 422 35 1513 4116 493 35 598 4503 35 141 70 915 1513 35 1126 1618 35 1583 211 422 25153
36.0 113 602 38 75 263 338 113 1843 38 1391 1166 150 451 38 1617 4400 526 38 639 4814 38 150 75 978 1617 38 1203 1730 38 1692 226 451 26889
37.0 120 642 40 80 281 361 120 1967 40 1485 1244 161 482 40 1726 4697 562 40 682 5138 40 161 80 1044 1726 40 1285 1847 40 1806 241 482 28702
38.0 128 684 43 86 299 385 128 2096 43 1582 1326 171 513 43 1839 5004 599 43 727 5474 43 171 86 1112 1839 43 1369 1967 43 1924 257 513 30578
39.0 136 728 45 91 318 409 136 2228 45 1683 1410 182 546 45 1955 5320 637 45 773 5821 45 182 91 1182 1955 45 1455 2092 45 2046 273 546 32513
40.0 145 772 48 97 338 434 145 2364 48 1785 1496 193 579 48 2075 5646 676 48 820 6177 48 193 97 1255 2075 48 1544 2220 48 2171 290 579 34502
41.0 153 818 51 102 358 460 153 2504 51 1891 1584 204 613 51 2197 5979 715 51 869 6541 51 204 102 1329 2197 51 1635 2351 51 2300 307 613 36537
42.0 162 864 54 108 378 486 162 2646 54 1998 1674 216 648 54 2322 6318 756 54 918 6912 54 216 108 1404 2322 54 1728 2484 54 2430 324 648 38610
43.0 171 911 57 114 399 512 171 2790 57 2107 1765 228 683 57 2448 6662 797 57 968 7288 57 228 114 1480 2448 57 1822 2619 57 2562 342 683 40712
44.0 180 958 60 120 419 539 180 2935 60 2216 1857 240 719 60 2576 7009 839 60 1018 7668 60 240 120 1558 2576 60 1917 2756 60 2696 359 719 42832
45.0 189 1006 63 126 440 566 189 3081 63 2327 1949 252 755 63 2704 7357 880 63 1069 8049 63 252 126 1635 2704 63 2012 2893 63 2830 377 755 44960
46.0 198 1054 66 132 461 593 198 3227 66 2437 2041 263 790 66 2832 7705 922 66 1120 8429 66 263 132 1712 2832 66 2107 3029 66 2963 395 790 47086
47.0 206 1101 69 138 482 619 206 3372 69 2546 2133 275 826 69 2959 8050 963 69 1170 8807 69 275 138 1789 2959 69 2202 3165 69 3096 413 826 49197
48.0 215 1148 72 143 502 646 215 3515 72 2654 2223 287 861 72 3084 8392 1004 72 1219 9181 72 287 143 1865 3084 72 2295 3299 72 3228 430 861 51283
49.0 224 1193 75 149 522 671 224 3655 75 2760 2312 298 895 75 3207 8727 1044 75 1268 9547 75 298 149 1939 3207 75 2387 3431 75 3357 448 895 53332
50.0 232 1238 77 155 542 696 232 3792 77 2863 2399 310 929 77 3328 9054 1083 77 1316 9905 77 310 155 2012 3328 77 2476 3560 77 3482 464 929 55331
51.0 240 1282 80 160 561 721 240 3925 80 2964 2483 320 961 80 3444 9372 1121 80 1362 10253 80 320 160 2083 3444 80 2563 3685 80 3604 481 961 57271
52.0 248 1325 83 166 580 745 248 4057 83 3063 2566 331 993 83 3560 9686 1159 83 1407 10597 83 331 166 2152 3560 83 2649 3808 83 3725 497 993 59192
53.0 256 1368 85 171 598 769 256 4189 85 3163 2650 342 1026 85 3676 10003 1197 85 1453 10944 85 342 171 2223 3676 85 2736 3933 85 3847 513 1026 61132
54.0 265 1412 88 176 618 794 265 4323 88 3265 2735 353 1059 88 3794 10323 1235 88 1500 11294 88 353 176 2294 3794 88 2823 4059 88 3970 529 1059 63086
55.0 273 1456 91 182 637 819 273 4459 91 3367 2821 364 1092 91 3913 10646 1274 91 1547 11647 91 364 182 2366 3913 91 2912 4186 91 4095 546 1092 65058
56.0 281 1500 94 188 656 844 281 4595 94 3470 2907 375 1125 94 4032 10972 1313 94 1594 12003 94 375 188 2438 4032 94 3001 4314 94 4220 563 1125 67049
57.0 290 1545 97 193 676 869 290 4733 97 3574 2994 386 1159 97 4154 11301 1352 97 1642 12364 97 386 193 2511 4154 97 3091 4443 97 4347 580 1159 69064
58.0 298 1591 99 199 696 895 298 4873 99 3680 3083 398 1193 99 4276 11636 1392 99 1691 12730 99 398 199 2586 4276 99 3182 4575 99 4475 597 1193 71107
59.0 307 1638 102 205 716 921 307 5015 102 3787 3173 409 1228 102 4401 11975 1433 102 1740 13101 102 409 205 2661 4401 102 3275 4708 102 4606 614 1228 73182
60.0 316 1685 105 211 737 948 316 5160 105 3896 3264 421 1264 105 4528 12321 1474 105 1790 13479 105 421 211 2738 4528 105 3370 4844 105 4739 632 1264 75292
61.0 325 1733 108 217 758 975 325 5307 108 4007 3358 433 1300 108 4657 12672 1516 108 1841 13864 108 433 217 2816 4657 108 3466 4982 108 4874 650 1300 77441
62.0 332 1772 111 222 775 997 332 5427 111 4098 3434 443 1329 111 4763 12959 1551 111 1883 14178 111 443 222 2880 4763 111 3544 5095 111 4984 665 1329 79197
63.0 333 1775 111 222 777 998 333 5436 111 4105 3439 444 1331 111 4771 12980 1553 111 1886 14201 111 444 222 2885 4771 111 3550 5103 111 4992 666 1331 79324
64.0 342 1825 114 228 798 1026 342 5588 114 4219 3535 456 1368 114 4904 13342 1597 114 1939 14597 114 456 228 2965 4904 114 3649 5246 114 5132 684 1368 81537
65.0 349 1862 116 233 815 1047 349 5703 116 4306 3608 466 1397 116 5005 13617 1629 116 1979 14897 116 466 233 3026 5005 116 3724 5354 116 5237 698 1397 83214
66.0 349 1862 116 233 815 1047 349 5702 116 4306 3608 465 1396 116 5004 13616 1629 116 1978 14896 116 465 233 3026 5004 116 3724 5353 116 5237 698 1396 83206
67.0 358 1908 119 239 835 1073 358 5844 119 4413 3697 477 1431 119 5128 13954 1670 119 2028 15266 119 477 239 3101 5128 119 3816 5486 119 5367 716 1431 85275
68.0 364 1943 121 243 850 1093 364 5950 121 4493 3764 486 1457 121 5221 14207 1700 121 2064 15543 121 486 243 3157 5221 121 3886 5586 121 5464 729 1457 86820
69.0 364 1940 121 243 849 1091 364 5942 121 4486 3759 485 1455 121 5214 14187 1698 121 2061 15521 121 485 243 3153 5214 121 3880 5578 121 5457 728 1455 86698
70.0 372 1984 124 248 868 1116 372 6077 124 4589 3845 496 1488 124 5333 14510 1736 124 2108 15875 124 496 248 3225 5333 124 3969 5705 124 5581 744 1488 88675
71.0 378 2017 126 252 883 1135 378 6178 126 4665 3908 504 1513 126 5421 14751 1765 126 2143 16138 126 504 252 3278 5421 126 4034 5799 126 5673 756 1513 90144
72.0 377 2013 126 252 881 1132 377 6164 126 4655 3900 503 1510 126 5409 14718 1761 126 2139 16102 126 503 252 3271 5409 126 4026 5787 126 5661 755 1510 89946
73.0 386 2056 129 257 900 1157 386 6297 129 4755 3984 514 1542 129 5526 15035 1799 129 2185 16449 129 514 257 3341 5526 129 4112 5911 129 5783 771 1542 91883
74.0 392 2088 131 261 914 1175 392 6395 131 4829 4046 522 1566 131 5612 15270 1827 131 2219 16706 131 522 261 3393 5612 131 4176 6004 131 5873 783 1566 93318
75.0 390 2083 130 260 911 1171 390 6378 130 4816 4035 521 1562 130 5597 15229 1822 130 2213 16661 130 521 260 3384 5597 130 4165 5988 130 5857 781 1562 93068
76.0 399 2126 133 266 930 1196 399 6510 133 4916 4119 531 1594 133 5713 15545 1860 133 2259 17006 133 531 266 3454 5713 133 4252 6112 133 5979 797 1594 94996
77.0 406 2168 135 271 948 1219 406 6639 135 5013 4200 542 1626 135 5826 15851 1897 135 2303 17342 135 542 271 3523 5826 135 4335 6232 135 6097 813 1626 96869
78.0 403 2151 134 269 941 1210 403 6586 134 4973 4167 538 1613 134 5780 15726 1882 134 2285 17204 134 538 269 3495 5780 134 4301 6183 134 6048 806 1613 96102
79.0 411 2194 137 274 960 1234 411 6719 137 5074 4251 548 1645 137 5896 16044 1920 137 2331 17552 137 548 274 3565 5896 137 4388 6308 137 6171 823 1645 98044
80.0 419 2236 140 280 978 1258 419 6848 140 5171 4332 559 1677 140 6009 16351 1957 140 2376 17888 140 559 280 3634 6009 140 4472 6429 140 6289 839 1677 99922
81.0 416 2218 139 277 970 1247 416 6792 139 5128 4297 554 1663 139 5960 16217 1940 139 2356 17741 139 554 277 3604 5960 139 4435 6376 139 6237 832 1663 99102
82.0 424 2261 141 283 989 1272 424 6925 141 5229 4381 565 1696 141 6077 16534 1978 141 2402 18089 141 565 283 3674 6077 141 4522 6501 141 6359 848 1696 101044
83.0 432 2303 144 288 1008 1295 432 7053 144 5326 4462 576 1727 144 6190 16841 2015 144 2447 18425 144 576 288 3743 6190 144 4606 6621 144 6477 864 1727 102920
84.0 428 2284 143 285 999 1285 428 6993 143 5281 4424 571 1713 143 6137 16699 1998 143 2426 18269 143 571 285 3711 6137 143 4567 6565 143 6423 856 1713 102048
85.0 436 2327 145 291 1018 1309 436 7126 145 5381 4509 582 1745 145 6254 17016 2036 145 2472 18616 145 582 291 3781 6254 145 4654 6690 145 6545 873 1745 103988
86.0 444 2369 148 296 1036 1333 444 7255 148 5478 4590 592 1777 148 6367 17323 2073 148 2517 18952 148 592 296 3850 6367 148 4738 6811 148 6663 888 1777 105862
87.0 440 2348 147 294 1027 1321 440 7192 147 5430 4550 587 1761 147 6311 17172 2055 147 2495 18786 147 587 294 3816 6311 147 4697 6751 147 6605 881 1761 104939
88.0 448 2392 149 299 1046 1345 448 7325 149 5531 4634 598 1794 149 6428 17489 2093 149 2541 19133 149 598 299 3886 6428 149 4783 6876 149 6727 897 1794 106878
89.0 456 2434 152 304 1065 1369 456 7453 152 5628 4715 608 1825 152 6540 17795 2129 152 2586 19469 152 608 304 3955 6540 152 4867 6997 152 6844 913 1825 108750
90.0 452 2412 151 301 1055 1357 452 7386 151 5577 4673 603 1809 151 6482 17636 2110 151 2563 19294 151 603 301 3919 6482 151 4824 6934 151 6783 904 1809 107777
91.0 460 2455 153 307 1074 1381 460 7519 153 5677 4757 614 1841 153 6598 17953 2148 153 2609 19641 153 614 307 3990 6598 153 4910 7059 153 6905 921 1841 109714
92.0 468 2497 156 312 1092 1405 468 7647 156 5774 4838 624 1873 156 6711 18259 2185 156 2653 19975 156 624 312 4058 6711 156 4994 7179 156 7023 936 1873 111582
93.0 464 2474 155 309 1082 1392 464 7577 155 5721 4793 619 1856 155 6649 18091 2165 155 2629 19792 155 619 309 4020 6649 155 4948 7113 155 6958 928 1856 110557
94.0 472 2517 157 315 1101 1416 472 7709 157 5821 4877 629 1888 157 6765 18407 2203 157 2675 20138 157 629 315 4091 6765 157 5034 7237 157 7080 944 1888 112489
95.0 480 2559 160 320 1120 1439 480 7837 160 5917 4958 640 1919 160 6877 18712 2239 160 2719 20471 160 640 320 4158 6877 160 5118 7357 160 7197 960 1919 114350
96.0 475 2535 158 317 1109 1426 475 7763 158 5862 4911 634 1901 158 6812 18536 2218 158 2693 20278 158 634 317 4119 6812 158 5070 7288 158 7129 951 1901 113274
97.0 483 2578 161 322 1128 1450 483 7895 161 5961 4995 644 1933 161 6928 18850 2256 161 2739 20623 161 644 322 4189 6928 161 5156 7411 161 7250 967 1933 115197
98.0 491 2619 164 327 1146 1473 491 8021 164 6057 5075 655 1964 164 7039 19153 2292 164 2783 20954 164 655 327 4256 7039 164 5238 7530 164 7367 982 1964 117047
99.0 486 2594 162 324 1135 1459 486 7944 162 5999 5026 649 1946 162 6971 18969 2270 162 2756 20752 162 649 324 4215 6971 162 5188 7458 162 7296 973 1946 115920
100.0 494 2637 165 330 1154 1483 494 8075 165 6097 5109 659 1978 165 7086 19281 2307 165 2802 21094 165 659 330 4285 7086 165 5274 7581 165 7416 989 1978 117830
101.0 502 2678 167 335 1172 1506 502 8201 167 6192 5188 669 2008 167 7197 19581 2343 167 2845 21422 167 669 335 4351 7197 167 5356 7699 167 7531 1004 2008 119664
102.0 497 2651 166 331 1160 1491 497 8120 166 6131 5137 663 1989 166 7126 19388 2320 166 2817 21211 166 663 331 4308 7126 166 5303 7623 166 7457 994 1989 118484
103.0 505 2694 168 337 1179 1515 505 8250 168 6229 5219 673 2020 168 7239 19698 2357 168 2862 21550 168 673 337 4377 7239 168 5387 7744 168 7576 1010 2020 120376
104.0 513 2734 171 342 1196 1538 513 8374 171 6323 5298 684 2051 171 7349 19995 2393 171 2905 21875 171 684 342 4443 7349 171 5469 7861 171 7690 1025 2051 122191
105.0 508 2707 169 338 1184 1523 508 8289 169 6259 5244 677 2030 169 7274 19793 2368 169 2876 21654 169 677 338 4398 7274 169 5413 7782 169 7613 1015 2030 120956
106.0 515 2749 172 344 1202 1546 515 8417 172 6356 5325 687 2061 172 7387 20099 2405 172 2920 21988 172 687 344 4466 7387 172 5497 7902 172 7730 1031 2061 122826
107.0 523 2789 174 349 1220 1569 523 8540 174 6449 5403 697 2091 174 7494 20392 2440 174 2963 22309 174 697 349 4531 7494 174 5577 8017 174 7843 1046 2091 124616
108.0 517 2760 172 345 1207 1552 517 8452 172 6382 5347 690 2070 172 7417 20181 2415 172 2932 22078 172 690 345 4485 7417 172 5520 7934 172 7762 1035 2070 123327
109.0 525 2801 175 350 1225 1576 525 8578 175 6477 5427 700 2101 175 7528 20482 2451 175 2976 22408 175 700 350 4552 7528 175 5602 8053 175 7878 1050 2101 125169
110.0 533 2840 178 355 1243 1598 533 8699 178 6568 5503 710 2130 178 7633 20770 2485 178 3018 22723 178 710 355 4616 7633 178 5681 8166 178 7989 1065 2130 126929
111.0 527 2810 176 351 1229 1581 527 8606 176 6499 5445 703 2108 176 7553 20550 2459 176 2986 22482 176 703 351 4567 7553 176 5621 8080 176 7904 1054 2108 125584
112.0 535 2851 178 356 1247 1604 535 8730 178 6592 5523 713 2138 178 7661 20846 2494 178 3029 22806 178 713 356 4632 7661 178 5702 8196 178 8018 1069 2138 127393
113.0 542 2889 181 361 1264 1625 542 8849 181 6682 5598 722 2167 181 7765 21128 2528 181 3070 23115 181 722 361 4695 7765 181 5779 8307 181 8126 1084 2167 129117
114.0 536 2858 179 357 1250 1608 536 8753 179 6609 5537 715 2144 179 7681 20899 2501 179 3037 22864 179 715 357 4644 7681 179 5716 8217 179 8038 1072 2144 127718
115.0 543 2898 181 362 1268 1630 543 8874 181 6701 5614 724 2173 181 7787 21189 2535 181 3079 23181 181 724 362 4709 7787 181 5795 8331 181 8150 1087 2173 129487
116.0 550 2935 183 367 1284 1651 550 8989 183 6788 5687 734 2201 183 7889 21464 2568 183 3119 23482 183 734 367 4770 7889 183 5871 8439 183 8256 1101 2201 131171
117.0 544 2903 181 363 1270 1633 544 8890 181 6713 5624 726 2177 181 7801 21226 2540 181 3084 23222 181 726 363 4717 7801 181 5805 8345 181 8164 1089 2177 129715
118.0 551 2941 184 368 1287 1654 551 9008 184 6802 5699 735 2206 184 7905 21508 2574 184 3125 23531 184 735 368 4780 7905 184 5883 8456 184 8272 1103 2206 131441
119.0 558 2978 186 372 1303 1675 558 9120 186 6887 5770 744 2233 186 8003 21776 2606 186 3164 23824 186 744 372 4839 8003 186 5956 8562 186 8376 1117 2233 133078
120.0 552 2944 184 368 1288 1656 552 9016 184 6808 5704 736 2208 184 7912 21529 2576 184 3128 23553 184 736 368 4784 7912 184 5888 8464 184 8280 1104 2208 131567
121.0 559 2982 186 373 1304 1677 559 9131 186 6895 5777 745 2236 186 8013 21803 2609 186 3168 23853 186 745 373 4845 8013 186 5963 8572 186 8386 1118 2236 133242
122.0 566 3017 189 377 1320 1697 566 9240 189 6977 5846 754 2263 189 8109 22063 2640 189 3206 24137 189 754 377 4903 8109 189 6034 8674 189 8486 1131 2263 134828
123.0 559 2982 186 373 1305 1677 559 9133 186 6896 5778 746 2237 186 8014 21806 2609 186 3168 23857 186 746 373 4846 8014 186 5964 8573 186 8387 1118 2237 133261
124.0 566 3018 189 377 1321 1698 566 9244 189 6980 5848 755 2264 189 8112 22072 2641 189 3207 24147 189 755 377 4905 8112 189 6037 8678 189 8489 1132 2264 134881
125.0 572 3053 191 382 1335 1717 572 9348 191 7059 5914 763 2289 191 8204 22322 2671 191 3243 24420 191 763 382 4960 8204 191 6105 8776 191 8585 1145 2289 136411
126.0 566 3016 189 377 1320 1697 566 9237 189 6975 5844 754 2262 189 8106 22056 2639 189 3205 24130 189 754 377 4901 8106 189 6032 8672 189 8483 1131 2262 134788
127.0 572 3051 191 381 1335 1716 572 9344 191 7056 5912 763 2288 191 8200 22312 2670 191 3242 24409 191 763 381 4958 8200 191 6102 8772 191 8581 1144 2288 136348
128.0 578 3084 193 385 1349 1735 578 9445 193 7132 5975 771 2313 193 8288 22552 2698 193 3277 24672 193 771 385 5011 8288 193 6168 8866 193 8674 1156 2313 137816
129.0 571 3046 190 381 1333 1714 571 9330 190 7045 5903 762 2285 190 8187 22277 2666 190 3237 24372 190 762 381 4950 8187 190 6093 8759 190 8568 1142 2285 136139
130.0 577 3080 192 385 1347 1732 577 9432 192 7122 5967 770 2310 192 8277 22522 2695 192 3272 24639 192 770 385 5005 8277 192 6160 8855 192 8662 1155 2310 137633
131.0 583 3111 194 389 1361 1750 583 9528 194 7195 6028 778 2333 194 8361 22751 2722 194 3306 24890 194 778 389 5056 8361 194 6223 8945 194 8750 1167 2333 139034
132.0 576 3073 192 384 1344 1728 576 9410 192 7105 5953 768 2304 192 8257 22468 2688 192 3265 24580 192 768 384 4993 8257 192 6145 8833 192 8641 1152 2304 137303
133.0 582 3104 194 388 1358 1746 582 9507 194 7179 6015 776 2328 194 8343 22701 2716 194 3298 24835 194 776 388 5045 8343 194 6209 8925 194 8731 1164 2328 138727
134.0 588 3134 196 392 1371 1763 588 9598 196 7248 6072 784 2351 196 8423 22918 2742 196 3330 25073 196 784 392 5093 8423 196 6268 9011 196 8815 1175 2351 140057
135.0 580 3094 193 387 1354 1741 580 9476 193 7155 5995 774 2321 193 8316 22627 2707 193 3288 24754 193 774 387 5028 8316 193 6188 8896 193 8703 1160 2321 138273
136.0 586 3124 195 391 1367 1757 586 9569 195 7225 6054 781 2343 195 8397 22847 2734 195 3320 24995 195 781 391 5077 8397 195 6249 8983 195 8787 1172 2343 139623
137.0 591 3152 197 394 1379 1773 591 9654 197 7290 6108 788 2364 197 8472 23053 2758 197 3350 25220 197 788 394 5123 8472 197 6305 9063 197 8866 1182 2364 140877
138.0 583 3111 194 389 1361 1750 583 9529 194 7195 6028 778 2334 194 8362 22752 2723 194 3306 24891 194 778 389 5056 8362 194 6223 8945 194 8751 1167 2334 139042
139.0 589 3140 196 392 1374 1766 589 9616 196 7261 6083 785 2355 196 8438 22960 2747 196 3336 25119 196 785 392 5102 8438 196 6280 9027 196 8831 1177 2355 140312
140.0 594 3166 198 396 1385 1781 594 9696 198 7322 6134 792 2375 198 8509 23152 2770 198 3364 25329 198 792 396 5145 8509 198 6332 9103 198 8905 1187 2375 141486
141.0 586 3124 195 390 1367 1757 586 9567 195 7224 6053 781 2343 195 8396 22844 2733 195 3319 24992 195 781 390 5076 8396 195 6248 8981 195 8786 1171 2343 139603
142.0 591 3151 197 394 1378 1772 591 9649 197 7286 6104 788 2363 197 8467 23038 2757 197 3347 25204 197 788 394 5120 8467 197 6301 9058 197 8861 1181 2363 140789
143.0 595 3175 198 397 1389 1786 595 9723 198 7342 6151 794 2381 198 8533 23217 2778 198 3373 25400 198 794 397 5159 8533 198 6350 9128 198 8930 1191 2381 141880
144.0 587 3132 196 391 1370 1762 587 9591 196 7242 6068 783 2349 196 8417 22901 2740 196 3327 25054 196 783 391 5089 8417 196 6263 9004 196 8808 1174 2349 139949
145.0 592 3156 197 395 1381 1775 592 9666 197 7299 6115 789 2367 197 8483 23081 2762 197 3354 25251 197 789 395 5129 8483 197 6313 9075 197 8877 1184 2367 141049
146.0 596 3179 199 397 1391 1788 596 9735 199 7351 6159 795 2384 199 8543 23245 2781 199 3378 25431 199 795 397 5166 8543 199 6358 9139 199 8940 1192 2384 142054
147.0 588 3135 196 392 1371 1763 588 9600 196 7249 6073 784 2351 196 8424 22922 2743 196 3331 25077 196 784 392 5094 8424 196 6269 9012 196 8816 1175 2351 140078
148.0 592 3157 197 395 1381 1776 592 9669 197 7301 6117 789 2368 197 8485 23087 2763 197 3355 25258 197 789 395 5130 8485 197 6314 9077 197 8880 1184 2368 141088
149.0 596 3178 199 397 1390 1787 596 9732 199 7348 6157 794 2383 199 8540 23237 2780 199 3376 25422 199 794 397 5164 8540 199 6355 9136 199 8937 1192 2383 142003
150.0 587 3133 196 392 1370 1762 587 9593 196 7244 6069 783 2349 196 8419 22907 2741 196 3328 25060 196 783 392 5090 8419 196 6265 9006 196 8810 1175 2349 139985
151.0 591 3153 197 394 1379 1774 591 9656 197 7291 6109 788 2365 197 8474 23057 2759 197 3350 25225 197 788 394 5124 8474 197 6306 9065 197 8868 1182 2365 140903
152.0 595 3171 198 396 1388 1784 595 9713 198 7334 6145 793 2379 198 8523 23192 2775 198 3370 25372 198 793 396 5154 8523 198 6343 9118 198 8920 1189 2379 141726
153.0 586 3125 195 391 1367 1758 586 9572 195 7228 6056 781 2344 195 8400 22855 2735 195 3321 25004 195 781 391 5079 8400 195 6251 8986 195 8790 1172 2344 139668
154.0 589 3144 196 393 1375 1768 589 9628 196 7270 6091 786 2358 196 8449 22990 2751 196 3340 25151 196 786 393 5109 8449 196 6288 9039 196 8842 1179 2358 140492
155.0 593 3160 198 395 1383 1778 593 9678 198 7308 6123 790 2370 198 8493 23109 2765 198 3358 25282 198 790 395 5135 8493 198 6320 9086 198 8888 1185 2370 141221
156.0 584 3113 195 389 1362 1751 584 9535 195 7200 6032 778 2335 195 8367 22766 2724 195 3308 24907 195 778 389 5059 8367 195 6227 8951 195 8756 1168 2335 139127
157.0 587 3130 196 391 1369 1760 587 9584 196 7237 6064 782 2347 196 8411 22885 2738 196 3325 25037 196 782 391 5086 8411 196 6259 8998 196 8802 1174 2347 139855
158.0 589 3144 196 393 1375 1768 589 9628 196 7270 6091 786 2358 196 8449 22989 2751 196 3340 25151 196 786 393 5109 8449 196 6288 9038 196 8842 1179 2358 140490
159.0 581 3096 194 387 1355 1742 581 9482 194 7160 5999 774 2322 194 8321 22641 2709 194 3290 24770 194 774 387 5031 8321 194 6192 8902 194 8708 1161 2322 138363
160.0 583 3110 194 389 1361 1750 583 9525 194 7193 6026 778 2333 194 8359 22744 2722 194 3305 24883 194 778 389 5054 8359 194 6221 8942 194 8748 1166 2333 138993
161.0 585 3122 195 390 1366 1756 585 9562 195 7221 6050 781 2342 195 8391 22833 2732 195 3318 24979 195 781 390 5074 8391 195 6245 8977 195 8782 1171 2342 139532
162.0 576 3074 192 384 1345 1729 576 9415 192 7109 5956 769 2306 192 8262 22480 2690 192 3266 24593 192 769 384 4995 8262 192 6148 8838 192 8646 1153 2306 137376
163.0 579 3086 193 386 1350 1736 579 9451 193 7137 5979 772 2315 193 8294 22567 2700 193 3279 24689 193 772 386 5015 8294 193 6172 8872 193 8680 1157 2315 137909
164.0 580 3096 193 387 1354 1741 580 9481 193 7159 5998 774 2322 193 8320 22639 2709 193 3289 24768 193 774 387 5031 8320 193 6192 8901 193 8707 1161 2322 138352
165.0 571 3047 190 381 1333 1714 571 9332 190 7047 5904 762 2285 190 8189 22282 2666 190 3238 24377 190 762 381 4952 8189 190 6094 8761 190 8570 1143 2285 136170
166.0 573 3057 191 382 1337 1720 573 9362 191 7069 5923 764 2293 191 8215 22354 2675 191 3248 24455 191 764 382 4967 8215 191 6114 8789 191 8598 1146 2293 136606
167.0 575 3065 192 383 1341 1724 575 9386 192 7087 5938 766 2299 192 8236 22411 2682 192 3256 24518 192 766 383 4980 8236 192 6129 8811 192 8619 1149 2299 136953
168.0 565 3015 188 377 1319 1696 565 9235 188 6973 5842 754 2262 188 8104 22050 2638 188 3204 24123 188 754 377 4900 8104 188 6031 8669 188 8481 1131 2262 134750
169.0 567 3023 189 378 1323 1700 567 9258 189 6991 5857 756 2267 189 8124 22105 2645 189 3212 24184 189 756 378 4912 8124 189 6046 8691 189 8502 1134 2267 135089
170.0 568 3029 189 379 1325 1704 568 9275 189 7004 5868 757 2271 189 8139 22147 2650 189 3218 24229 189 757 379 4922 8139 189 6057 8707 189 8518 1136 2271 135342
171.0 559 2979 186 372 1303 1676 559 9123 186 6889 5772 745 2234 186 8006 21784 2607 186 3165 23832 186 745 372 4841 8006 186 5958 8564 186 8378 1117 2234 133122
172.0 560 2984 187 373 1306 1679 560 9140 187 6901 5782 746 2238 187 8021 21823 2611 187 3171 23875 187 746 373 4850 8021 187 5969 8580 187 8394 1119 2238 133364
173.0 560 2988 187 373 1307 1681 560 9151 187 6910 5789 747 2241 187 8030 21849 2614 187 3175 23904 187 747 373 4855 8030 187 5976 8590 187 8404 1120 2241 133524
174.0 551 2938 184 367 1285 1653 551 8998 184 6794 5692 734 2203 184 7896 21484 2571 184 3122 23504 184 734 367 4774 7896 184 5876 8447 184 8263 1102 2203 131291
175.0 551 2941 184 368 1287 1654 551 9008 184 6802 5699 735 2206 184 7905 21508 2574 184 3125 23530 184 735 368 4780 7905 184 5883 8456 184 8272 1103 2206 131440
176.0 552 2943 184 368 1287 1655 552 9012 184 6805 5702 736 2207 184 7909 21520 2575 184 3127 23543 184 736 368 4782 7909 184 5886 8461 184 8277 1104 2207 131508
177.0 542 2893 181 362 1266 1627 542 8859 181 6689 5605 723 2170 181 7774 21153 2531 181 3073 23142 181 723 362 4701 7774 181 5785 8316 181 8136 1085 2170 129267
178.0 543 2894 181 362 1266 1628 543 8863 181 6692 5607 723 2170 181 7778 21162 2532 181 3075 23152 181 723 362 4703 7778 181 5788 8320 181 8139 1085 2170 129324
179.0 543 2894 181 362 1266 1628 543 8861 181 6691 5606 723 2170 181 7776 21159 2532 181 3074 23148 181 723 362 4702 7776 181 5787 8319 181 8138 1085 2170 129304
180.0 533 2843 178 355 1244 1599 533 8708 178 6575 5509 711 2132 178 7641 20791 2488 178 3021 22746 178 711 355 4620 7641 178 5687 8174 178 7997 1066 2132 127059
181.0 533 2843 178 355 1244 1599 533 8705 178 6573 5507 711 2132 178 7639 20786 2487 178 3020 22740 178 711 355 4619 7639 178 5685 8172 178 7995 1066 2132 127027
182.0 533 2840 178 355 1243 1598 533 8698 178 6568 5503 710 2130 178 7633 20769 2485 178 3018 22721 178 710 355 4615 7633 178 5680 8165 178 7988 1065 2130 126920
183.0 523 2790 174 349 1221 1569 523 8544 174 6452 5406 697 2092 174 7498 20402 2441 174 2964 22320 174 697 349 4534 7498 174 5580 8021 174 7847 1046 2092 124676
184.0 523 2787 174 348 1219 1568 523 8536 174 6446 5400 697 2090 174 7491 20382 2439 174 2962 22299 174 697 348 4529 7491 174 5575 8014 174 7839 1045 2090 124558
185.0 522 2783 174 348 1218 1565 522 8523 174 6436 5392 696 2087 174 7480 20351 2435 174 2957 22265 174 696 348 4523 7480 174 5566 8001 174 7827 1044 2087 124369
186.0 512 2733 171 342 1196 1537 512 8370 171 6320 5295 683 2050 171 7345 19985 2391 171 2904 21864 171 683 342 4441 7345 171 5466 7857 171 7687 1025 2050 122131
187.0 512 2729 171 341 1194 1535 512 8356 171 6310 5287 682 2046 171 7333 19952 2387 171 2899 21828 171 682 341 4434 7333 171 5457 7844 171 7674 1023 2046 121931
188.0 510 2723 170 340 1191 1531 510 8338 170 6296 5275 681 2042 170 7317 19908 2382 170 2893 21780 170 681 340 4424 7317 170 5445 7827 170 7657 1021 2042 121663
189.0 501 2673 167 334 1169 1503 501 8185 167 6181 5178 668 2004 167 7183 19544 2339 167 2840 21381 167 668 334 4343 7183 167 5345 7684 167 7517 1002 2004 119434
190.0 500 2666 167 333 1167 1500 500 8166 167 6166 5166 667 2000 167 7166 19498 2333 167 2833 21331 167 667 333 4333 7166 167 5333 7666 167 7499 1000 2000 119156
191.0 499 2659 166 332 1163 1496 499 8142 166 6148 5151 665 1994 166 7145 19442 2326 166 2825 21270 166 665 332 4321 7145 166 5318 7644 166 7478 997 1994 118814
192.0 489 2609 163 326 1142 1468 489 7991 163 6034 5055 652 1957 163 7012 19080 2283 163 2772 20874 163 652 326 4240 7012 163 5218 7502 163 7338 978 1957 116600
193.0 488 2601 163 325 1138 1463 488 7967 163 6016 5040 650 1951 163 6991 19022 2276 163 2764 20811 163 650 325 4227 6991 163 5203 7479 163 7316 976 1951 116248
194.0 486 2592 162 324 1134 1458 486 7938 162 5994 5022 648 1944 162 6966 18955 2268 162 2754 20737 162 648 324 4212 6966 162 5184 7452 162 7290 972 1944 115836
195.0 477 2543 159 318 1113 1430 477 7788 159 5881 4927 636 1907 159 6834 18596 2225 159 2702 20344 159 636 318 4132 6834 159 5086 7311 159 7152 954 1907 113640
196.0 475 2534 158 317 1108 1425 475 7759 158 5859 4909 633 1900 158 6809 18527 2217 158 2692 20269 158 633 317 4117 6809 158 5067 7284 158 7126 950 1900 113220
197.0 473 2523 158 315 1104 1419 473 7726 158 5834 4888 631 1892 158 6780 18449 2208 158 2681 20183 158 631 315 4100 6780 158 5046 7253 158 7096 946 1892 112742
198.0 464 2474 155 309 1083 1392 464 7578 155 5722 4794 619 1856 155 6650 18093 2165 155 2629 19794 155 619 309 4021 6650 155 4949 7114 155 6959 928 1856 110570
199.0 462 2463 154 308 1078 1386 462 7544 154 5697 4773 616 1848 154 6620 18014 2156 154 2617 19708 154 616 308 4003 6620 154 4927 7082 154 6928 924 1848 110085
200.0 460 2451 153 306 1072 1379 460 7507 153 5669 4750 613 1839 153 6588 17926 2145 153 2605 19611 153 613 306 3984 6588 153 4903 7048 153 6895 919 1839 109547
201.0 451 2403 150 300 1051 1352 451 7360 150 5558 4657 601 1803 150 6459 17575 2103 150 2554 19227 150 601 300 3906 6459 150 4807 6910 150 6760 901 1803 107402
202.0 448 2391 149 299 1046 1345 448 7323 149 5530 4633 598 1793 149 6426 17486 2092 149 2541 19130 149 598 299 3886 6426 149 4782 6875 149 6725 897 1793 106859
203.0 446 2378 149 297 1040 1338 446 7283 149 5499 4607 594 1783 149 6391 17389 2081 149 2527 19024 149 594 297 3864 6391 149 4756 6837 149 6688 892 1783 106265
204.0 437 2331 146 291 1020 1311 437 7138 146 5390 4516 583 1748 146 6264 17043 2039 146 2476 18645 146 583 291 3787 6264 146 4661 6701 146 6555 874 1748 104152
205.0 434 2317 145 290 1014 1303 434 7097 145 5359 4490 579 1738 145 6228 16945 2028 145 2462 18538 145 579 290 3766 6228 145 4635 6662 145 6517 869 1738 103555
206.0 432 2303 144 288 1008 1295 432 7053 144 5325 4462 576 1727 144 6189 16840 2015 144 2447 18423 144 576 288 3742 6189 144 4606 6621 144 6477 864 1727 102911
207.0 423 2256 141 282 987 1269 423 6910 141 5218 4372 564 1692 141 6064 16500 1974 141 2397 18051 141 564 282 3667 6064 141 4513 6487 141 6346 846 1692 100834
208.0 420 2242 140 280 981 1261 420 6866 140 5185 4344 560 1681 140 6025 16394 1962 140 2382 17936 140 560 280 3643 6025 140 4484 6446 140 6306 841 1681 100188
209.0 417 2227 139 278 974 1252 417 6819 139 5149 4314 557 1670 139 5984 16282 1948 139 2366 17813 139 557 278 3618 5984 139 4453 6401 139 6262 835 1670 99500
210.0 409 2181 136 273 954 1227 409 6679 136 5043 4226 545 1636 136 5861 15948 1908 136 2317 17448 136 545 273 3544 5861 136 4362 6270 136 6134 818 1636 97461
211.0 406 2166 135 271 947 1218 406 6632 135 5008 4196 541 1624 135 5820 15835 1895 135 2301 17324 135 541 271 3519 5820 135 4331 6226 135 6091 812 1624 96772
212.0 403 2149 134 269 940 1209 403 6582 134 4970 4164 537 1612 134 5776 15716 1881 134 2284 17194 134 537 269 3493 5776 134 4299 6179 134 6045 806 1612 96045
213.0 395 2105 132 263 921 1184 395 6445 132 4867 4078 526 1578 132 5656 15390 1841 132 2236 16837 132 526 263 3420 5656 132 4209 6051 132 5919 789 1578 94048
214.0 392 2088 131 261 914 1175 392 6395 131 4829 4046 522 1566 131 5612 15271 1827 131 2219 16707 131 522 261 3394 5612 131 4177 6004 131 5873 783 1566 93322
215.0 388 2071 129 259 906 1165 388 6343 129 4790 4013 518 1553 129 5567 15146 1812 129 2201 16570 129 518 259 3366 5567 129 4143 5955 129 5825 777 1553 92561
216.0 380 2028 127 253 887 1141 380 6210 127 4689 3928 507 1521 127 5449 14827 1774 127 2154 16221 127 507 253 3295 5449 127 4055 5829 127 5703 760 1521 90609
217.0 377 2011 126 251 880 1131 377 6158 126 4650 3896 503 1508 126 5404 14703 1759 126 2136 16085 126 503 251 3267 5404 126 4021 5781 126 5655 754 1508 89851
218.0 374 1993 125 249 872 1121 374 6103 125 4609 3861 498 1495 125 5356 14574 1744 125 2118 15944 125 498 249 3239 5356 125 3986 5730 125 5605 747 1495 89061
219.0 366 1950 122 244 853 1097 366 5973 122 4510 3779 488 1463 122 5242 14262 1707 122 2072 15603 122 488 244 3169 5242 122 3901 5607 122 5485 731 1463 87157
220.0 362 1933 121 242 846 1087 362 5919 121 4470 3745 483 1450 121 5194 14134 1691 121 2054 15462 121 483 242 3141 5194 121 3866 5557 121 5436 725 1450 86372
221.0 359 1915 120 239 838 1077 359 5863 120 4428 3710 479 1436 120 5145 14000 1675 120 2034 15317 120 479 239 3111 5145 120 3829 5504 120 5385 718 1436 85559
222.0 351 1873 117 234 819 1054 351 5736 117 4332 3629 468 1405 117 5034 13697 1639 117 1990 14985 117 468 234 3044 5034 117 3746 5385 117 5268 702 1405 83705
223.0 348 1855 116 232 812 1043 348 5681 116 4290 3594 464 1391 116 4985 13565 1623 116 1971 14841 116 464 232 3014 4985 116 3710 5333 116 5217 696 1391 82898
224.0 344 1836 115 230 803 1033 344 5624 115 4247 3558 459 1377 115 4935 13429 1607 115 1951 14692 115 459 230 2984 4935 115 3673 5280 115 5165 689 1377 82066
225.0 337 1796 112 225 786 1010 337 5501 112 4154 3480 449 1347 112 4827 13134 1572 112 1908 14369 112 449 225 2919 4827 112 3592 5164 112 5052 674 1347 80265
226.0 333 1778 111 222 778 1000 333 5444 111 4111 3444 444 1333 111 4778 13000 1556 111 1889 14222 111 444 222 2889 4778 111 3555 5111 111 5000 667 1333 79442
227.0 330 1759 110 220 769 989 330 5386 110 4067 3408 440 1319 110 4727 12861 1539 110 1869 14070 110 440 220 2858 4727 110 3518 5057 110 4947 660 1319 78596
228.0 322 1720 107 215 752 967 322 5267 107 3977 3332 430 1290 107 4622 12575 1505 107 1827 13758 107 430 215 2795 4622 107 3439 4944 107 4837 645 1290 76850
229.0 319 1701 106 213 744 957 319 5209 106 3934 3296 425 1276 106 4571 12439 1488 106 1807 13608 106 425 213 2764 4571 106 3402 4890 106 4784 638 1276 76014
230.0 315 1682 105 210 736 946 315 5151 105 3889 3259 420 1261 105 4520 12299 1472 105 1787 13455 105 420 210 2733 4520 105 3364 4835 105 4730 631 1261 75160
231.0 308 1644 103 206 719 925 308 5035 103 3802 3185 411 1233 103 4418 12022 1439 103 1747 13152 103 411 206 2672 4418 103 3288 4727 103 4624 617 1233 73469
232.0 305 1625 102 203 711 914 305 4977 102 3758 3149 406 1219 102 4368 11884 1422 102 1727 13002 102 406 203 2641 4368 102 3250 4672 102 4571 609 1219 72626
233.0 301 1606 100 201 703 903 301 4918 100 3714 3112 401 1204 100 4316 11744 1405 100 1706 12848 100 401 201 2610 4316 100 3212 4617 100 4517 602 1204 71767
234.0 294 1569 98 196 687 883 294 4806 98 3629 3041 392 1177 98 4218 11476 1373 98 1667 12555 98 392 196 2550 4218 98 3139 4512 98 4414 589 1177 70133
235.0 291 1550 97 194 678 872 291 4748 97 3585 3004 388 1163 97 4167 11338 1357 97 1647 12404 97 388 194 2520 4167 97 3101 4458 97 4361 581 1163 69287
236.0 287 1531 96 191 670 861 287 4689 96 3541 2967 383 1148 96 4115 11197 1340 96 1627 12250 96 383 191 2488 4115 96 3062 4402 96 4307 574 1148 68427
237.0 280 1496 93 187 654 841 280 4581 93 3459 2898 374 1122 93 4020 10939 1309 93 1589 11968 93 374 187 2431 4020 93 2992 4301 93 4207 561 1122 66851
238.0 277 1477 92 185 646 831 277 4524 92 3416 2862 369 1108 92 3970 10801 1292 92 1569 11817 92 369 185 2400 3970 92 2954 4247 92 4154 554 1108 66006
239.0 273 1458 91 182 638 820 273 4465 91 3371 2825 364 1093 91 3918 10661 1276 91 1549 11663 91 364 182 2369 3918 91 2916 4191 91 4100 547 1093 65150
240.0 267 1424 89 178 623 801 267 4361 89 3293 2759 356 1068 89 3827 10413 1246 89 1513 11392 89 356 178 2314 3827 89 2848 4094 89 4005 534 1068 63633
241.0 263 1405 88 176 615 790 263 4303 88 3249 2722 351 1054 88 3776 10275 1229 88 1493 11241 88 351 176 2283 3776 88 2810 4040 88 3952 527 1054 62792
242.0 260 1386 87 173 606 780 260 4245 87 3205 2686 347 1040 87 3725 10136 1213 87 1473 11089 87 347 173 2252 3725 87 2772 3985 87 3898 520 1040 61942
243.0 254 1353 85 169 592 761 254 4145 85 3130 2622 338 1015 85 3638 9897 1184 85 1438 10828 85 338 169 2199 3638 85 2707 3891 85 3807 508 1015 60484
244.0 250 1335 83 167 584 751 250 4088 83 3087 2586 334 1001 83 3587 9761 1168 83 1418 10679 83 334 167 2169 3587 83 2670 3838 83 3754 501 1001 59651
245.0 247 1316 82 165 576 740 247 4030 82 3043 2550 329 987 82 3537 9624 1152 82 1398 10528 82 329 165 2139 3537 82 2632 3784 82 3701 494 987 58811
246.0 241 1285 80 161 562 723 241 3935 80 2971 2489 321 964 80 3453 9395 1124 80 1365 10278 80 321 161 2088 3453 80 2570 3694 80 3613 482 964 57413
247.0 237 1266 79 158 554 712 237 3878 79 2928 2454 317 950 79 3403 9260 1108 79 1346 10131 79 317 158 2058 3403 79 2533 3641 79 3562 475 950 56591
248.0 234 1248 78 156 546 702 234 3822 78 2886 2418 312 936 78 3354 9125 1092 78 1326 9983 78 312 156 2028 3354 78 2496 3588 78 3510 468 936 55764
249.0 228 1218 76 152 533 685 228 3730 76 2816 2360 304 913 76 3273 8906 1066 76 1294 9743 76 304 152 1979 3273 76 2436 3501 76 3425 457 913 54424
250.0 225 1200 75 150 525 675 225 3674 75 2775 2325 300 900 75 3224 8774 1050 75 1275 9598 75 300 150 1950 3224 75 2400 3449 75 3374 450 900 53616
251.0 222 1182 74 148 517 665 222 3619 74 2733 2289 295 886 74 3176 8641 1034 74 1255 9453 74 295 148 1920 3176 74 2363 3397 74 3323 443 886 52805
252.0 216 1153 72 144 504 649 216 3531 72 2666 2234 288 865 72 3099 8431 1009 72 1225 9224 72 288 144 1874 3099 72 2306 3315 72 3243 432 865 51524
253.0 213 1135 71 142 497 639 213 3477 71 2625 2200 284 851 71 3051 8302 993 71 1206 9082 71 284 142 1845 3051 71 2271 3264 71 3193 426 851 50732
254.0 210 1117 70 140 489 629 210 3422 70 2584 2165 279 838 70 3003 8172 978 70 1187 8940 70 279 140 1816 3003 70 2235 3213 70 3143 419 838 49938
255.0 204 1090 68 136 477 613 204 3339 68 2521 2112 273 818 68 2930 7972 954 68 1158 8721 68 273 136 1771 2930 68 2180 3134 68 3066 409 818 48715
256.0 201 1073 67 134 469 603 201 3286 67 2481 2079 268 805 67 2883 7845 939 67 1140 8583 67 268 134 1743 2883 67 2146 3084 67 3017 402 805 47942
257.0 198 1056 66 132 462 594 198 3232 66 2441 2045 264 792 66 2837 7718 924 66 1121 8444 66 264 132 1715 2837 66 2111 3035 66 2969 396 792 47168
258.0 193 1029 64 129 450 579 193 3153 64 2381 1995 257 772 64 2767 7528 901 64 1094 8235 64 257 129 1673 2767 64 2059 2960 64 2895 386 772 46002
259.0 190 1013 63 127 443 570 190 3101 63 2342 1962 253 759 63 2721 7404 886 63 1076 8101 63 253 127 1645 2721 63 2025 2911 63 2848 380 759 45249
260.0 187 996 62 124 436 560 187 3049 62 2303 1929 249 747 62 2676 7281 871 62 1058 7966 62 249 124 1618 2676 62 1991 2863 62 2800 373 747 44496
261.0 182 971 61 121 425 546 182 2973 61 2245 1881 243 728 61 2609 7100 850 61 1032 7767 61 243 121 1578 2609 61 1942 2791 61 2731 364 728 43388
262.0 179 955 60 119 418 537 179 2923 60 2207 1849 239 716 60 2565 6980 835 60 1014 7636 60 239 119 1551 2565 60 1909 2744 60 2685 358 716 42656
263.0 176 938 59 117 410 528 176 2873 59 2170 1818 235 704 59 2521 6861 821 59 997 7506 59 235 117 1525 2521 59 1876 2697 59 2639 352 704 41926
264.0 171 915 57 114 400 514 171 2801 57 2115 1772 229 686 57 2458 6688 800 57 972 7317 57 229 114 1486 2458 57 1829 2630 57 2572 343 686 40873
265.0 169 899 56 112 393 506 169 2753 56 2078 1741 225 674 56 2415 6572 786 56 955 7190 56 225 112 1461 2415 56 1798 2584 56 2528 337 674 40164
266.0 166 883 55 110 386 497 166 2704 55 2042 1711 221 662 55 2373 6457 773 55 938 7064 55 221 110 1435 2373 55 1766 2539 55 2483 331 662 39459
267.0 161 861 54 108 377 484 161 2636 54 1990 1667 215 645 54 2313 6293 753 54 914 6885 54 215 108 1399 2313 54 1721 2474 54 2421 323 645 38459
268.0 158 845 53 106 370 475 158 2589 53 1955 1638 211 634 53 2272 6181 740 53 898 6763 53 211 106 1374 2272 53 1691 2430 53 2377 317 634 37775
269.0 156 830 52 104 363 467 156 2542 52 1920 1608 208 623 52 2231 6070 726 52 882 6641 52 208 104 1349 2231 52 1660 2386 52 2335 311 623 37094
270.0 152 809 51 101 354 455 152 2477 51 1871 1567 202 607 51 2174 5915 708 51 859 6471 51 202 101 1314 2174 51 1618 2326 51 2275 303 607 36147
271.0 149 794 50 99 347 447 149 2432 50 1836 1539 199 596 50 2134 5807 695 50 844 6353 50 199 99 1290 2134 50 1588 2283 50 2234 298 596 35488
272.0 146 779 49 97 341 438 146 2387 49 1803 1510 195 585 49 2095 5700 682 49 828 6236 49 195 97 1267 2095 49 1559 2241 49 2192 292 585 34833
273.0 142 759 47 95 332 427 142 2326 47 1756 1471 190 570 47 2041 5553 665 47 807 6075 47 190 95 1234 2041 47 1519 2183 47 2136 285 570 33937
274.0 140 745 47 93 326 419 140 2282 47 1723 1444 186 559 47 2003 5450 652 47 792 5962 47 186 93 1211 2003 47 1491 2143 47 2096 279 559 33304
275.0 137 731 46 91 320 411 137 2239 46 1691 1417 183 548 46 1965 5347 640 46 777 5849 46 183 91 1188 1965 46 1462 2102 46 2056 274 548 32675
276.0 134 712 45 89 312 401 134 2181 45 1647 1380 178 534 45 1914 5208 623 45 757 5698 45 178 89 1157 1914 45 1424 2048 45 2003 267 534 31828
277.0 131 699 44 87 306 393 131 2140 44 1616 1354 175 524 44 1878 5109 611 44 742 5589 44 175 87 1135 1878 44 1397 2009 44 1965 262 524 31221
278.0 128 685 43 86 300 385 128 2098 43 1584 1328 171 514 43 1841 5010 600 43 728 5481 43 171 86 1113 1841 43 1370 1970 43 1927 257 514 30618
279.0 125 667 42 83 292 375 125 2044 42 1543 1293 167 500 42 1793 4880 584 42 709 5338 42 167 83 1084 1793 42 1335 1918 42 1877 250 500 29820
280.0 123 654 41 82 286 368 123 2004 41 1513 1268 164 491 41 1758 4784 572 41 695 5234 41 164 82 1063 1758 41 1309 1881 41 1840 245 491 29238
281.0 120 641 40 80 281 361 120 1964 40 1483 1243 160 481 40 1724 4690 561 40 681 5131 40 160 80 1042 1724 40 1283 1844 40 1804 241 481 28662
282.0 117 625 39 78 273 351 117 1913 39 1444 1210 156 468 39 1678 4567 546 39 664 4996 39 156 78 1015 1678 39 1249 1796 39 1757 234 468 27910
283.0 115 612 38 77 268 344 115 1875 38 1416 1186 153 459 38 1645 4476 536 38 650 4897 38 153 77 995 1645 38 1224 1760 38 1722 230 459 27354
284.0 112 600 37 75 262 337 112 1837 37 1387 1162 150 450 37 1612 4386 525 37 637 4799 37 150 75 975 1612 37 1200 1725 37 1687 225 450 26805
285.0 109 584 36 73 255 328 109 1788 36 1350 1131 146 438 36 1569 4270 511 36 620 4672 36 146 73 949 1569 36 1168 1679 36 1642 219 438 26097
286.0 107 572 36 72 250 322 107 1752 36 1323 1109 143 429 36 1538 4184 501 36 608 4577 36 143 72 930 1538 36 1144 1645 36 1609 215 429 25568
287.0 105 560 35 70 245 315 105 1716 35 1296 1086 140 420 35 1506 4098 490 35 595 4483 35 140 70 911 1506 35 1121 1611 35 1576 210 420 25044
288.0 102 546 34 68 239 307 102 1671 34 1262 1057 136 409 34 1466 3989 477 34 580 4364 34 136 68 886 1466 34 1091 1568 34 1534 205 409 24379
289.0 100 534 33 67 234 301 100 1636 33 1235 1035 134 401 33 1436 3907 467 33 568 4274 33 134 67 868 1436 33 1069 1536 33 1503 200 401 23875
290.0 98 523 33 65 229 294 98 1602 33 1210 1014 131 392 33 1406 3825 458 33 556 4185 33 131 65 850 1406 33 1046 1504 33 1471 196 392 23378
291.0 95 509 32 64 223 286 95 1559 32 1177 986 127 382 32 1368 3723 446 32 541 4073 32 127 64 827 1368 32 1018 1464 32 1432 191 382 22753
292.0 93 498 31 62 218 280 93 1527 31 1153 966 125 374 31 1340 3645 436 31 530 3988 31 125 62 810 1340 31 997 1433 31 1402 187 374 22275
293.0 91 488 30 61 213 274 91 1494 30 1128 945 122 366 30 1311 3568 427 30 518 3903 30 122 61 793 1311 30 976 1403 30 1372 183 366 21803
294.0 89 475 30 59 208 267 89 1454 30 1098 920 119 356 30 1276 3472 415 30 504 3798 30 119 59 772 1276 30 950 1365 30 1335 178 356 21217
295.0 87 465 29 58 203 261 87 1423 29 1074 900 116 348 29 1249 3398 407 29 494 3717 29 116 58 755 1249 29 929 1336 29 1307 174 348 20764
296.0 85 455 28 57 199 256 85 1392 28 1051 881 114 341 28 1222 3325 398 28 483 3637 28 114 57 739 1222 28 909 1307 28 1279 170 341 20317
297.0 83 442 28 55 194 249 83 1355 28 1023 857 111 332 28 1189 3235 387 28 470 3539 28 111 55 719 1189 28 885 1272 28 1244 166 332 19768
298.0 81 433 27 54 189 243 81 1325 27 1001 838 108 325 27 1163 3165 379 27 460 3462 27 108 54 703 1163 27 866 1244 27 1217 162 325 19339
299.0 79 423 26 53 185 238 79 1296 26 979 820 106 317 26 1138 3095 370 26 450 3386 26 106 53 688 1138 26 847 1217 26 1191 159 317 18916
300.0 77 412 26 51 180 232 77 1261 26 952 798 103 309 26 1107 3011 360 26 438 3294 26 103 51 669 1107 26 824 1184 26 1158 154 309 18402
301.0 76 403 25 50 176 227 76 1233 25 931 780 101 302 25 1082 2945 352 25 428 3222 25 101 50 654 1082 25 805 1158 25 1133 151 302 17997
302.0 74 393 25 49 172 221 74 1205 25 910 762 98 295 25 1057 2877 344 25 418 3148 25 98 49 639 1057 25 787 1131 25 1107 148 295 17583
303.0 72 383 24 48 168 215 72 1173 24 886 742 96 287 24 1029 2801 335 24 407 3064 24 96 48 622 1029 24 766 1101 24 1077 144 287 17117
304.0 70 374 23 47 164 211 70 1147 23 866 726 94 281 23 1006 2738 328 23 398 2996 23 94 47 609 1006 23 749 1077 23 1053 140 281 16735
305.0 69 366 23 46 160 206 69 1120 23 846 709 91 274 23 983 2675 320 23 389 2926 23 91 46 594 983 23 732 1052 23 1029 137 274 16345
306.0 67 356 22 45 156 200 67 1090 22 823 690 89 267 22 957 2603 312 22 378 2848 22 89 45 579 957 22 712 1024 22 1001 134 267 15910
307.0 65 348 22 43 152 196 65 1066 22 805 674 87 261 22 935 2544 304 22 370 2784 22 87 43 565 935 22 696 1000 22 979 130 261 15549
308.0 64 340 21 42 149 191 64 1041 21 786 658 85 255 21 913 2484 297 21 361 2718 21 85 42 552 913 21 680 977 21 956 127 255 15183
309.0 62 331 21 41 145 186 62 1013 21 765 641 83 248 21 889 2418 289 21 351 2645 21 83 41 537 889 21 661 951 21 930 124 248 14777
310.0 61 323 20 40 141 182 61 989 20 747 626 81 242 20 868 2363 283 20 343 2585 20 81 40 525 868 20 646 929 20 909 121 242 14438
311.0 59 315 20 39 138 177 59 966 20 729 611 79 237 20 848 2306 276 20 335 2523 20 79 39 512 848 20 631 907 20 887 118 237 14093
312.0 58 307 19 38 134 173 58 940 19 710 595 77 230 19 825 2244 269 19 326 2455 19 77 38 499 825 19 614 882 19 863 115 230 13714
313.0 56 300 19 37 131 169 56 918 19 693 581 75 225 19 806 2192 262 19 319 2398 19 75 37 487 806 19 600 862 19 843 112 225 13396
314.0 55 293 18 37 128 165 55 896 18 677 567 73 219 18 786 2139 256 18 311 2340 18 73 37 475 786 18 585 841 18 823 110 219 13073
315.0 53 285 18 36 125 160 53 872 18 658 551 71 213 18 765 2081 249 18 302 2277 18 71 36 463 765 18 569 818 18 801 107 213 12720
316.0 52 278 17 35 122 156 52 851 17 643 539 69 208 17 747 2032 243 17 295 2224 17 69 35 452 747 17 556 799 17 782 104 208 12421
317.0 51 271 17 34 119 153 51 831 17 627 525 68 203 17 729 1983 237 17 288 2170 17 68 34 441 729 17 542 780 17 763 102 203 12119
318.0 49 264 16 33 115 148 49 808 16 610 511 66 198 16 709 1929 231 16 280 2111 16 66 33 429 709 16 528 758 16 742 99 198 11789
319.0 48 258 16 32 113 145 48 789 16 596 499 64 193 16 692 1883 225 16 274 2060 16 64 32 419 692 16 515 740 16 724 97 193 11509
320.0 47 251 16 31 110 141 47 769 16 581 487 63 188 16 675 1837 220 16 267 2010 16 63 31 408 675 16 502 722 16 707 94 188 11227
321.0 46 244 15 31 107 137 46 748 15 565 473 61 183 15 657 1787 214 15 260 1955 15 61 31 397 657 15 489 703 15 687 92 183 10920
322.0 45 239 15 30 104 134 45 730 15 552 462 60 179 15 641 1744 209 15 253 1908 15 60 30 388 641 15 477 686 15 671 89 179 10658
323.0 44 233 15 29 102 131 44 712 15 538 451 58 174 15 625 1701 204 15 247 1861 15 58 29 378 625 15 465 669 15 654 87 174 10394
324.0 42 226 14 28 99 127 42 693 14 523 438 57 170 14 608 1654 198 14 240 1810 14 57 28 368 608 14 452 650 14 636 85 170 10109
325.0 41 221 14 28 97 124 41 676 14 510 428 55 166 14 593 1614 193 14 235 1766 14 55 28 359 593 14 441 635 14 621 83 166 9864
326.0 40 215 13 27 94 121 40 659 13 498 417 54 161 13 578 1574 188 13 229 1722 13 54 27 350 578 13 430 619 13 605 81 161 9617
327.0 39 209 13 26 92 118 39 641 13 484 405 52 157 13 562 1530 183 13 222 1674 13 52 26 340 562 13 419 602 13 589 78 157 9352
328.0 38 204 13 26 89 115 38 625 13 472 396 51 153 13 549 1493 179 13 217 1633 13 51 26 332 549 13 408 587 13 574 77 153 9123
329.0 37 199 12 25 87 112 37 609 12 460 386 50 149 12 535 1455 174 12 211 1592 12 50 25 323 535 12 398 572 12 560 75 149 8893
330.0 36 194 12 24 85 109 36 593 12 447 375 48 145 12 520 1415 169 12 206 1548 12 48 24 314 520 12 387 556 12 544 73 145 8647
331.0 35 189 12 24 83 106 35 578 12 436 366 47 142 12 507 1380 165 12 201 1510 12 47 24 307 507 12 377 543 12 531 71 142 8434
332.0 34 184 11 23 80 103 34 563 11 425 356 46 138 11 494 1345 161 11 195 1471 11 46 23 299 494 11 368 529 11 517 69 138 8220
333.0 34 179 11 22 78 101 34 548 11 414 346 45 134 11 481 1308 156 11 190 1431 11 45 22 291 481 11 358 514 11 503 67 134 7991
334.0 33 174 11 22 76 98 33 534 11 403 338 44 131 11 469 1275 153 11 185 1395 11 44 22 283 469 11 349 501 11 490 65 131 7792
335.0 32 170 11 21 74 96 32 520 11 393 329 42 127 11 457 1242 149 11 181 1359 11 42 21 276 457 11 340 488 11 478 64 127 7593
336.0 31 165 10 21 72 93 31 506 10 382 320 41 124 10 444 1208 145 10 175 1321 10 41 21 268 444 10 330 475 10 465 62 124 7381
337.0 30 161 10 20 70 91 30 493 10 372 312 40 121 10 433 1177 141 10 171 1288 10 40 20 262 433 10 322 463 10 453 60 121 7196
338.0 29 157 10 20 69 88 29 480 10 363 304 39 118 10 422 1147 137 10 167 1255 10 39 20 255 422 10 314 451 10 441 59 118 7010
339.0 29 152 10 19 67 86 29 467 10 353 295 38 114 10 410 1115 133 10 162 1220 10 38 19 248 410 10 305 438 10 429 57 114 6814
340.0 28 149 9 19 65 84 28 455 9 344 288 37 111 9 399 1087 130 9 158 1189 9 37 19 242 399 9 297 427 9 418 56 111 6642
341.0 27 145 9 18 63 81 27 443 9 335 280 36 109 9 389 1059 127 9 154 1158 9 36 18 235 389 9 290 416 9 407 54 109 6469
342.0 26 141 9 18 62 79 26 431 9 325 273 35 106 9 378 1029 123 9 149 1126 9 35 18 229 378 9 281 405 9 396 53 106 6288
343.0 26 137 9 17 60 77 26 420 9 317 266 34 103 9 368 1003 120 9 146 1097 9 34 17 223 368 9 274 394 9 386 51 103 6127
344.0 25 134 8 17 58 75 25 409 8 309 259 33 100 8 359 976 117 8 142 1068 8 33 17 217 359 8 267 384 8 376 50 100 5967
345.0 24 130 8 16 57 73 24 397 8 300 251 32 97 8 349 949 114 8 138 1038 8 32 16 211 349 8 260 373 8 365 49 97 5799
346.0 24 126 8 16 55 71 24 387 8 292 245 32 95 8 340 925 111 8 134 1011 8 32 16 205 340 8 253 364 8 356 47 95 5650
347.0 23 123 8 15 54 69 23 377 8 285 239 31 92 8 331 900 108 8 131 985 8 31 15 200 331 8 246 354 8 346 46 92 5502
348.0 22 120 7 15 52 67 22 366 7 277 232 30 90 7 322 875 105 7 127 957 7 30 15 194 322 7 239 344 7 336 45 90 5346
349.0 22 117 7 15 51 66 22 357 7 269 226 29 87 7 313 852 102 7 124 932 7 29 15 189 313 7 233 335 7 328 44 87 5208
350.0 21 113 7 14 50 64 21 347 7 262 220 28 85 7 305 830 99 7 121 908 7 28 14 184 305 7 227 326 7 319 43 85 5070
351.0 21 110 7 14 48 62 21 338 7 255 214 28 83 7 296 806 96 7 117 882 7 28 14 179 296 7 220 317 7 310 41 83 4927
352.0 20 107 7 13 47 60 20 329 7 248 208 27 81 7 289 785 94 7 114 859 7 27 13 174 289 7 215 309 7 302 40 81 4798
353.0 20 105 7 13 46 59 20 320 7 242 203 26 78 7 281 764 91 7 111 836 7 26 13 170 281 7 209 300 7 294 39 78 4671
354.0 19 102 6 13 44 57 19 311 6 235 197 25 76 6 273 743 89 6 108 812 6 25 13 165 273 6 203 292 6 286 38 76 4538
355.0 19 99 6 12 43 56 19 303 6 229 192 25 74 6 266 723 87 6 105 791 6 25 12 161 266 6 198 284 6 278 37 74 4419
356.0 18 96 6 12 42 54 18 295 6 223 186 24 72 6 259 704 84 6 102 770 6 24 12 156 259 6 192 277 6 271 36 72 4301
357.0 18 94 6 12 41 53 18 286 6 216 181 23 70 6 251 684 82 6 99 748 6 23 12 152 251 6 187 269 6 263 35 70 4179
358.0 17 91 6 11 40 51 17 279 6 211 176 23 68 6 245 666 80 6 97 728 6 23 11 148 245 6 182 262 6 256 34 68 4068
359.0 17 89 6 11 39 50 17 271 6 205 172 22 66 6 238 648 78 6 94 709 6 22 11 144 238 6 177 255 6 249 33 66 3959
360.0 16 86 5 11 38 48 16 264 5 199 167 22 65 5 231 629 75 5 91 689 5 22 11 140 231 5 172 247 5 242 32 65 3846
361.0 16 84 5 10 37 47 16 257 5 194 162 21 63 5 225 613 73 5 89 670 5 21 10 136 225 5 168 241 5 236 31 63 3744
362.0 15 82 5 10 36 46 15 250 5 189 158 20 61 5 219 596 71 5 87 652 5 20 10 132 219 5 163 234 5 229 31 61 3643
363.0 15 79 5 10 35 45 15 243 5 183 153 20 59 5 213 579 69 5 84 634 5 20 10 129 213 5 158 228 5 223 30 59 3539
364.0 14 77 5 10 34 43 14 236 5 178 149 19 58 5 207 564 67 5 82 617 5 19 10 125 207 5 154 222 5 217 29 58 3444
365.0 14 75 5 9 33 42 14 230 5 173 145 19 56 5 202 548 66 5 80 600 5 19 9 122 202 5 150 216 5 211 28 56 3351
