Covid-19 Nucleation Estimated by PSD Model @ CDS/IISc
Day AN AP AR AS BR CH CT DL GA GJ HR HP JK JH KA KL LA LD MP MH MN OR PY PB RJ SK TN TG TR UP UT WB Total
0.0 0 0 0 0 0 0 0 0 0 0 0 0 0 0 0 0 0 0 0 0 0 0 0 0 0 0 0 0 0 0 0 0 0
1.0 1 4 0 1 2 3 1 14 0 10 9 1 3 0 12 33 4 0 5 36 0 1 1 7 12 0 9 13 0 13 2 3 200
2.0 1 4 0 0 2 2 1 11 0 9 7 1 3 0 10 27 3 0 4 29 0 1 0 6 10 0 7 11 0 10 1 3 164
3.0 1 4 0 0 2 2 1 11 0 9 7 1 3 0 10 27 3 0 4 30 0 1 0 6 10 0 7 11 0 11 1 3 167
4.0 1 4 0 1 2 2 1 12 0 9 8 1 3 0 11 30 4 0 4 33 0 1 1 7 11 0 8 12 0 11 2 3 182
5.0 1 5 0 1 2 3 1 14 0 10 9 1 3 0 12 33 4 0 5 36 0 1 1 7 12 0 9 13 0 13 2 3 203
6.0 1 5 0 1 2 3 1 16 0 12 10 1 4 0 14 37 4 0 5 41 0 1 1 8 14 0 10 15 0 14 2 4 229
7.0 1 6 0 1 3 3 1 18 0 13 11 1 4 0 15 42 5 0 6 46 0 1 1 9 15 0 12 17 0 16 2 4 258
8.0 1 6 0 1 3 4 1 20 0 15 13 2 5 0 17 48 6 0 7 52 0 2 1 11 17 0 13 19 0 18 2 5 290
9.0 1 7 0 1 3 4 1 22 0 17 14 2 5 0 20 53 6 0 8 58 0 2 1 12 20 0 15 21 0 21 3 5 327
10.0 2 8 1 1 4 5 2 25 1 19 16 2 6 1 22 60 7 1 9 66 1 2 1 13 22 1 16 24 1 23 3 6 367
11.0 2 9 1 1 4 5 2 28 1 21 18 2 7 1 25 67 8 1 10 74 1 2 1 15 25 1 18 26 1 26 3 7 411
12.0 2 10 1 1 5 6 2 32 1 24 20 3 8 1 28 75 9 1 11 82 1 3 1 17 28 1 21 30 1 29 4 8 460
13.0 2 12 1 1 5 6 2 35 1 27 22 3 9 1 31 84 10 1 12 92 1 3 1 19 31 1 23 33 1 32 4 9 514
14.0 2 13 1 2 6 7 2 39 1 30 25 3 10 1 35 94 11 1 14 103 1 3 2 21 35 1 26 37 1 36 5 10 574
15.0 3 14 1 2 6 8 3 44 1 33 28 4 11 1 38 105 13 1 15 114 1 4 2 23 38 1 29 41 1 40 5 11 639
16.0 3 16 1 2 7 9 3 48 1 36 30 4 12 1 42 115 14 1 17 126 1 4 2 26 42 1 31 45 1 44 6 12 702
17.0 3 17 1 2 7 10 3 52 1 39 33 4 13 1 46 124 15 1 18 136 1 4 2 28 46 1 34 49 1 48 6 13 760
18.0 3 18 1 2 8 10 3 56 1 42 35 5 14 1 49 134 16 1 19 146 1 5 2 30 49 1 37 53 1 51 7 14 818
19.0 4 20 1 2 9 11 4 60 1 45 38 5 15 1 53 143 17 1 21 156 1 5 2 32 53 1 39 56 1 55 7 15 874
20.0 4 21 1 3 9 12 4 64 1 48 40 5 16 1 56 152 18 1 22 166 1 5 3 34 56 1 41 60 1 58 8 16 927
21.0 4 22 1 3 10 12 4 67 1 51 42 5 16 1 59 160 19 1 23 175 1 5 3 36 59 1 44 63 1 62 8 16 979
22.0 4 23 1 3 10 13 4 70 1 53 44 6 17 1 61 167 20 1 24 183 1 6 3 37 61 1 46 66 1 64 9 17 1021
23.0 5 25 2 3 11 14 5 75 2 57 48 6 18 2 66 180 21 2 26 196 2 6 3 40 66 2 49 71 2 69 9 18 1097
24.0 5 26 2 3 11 15 5 80 2 61 51 7 20 2 71 192 23 2 28 210 2 7 3 43 71 2 53 76 2 74 10 20 1174
25.0 5 28 2 4 12 16 5 86 2 65 54 7 21 2 75 205 25 2 30 224 2 7 4 46 75 2 56 81 2 79 11 21 1253
26.0 6 30 2 4 13 17 6 92 2 69 58 7 22 2 80 219 26 2 32 239 2 7 4 49 80 2 60 86 2 84 11 22 1337
27.0 6 32 2 4 14 18 6 98 2 74 62 8 24 2 86 233 28 2 34 255 2 8 4 52 86 2 64 92 2 90 12 24 1426
28.0 6 34 2 4 15 19 6 104 2 79 66 9 26 2 91 249 30 2 36 272 2 9 4 55 91 2 68 98 2 96 13 26 1521
29.0 7 36 2 5 16 20 7 111 2 84 70 9 27 2 98 265 32 2 39 290 2 9 5 59 98 2 73 104 2 102 14 27 1621
30.0 7 39 2 5 17 22 7 118 2 89 75 10 29 2 104 283 34 2 41 309 2 10 5 63 104 2 77 111 2 109 15 29 1728
31.0 8 41 3 5 18 23 8 126 3 95 80 10 31 3 111 301 36 3 44 330 3 10 5 67 111 3 82 118 3 116 15 31 1842
32.0 8 44 3 5 19 25 8 134 3 102 85 11 33 3 118 321 38 3 47 351 3 11 5 71 118 3 88 126 3 123 16 33 1962
33.0 9 47 3 6 20 26 9 143 3 108 91 12 35 3 126 342 41 3 50 374 3 12 6 76 126 3 93 134 3 131 18 35 2089
34.0 9 50 3 6 22 28 9 152 3 115 96 12 37 3 134 364 44 3 53 398 3 12 6 81 134 3 100 143 3 140 19 37 2223
35.0 10 53 3 7 23 30 10 162 3 122 103 13 40 3 142 387 46 3 56 423 3 13 7 86 142 3 106 152 3 149 20 40 2365
36.0 11 56 4 7 25 32 11 172 4 130 109 14 42 4 151 412 49 4 60 450 4 14 7 91 151 4 113 162 4 158 21 42 2515
37.0 11 59 4 7 26 33 11 182 4 137 115 15 45 4 160 434 52 4 63 475 4 15 7 97 160 4 119 171 4 167 22 45 2654
38.0 12 62 4 8 27 35 12 190 4 144 121 16 47 4 167 455 54 4 66 498 4 16 8 101 167 4 124 179 4 175 23 47 2780
39.0 12 65 4 8 28 37 12 199 4 150 126 16 49 4 175 475 57 4 69 520 4 16 8 106 175 4 130 187 4 183 24 49 2905
40.0 13 68 4 8 30 38 13 207 4 157 131 17 51 4 182 495 59 4 72 542 4 17 8 110 182 4 135 195 4 191 25 51 3028
41.0 13 70 4 9 31 40 13 216 4 163 136 18 53 4 189 515 62 4 75 563 4 18 9 114 189 4 141 202 4 198 26 53 3145
42.0 14 73 5 9 32 41 14 223 5 169 141 18 55 5 196 533 64 5 77 583 5 18 9 118 196 5 146 210 5 205 27 55 3257
43.0 14 75 5 9 33 42 14 230 5 174 146 19 56 5 202 550 66 5 80 602 5 19 9 122 202 5 150 216 5 212 28 56 3361
44.0 15 77 5 10 34 44 15 237 5 179 150 19 58 5 208 566 68 5 82 619 5 19 10 126 208 5 155 222 5 218 29 58 3457
45.0 15 79 5 10 35 45 15 243 5 183 154 20 59 5 213 580 69 5 84 635 5 20 10 129 213 5 159 228 5 223 30 59 3545
46.0 15 81 5 10 35 46 15 248 5 187 157 20 61 5 218 593 71 5 86 648 5 20 10 132 218 5 162 233 5 228 30 61 3622
47.0 15 83 5 10 36 46 15 253 5 191 160 21 62 5 222 604 72 5 88 660 5 21 10 134 222 5 165 237 5 232 31 62 3689
48.0 16 84 5 10 37 47 16 257 5 194 162 21 63 5 225 613 73 5 89 670 5 21 10 136 225 5 168 241 5 236 31 63 3745
49.0 16 85 5 11 37 48 16 260 5 196 164 21 64 5 228 620 74 5 90 678 5 21 11 138 228 5 170 244 5 238 32 64 3789
50.0 16 85 5 11 37 48 16 262 5 198 166 21 64 5 230 625 75 5 91 684 5 21 11 139 230 5 171 246 5 240 32 64 3820
51.0 16 86 5 11 38 48 16 263 5 199 166 21 64 5 231 628 75 5 91 687 5 21 11 140 231 5 172 247 5 242 32 64 3839
52.0 16 87 5 11 38 49 16 267 5 201 169 22 65 5 234 636 76 5 92 696 5 22 11 141 234 5 174 250 5 245 33 65 3889
53.0 17 89 6 11 39 50 17 272 6 206 172 22 67 6 239 650 78 6 94 711 6 22 11 144 239 6 178 256 6 250 33 67 3972
54.0 17 91 6 11 40 51 17 278 6 210 176 23 68 6 244 663 79 6 96 726 6 23 11 147 244 6 181 261 6 255 34 68 4053
55.0 17 93 6 12 40 52 17 283 6 214 179 23 69 6 249 677 81 6 98 740 6 23 12 150 249 6 185 266 6 260 35 69 4135
56.0 18 94 6 12 41 53 18 289 6 218 183 24 71 6 254 691 83 6 100 756 6 24 12 154 254 6 189 272 6 266 35 71 4222
57.0 18 97 6 12 42 54 18 296 6 223 187 24 72 6 259 706 84 6 103 772 6 24 12 157 259 6 193 277 6 271 36 72 4313
58.0 18 99 6 12 43 55 18 302 6 228 191 25 74 6 265 721 86 6 105 789 6 25 12 160 265 6 197 284 6 277 37 74 4408
59.0 19 101 6 13 44 57 19 309 6 233 195 25 76 6 271 738 88 6 107 807 6 25 13 164 271 6 202 290 6 284 38 76 4509
60.0 19 103 6 13 45 58 19 316 6 239 200 26 77 6 278 755 90 6 110 826 6 26 13 168 278 6 207 297 6 290 39 77 4614
61.0 20 106 7 13 46 59 20 324 7 244 205 26 79 7 284 773 93 7 112 846 7 26 13 172 284 7 211 304 7 297 40 79 4725
62.0 19 103 6 13 45 58 19 317 6 239 200 26 78 6 278 756 90 6 110 827 6 26 13 168 278 6 207 297 6 291 39 78 4621
63.0 11 57 4 7 25 32 11 176 4 133 111 14 43 4 154 420 50 4 61 459 4 14 7 93 154 4 115 165 4 162 22 43 2567
64.0 21 110 7 14 48 62 21 338 7 255 214 28 83 7 297 807 97 7 117 883 7 28 14 179 297 7 221 317 7 310 41 83 4933
65.0 20 105 7 13 46 59 20 321 7 242 203 26 79 7 282 767 92 7 111 839 7 26 13 170 282 7 210 301 7 295 39 79 4684
66.0 11 57 4 7 25 32 11 176 4 133 111 14 43 4 154 419 50 4 61 459 4 14 7 93 154 4 115 165 4 161 22 43 2563
67.0 21 110 7 14 48 62 21 337 7 254 213 28 83 7 296 804 96 7 117 880 7 28 14 179 296 7 220 316 7 309 41 83 4916
68.0 20 105 7 13 46 59 20 320 7 242 203 26 78 7 281 765 91 7 111 836 7 26 13 170 281 7 209 301 7 294 39 78 4672
69.0 11 57 4 7 25 32 11 176 4 133 111 14 43 4 154 420 50 4 61 459 4 14 7 93 154 4 115 165 4 162 22 43 2566
70.0 21 110 7 14 48 62 21 338 7 255 214 28 83 7 297 808 97 7 117 884 7 28 14 180 297 7 221 318 7 311 41 83 4936
71.0 20 105 7 13 46 59 20 323 7 244 204 26 79 7 283 770 92 7 112 843 7 26 13 171 283 7 211 303 7 296 40 79 4708
72.0 11 58 4 7 25 33 11 178 4 134 113 15 44 4 156 425 51 4 62 465 4 15 7 94 156 4 116 167 4 163 22 44 2596
73.0 21 112 7 14 49 63 21 343 7 259 217 28 84 7 301 819 98 7 119 896 7 28 14 182 301 7 224 322 7 315 42 84 5003
74.0 20 107 7 13 47 60 20 328 7 247 207 27 80 7 288 783 94 7 114 856 7 27 13 174 288 7 214 308 7 301 40 80 4782
75.0 11 59 4 7 26 33 11 181 4 137 115 15 44 4 159 432 52 4 63 473 4 15 7 96 159 4 118 170 4 166 22 44 2643
76.0 21 114 7 14 50 64 21 349 7 264 221 29 86 7 306 834 100 7 121 912 7 29 14 185 306 7 228 328 7 321 43 86 5096
77.0 21 114 7 14 50 64 21 349 7 264 221 29 86 7 307 834 100 7 121 913 7 29 14 185 307 7 228 328 7 321 43 86 5099
78.0 10 55 3 7 24 31 10 168 3 127 107 14 41 3 148 402 48 3 58 440 3 14 7 89 148 3 110 158 3 155 21 41 2457
79.0 22 117 7 15 51 66 22 357 7 270 226 29 87 7 313 853 102 7 124 933 7 29 15 189 313 7 233 335 7 328 44 87 5211
80.0 22 116 7 15 51 66 22 357 7 269 226 29 87 7 313 852 102 7 124 932 7 29 15 189 313 7 233 335 7 328 44 87 5205
81.0 11 56 4 7 25 32 11 172 4 130 109 14 42 4 151 410 49 4 60 448 4 14 7 91 151 4 112 161 4 158 21 42 2505
82.0 22 119 7 15 52 67 22 364 7 275 230 30 89 7 319 869 104 7 126 950 7 30 15 193 319 7 238 342 7 334 45 89 5309
83.0 22 119 7 15 52 67 22 363 7 274 230 30 89 7 319 867 104 7 126 949 7 30 15 193 319 7 237 341 7 334 44 89 5301
84.0 11 57 4 7 25 32 11 175 4 132 111 14 43 4 153 417 50 4 61 457 4 14 7 93 153 4 114 164 4 160 21 43 2550
85.0 23 121 8 15 53 68 23 370 8 280 234 30 91 8 325 884 106 8 129 968 8 30 15 197 325 8 242 348 8 340 45 91 5405
86.0 23 121 8 15 53 68 23 370 8 279 234 30 91 8 325 883 106 8 128 966 8 30 15 196 325 8 242 347 8 340 45 91 5396
87.0 11 58 4 7 25 33 11 178 4 134 113 15 44 4 156 425 51 4 62 465 4 15 7 94 156 4 116 167 4 163 22 44 2595
88.0 23 123 8 15 54 69 23 377 8 285 238 31 92 8 331 900 108 8 131 985 8 31 15 200 331 8 246 354 8 346 46 92 5499
89.0 23 123 8 15 54 69 23 376 8 284 238 31 92 8 330 898 107 8 131 983 8 31 15 200 330 8 246 353 8 345 46 92 5490
90.0 11 59 4 7 26 33 11 181 4 137 114 15 44 4 159 432 52 4 63 472 4 15 7 96 159 4 118 170 4 166 22 44 2638
91.0 23 125 8 16 55 70 23 383 8 289 242 31 94 8 336 915 109 8 133 1001 8 31 16 203 336 8 250 360 8 352 47 94 5591
92.0 23 125 8 16 55 70 23 382 8 289 242 31 94 8 336 913 109 8 133 999 8 31 16 203 336 8 250 359 8 351 47 94 5579
93.0 11 60 4 7 26 34 11 184 4 139 116 15 45 4 161 439 52 4 64 480 4 15 7 97 161 4 120 172 4 169 22 45 2680
94.0 24 127 8 16 56 71 24 389 8 294 246 32 95 8 341 929 111 8 135 1016 8 32 16 206 341 8 254 365 8 357 48 95 5677
95.0 24 127 8 16 55 71 24 388 8 293 246 32 95 8 341 927 111 8 135 1014 8 32 16 206 341 8 253 364 8 356 48 95 5663
96.0 11 61 4 8 27 34 11 186 4 141 118 15 46 4 164 445 53 4 65 487 4 15 8 99 164 4 122 175 4 171 23 46 2719
97.0 24 129 8 16 56 72 24 395 8 298 250 32 97 8 346 942 113 8 137 1031 8 32 16 209 346 8 258 370 8 362 48 97 5758
98.0 24 128 8 16 56 72 24 393 8 297 249 32 96 8 345 940 112 8 137 1028 8 32 16 209 345 8 257 369 8 361 48 96 5742
99.0 12 62 4 8 27 35 12 189 4 143 119 15 46 4 166 451 54 4 65 493 4 15 8 100 166 4 123 177 4 173 23 46 2755
100.0 24 131 8 16 57 73 24 400 8 302 253 33 98 8 351 954 114 8 139 1044 8 33 16 212 351 8 261 375 8 367 49 98 5833
101.0 24 130 8 16 57 73 24 398 8 301 252 33 98 8 350 951 114 8 138 1041 8 33 16 211 350 8 260 374 8 366 49 98 5813
102.0 12 62 4 8 27 35 12 191 4 144 121 16 47 4 168 456 55 4 66 499 4 16 8 101 168 4 125 179 4 175 23 47 2787
103.0 25 132 8 17 58 74 25 404 8 305 256 33 99 8 355 965 116 8 140 1056 8 33 17 215 355 8 264 380 8 371 50 99 5899
104.0 25 132 8 16 58 74 25 403 8 304 255 33 99 8 353 962 115 8 140 1052 8 33 16 214 353 8 263 378 8 370 49 99 5877
105.0 12 63 4 8 28 35 12 193 4 146 122 16 47 4 169 461 55 4 67 504 4 16 8 102 169 4 126 181 4 177 24 47 2816
106.0 25 133 8 17 58 75 25 408 8 308 258 33 100 8 358 975 117 8 142 1067 8 33 17 217 358 8 267 383 8 375 50 100 5958
107.0 25 133 8 17 58 75 25 407 8 307 257 33 100 8 357 971 116 8 141 1062 8 33 17 216 357 8 266 382 8 373 50 100 5933
108.0 12 64 4 8 28 36 12 195 4 147 123 16 48 4 171 465 56 4 68 508 4 16 8 103 171 4 127 183 4 179 24 48 2840
109.0 25 134 8 17 59 76 25 412 8 311 260 34 101 8 361 983 118 8 143 1076 8 34 17 218 361 8 269 387 8 378 50 101 6008
110.0 25 134 8 17 59 75 25 410 8 309 259 33 100 8 360 978 117 8 142 1070 8 33 17 217 360 8 268 385 8 376 50 100 5979
111.0 12 64 4 8 28 36 12 196 4 148 124 16 48 4 172 468 56 4 68 512 4 16 8 104 172 4 128 184 4 180 24 48 2860
112.0 25 135 8 17 59 76 25 415 8 313 262 34 102 8 364 990 118 8 144 1083 8 34 17 220 364 8 271 389 8 381 51 102 6048
113.0 25 135 8 17 59 76 25 412 8 311 261 34 101 8 362 985 118 8 143 1077 8 34 17 219 362 8 269 387 8 379 50 101 6017
114.0 12 64 4 8 28 36 12 197 4 149 125 16 48 4 173 471 56 4 68 515 4 16 8 105 173 4 129 185 4 181 24 48 2876
115.0 26 136 9 17 60 77 26 417 9 315 264 34 102 9 366 995 119 9 145 1088 9 34 17 221 366 9 272 391 9 383 51 102 6079
116.0 25 135 8 17 59 76 25 414 8 313 262 34 101 8 364 989 118 8 144 1082 8 34 17 220 364 8 271 389 8 380 51 101 6044
117.0 12 65 4 8 28 36 12 198 4 149 125 16 48 4 174 472 57 4 69 517 4 16 8 105 174 4 129 186 4 182 24 48 2887
118.0 26 137 9 17 60 77 26 418 9 316 264 34 102 9 367 998 119 9 145 1092 9 34 17 222 367 9 273 392 9 384 51 102 6100
119.0 25 136 8 17 59 76 25 415 8 314 263 34 102 8 365 992 119 8 144 1085 8 34 17 220 365 8 271 390 8 382 51 102 6062
120.0 12 65 4 8 28 36 12 198 4 150 125 16 49 4 174 473 57 4 69 518 4 16 8 105 174 4 129 186 4 182 24 49 2893
121.0 26 137 9 17 60 77 26 419 9 316 265 34 103 9 367 1000 120 9 145 1094 9 34 17 222 367 9 273 393 9 385 51 103 6110
122.0 25 136 8 17 59 76 25 416 8 314 263 34 102 8 365 993 119 8 144 1086 8 34 17 221 365 8 272 390 8 382 51 102 6069
123.0 12 65 4 8 28 36 12 198 4 150 125 16 49 4 174 473 57 4 69 518 4 16 8 105 174 4 129 186 4 182 24 49 2893
124.0 26 137 9 17 60 77 26 419 9 316 265 34 103 9 367 1000 120 9 145 1094 9 34 17 222 367 9 273 393 9 385 51 103 6110
125.0 25 136 8 17 59 76 25 416 8 314 263 34 102 8 365 992 119 8 144 1086 8 34 17 221 365 8 271 390 8 382 51 102 6065
126.0 12 65 4 8 28 36 12 198 4 150 125 16 48 4 174 473 57 4 69 517 4 16 8 105 174 4 129 186 4 182 24 48 2889
127.0 26 136 9 17 60 77 26 418 9 316 264 34 102 9 367 998 119 9 145 1092 9 34 17 222 367 9 273 392 9 384 51 102 6098
128.0 25 135 8 17 59 76 25 415 8 313 262 34 102 8 364 990 118 8 144 1083 8 34 17 220 364 8 271 389 8 381 51 102 6050
129.0 12 64 4 8 28 36 12 197 4 149 125 16 48 4 173 471 56 4 68 515 4 16 8 105 173 4 129 185 4 181 24 48 2879
130.0 25 136 8 17 59 76 25 416 8 314 263 34 102 8 365 994 119 8 144 1088 8 34 17 221 365 8 272 391 8 382 51 102 6075
131.0 25 135 8 17 59 76 25 413 8 312 261 34 101 8 362 986 118 8 143 1078 8 34 17 219 362 8 270 388 8 379 51 101 6024
132.0 12 64 4 8 28 36 12 196 4 148 124 16 48 4 172 469 56 4 68 513 4 16 8 104 172 4 128 184 4 180 24 48 2864
133.0 25 135 8 17 59 76 25 414 8 313 262 34 101 8 363 989 118 8 144 1082 8 34 17 220 363 8 270 389 8 380 51 101 6042
134.0 25 134 8 17 59 75 25 410 8 310 260 33 100 8 360 980 117 8 142 1072 8 33 17 218 360 8 268 385 8 377 50 100 5987
135.0 12 64 4 8 28 36 12 195 4 147 123 16 48 4 171 465 56 4 68 509 4 16 8 103 171 4 127 183 4 179 24 48 2844
136.0 25 134 8 17 59 75 25 411 8 310 260 34 101 8 361 981 117 8 143 1074 8 34 17 218 361 8 268 386 8 377 50 101 5997
137.0 25 133 8 17 58 75 25 407 8 307 257 33 100 8 357 972 116 8 141 1063 8 33 17 216 357 8 266 382 8 374 50 100 5939
138.0 12 63 4 8 28 35 12 193 4 146 122 16 47 4 170 461 55 4 67 505 4 16 8 102 170 4 126 181 4 177 24 47 2819
139.0 25 133 8 17 58 75 25 407 8 307 258 33 100 8 357 972 116 8 141 1063 8 33 17 216 357 8 266 382 8 374 50 100 5940
140.0 25 132 8 16 58 74 25 403 8 304 255 33 99 8 354 962 115 8 140 1053 8 33 16 214 354 8 263 378 8 370 49 99 5880
141.0 12 62 4 8 27 35 12 191 4 144 121 16 47 4 168 456 55 4 66 499 4 16 8 101 168 4 125 179 4 175 23 47 2788
142.0 25 131 8 16 58 74 25 403 8 304 255 33 99 8 353 961 115 8 140 1051 8 33 16 214 353 8 263 378 8 370 49 99 5873
143.0 24 130 8 16 57 73 24 398 8 301 252 33 98 8 349 951 114 8 138 1040 8 33 16 211 349 8 260 374 8 366 49 98 5810
144.0 12 62 4 8 27 35 12 189 4 142 119 15 46 4 166 450 54 4 65 493 4 15 8 100 166 4 123 177 4 173 23 46 2752
145.0 24 130 8 16 57 73 24 397 8 300 251 32 97 8 349 948 113 8 138 1037 8 32 16 211 349 8 259 373 8 365 49 97 5795
146.0 24 128 8 16 56 72 24 393 8 296 248 32 96 8 345 937 112 8 136 1026 8 32 16 208 345 8 256 369 8 361 48 96 5729
147.0 11 61 4 8 27 34 11 186 4 140 118 15 46 4 163 444 53 4 64 485 4 15 8 99 163 4 121 174 4 171 23 46 2711
148.0 24 128 8 16 56 72 24 391 8 295 247 32 96 8 343 934 112 8 136 1022 8 32 16 208 343 8 255 367 8 359 48 96 5707
149.0 24 126 8 16 55 71 24 386 8 292 244 32 95 8 339 923 110 8 134 1009 8 32 16 205 339 8 252 363 8 355 47 95 5638
150.0 11 60 4 7 26 34 11 183 4 138 116 15 45 4 160 436 52 4 63 477 4 15 7 97 160 4 119 171 4 168 22 45 2666
151.0 24 126 8 16 55 71 24 384 8 290 243 31 94 8 337 918 110 8 133 1004 8 31 16 204 337 8 251 361 8 353 47 94 5609
152.0 23 124 8 15 54 70 23 379 8 287 240 31 93 8 333 906 108 8 132 991 8 31 15 201 333 8 248 356 8 349 46 93 5537
153.0 11 59 4 7 26 33 11 179 4 135 113 15 44 4 157 428 51 4 62 468 4 15 7 95 157 4 117 168 4 165 22 44 2615
154.0 23 123 8 15 54 69 23 377 8 285 238 31 92 8 331 900 108 8 131 985 8 31 15 200 331 8 246 354 8 346 46 92 5500
155.0 23 121 8 15 53 68 23 372 8 281 235 30 91 8 326 888 106 8 129 972 8 30 15 197 326 8 243 349 8 342 46 91 5427
156.0 11 57 4 7 25 32 11 175 4 133 111 14 43 4 154 419 50 4 61 458 4 14 7 93 154 4 115 165 4 161 21 43 2561
157.0 23 120 8 15 53 68 23 369 8 279 233 30 90 8 324 881 105 8 128 964 8 30 15 196 324 8 241 346 8 339 45 90 5383
158.0 22 119 7 15 52 67 22 364 7 275 230 30 89 7 319 869 104 7 126 950 7 30 15 193 319 7 238 341 7 334 45 89 5308
159.0 10 56 3 7 24 31 10 171 3 129 108 14 42 3 150 409 49 3 59 448 3 14 7 91 150 3 112 161 3 157 21 42 2502
160.0 22 118 7 15 51 66 22 360 7 272 228 29 88 7 316 860 103 7 125 941 7 29 15 191 316 7 235 338 7 331 44 88 5257
161.0 22 116 7 14 51 65 22 355 7 268 225 29 87 7 312 848 101 7 123 927 7 29 14 188 312 7 232 333 7 326 43 87 5181
162.0 10 55 3 7 24 31 10 167 3 126 106 14 41 3 147 399 48 3 58 437 3 14 7 89 147 3 109 157 3 154 20 41 2439
163.0 21 115 7 14 50 64 21 351 7 265 222 29 86 7 308 838 100 7 122 917 7 29 14 186 308 7 229 330 7 322 43 86 5123
164.0 21 113 7 14 49 64 21 346 7 261 219 28 85 7 303 826 99 7 120 903 7 28 14 183 303 7 226 325 7 318 42 85 5045
165.0 10 53 3 7 23 30 10 163 3 123 103 13 40 3 143 388 46 3 56 425 3 13 7 86 143 3 106 153 3 149 20 40 2373
166.0 21 111 7 14 49 63 21 341 7 258 216 28 84 7 300 815 98 7 118 892 7 28 14 181 300 7 223 321 7 314 42 84 4982
167.0 21 110 7 14 48 62 21 336 7 254 213 27 82 7 295 802 96 7 117 878 7 27 14 178 295 7 219 315 7 309 41 82 4903
168.0 10 52 3 6 23 29 10 158 3 119 100 13 39 3 139 377 45 3 55 412 3 13 6 84 139 3 103 148 3 145 19 39 2304
169.0 20 108 7 14 47 61 20 331 7 250 210 27 81 7 291 791 95 7 115 866 7 27 14 176 291 7 216 311 7 304 41 81 4835
170.0 20 106 7 13 47 60 20 326 7 246 206 27 80 7 286 778 93 7 113 851 7 27 13 173 286 7 213 306 7 299 40 80 4755
171.0 9 50 3 6 22 28 9 153 3 115 97 12 37 3 134 365 44 3 53 400 3 12 6 81 134 3 100 144 3 140 19 37 2232
172.0 20 105 7 13 46 59 20 321 7 242 203 26 79 7 282 766 92 7 111 838 7 26 13 170 282 7 210 301 7 295 39 79 4681
173.0 19 103 6 13 45 58 19 315 6 238 199 26 77 6 277 753 90 6 109 824 6 26 13 167 277 6 206 296 6 290 39 77 4601
174.0 9 48 3 6 21 27 9 148 3 112 94 12 36 3 130 353 42 3 51 386 3 12 6 78 130 3 97 139 3 136 18 36 2157
175.0 19 101 6 13 44 57 19 310 6 234 196 25 76 6 272 740 89 6 108 810 6 25 13 164 272 6 202 291 6 285 38 76 4523
176.0 19 99 6 12 43 56 19 304 6 230 193 25 75 6 267 727 87 6 106 795 6 25 12 162 267 6 199 286 6 280 37 75 4443
177.0 9 47 3 6 20 26 9 143 3 108 90 12 35 3 125 340 41 3 49 372 3 12 6 76 125 3 93 134 3 131 17 35 2081
178.0 18 98 6 12 43 55 18 299 6 226 189 24 73 6 262 714 85 6 104 781 6 24 12 159 262 6 195 281 6 274 37 73 4361
179.0 18 96 6 12 42 54 18 293 6 221 186 24 72 6 257 700 84 6 102 766 6 24 12 156 257 6 192 275 6 269 36 72 4280
180.0 8 45 3 6 20 25 8 137 3 104 87 11 34 3 120 328 39 3 48 358 3 11 6 73 120 3 90 129 3 126 17 34 2002
181.0 18 94 6 12 41 53 18 287 6 217 182 23 70 6 252 686 82 6 100 751 6 23 12 153 252 6 188 270 6 264 35 70 4195
182.0 17 92 6 12 40 52 17 282 6 213 178 23 69 6 247 673 81 6 98 737 6 23 12 150 247 6 184 265 6 259 35 69 4115
183.0 8 43 3 5 19 24 8 132 3 100 83 11 32 3 116 315 38 3 46 344 3 11 5 70 116 3 86 124 3 121 16 32 1923
184.0 17 90 6 11 39 51 17 276 6 208 175 23 68 6 242 659 79 6 96 721 6 23 11 146 242 6 180 259 6 253 34 68 4026
185.0 17 88 6 11 39 50 17 270 6 204 171 22 66 6 237 646 77 6 94 707 6 22 11 144 237 6 177 254 6 248 33 66 3947
186.0 8 41 3 5 18 23 8 126 3 95 80 10 31 3 111 301 36 3 44 330 3 10 5 67 111 3 82 119 3 116 15 31 1842
187.0 16 86 5 11 38 49 16 264 5 200 167 22 65 5 232 631 76 5 92 690 5 22 11 140 232 5 173 248 5 243 32 65 3856
188.0 16 85 5 11 37 48 16 259 5 195 164 21 63 5 227 618 74 5 90 676 5 21 11 137 227 5 169 243 5 238 32 63 3778
189.0 7 39 2 5 17 22 7 121 2 91 76 10 30 2 106 288 34 2 42 315 2 10 5 64 106 2 79 113 2 111 15 30 1761
190.0 15 82 5 10 36 46 15 253 5 191 160 21 62 5 222 603 72 5 88 660 5 21 10 134 222 5 165 237 5 232 31 62 3685
191.0 15 81 5 10 35 45 15 247 5 187 156 20 61 5 217 590 71 5 86 646 5 20 10 131 217 5 161 232 5 227 30 61 3608
192.0 7 38 2 5 16 21 7 115 2 87 73 9 28 2 101 275 33 2 40 301 2 9 5 61 101 2 75 108 2 106 14 28 1680
193.0 15 79 5 10 34 44 15 241 5 182 152 20 59 5 211 575 69 5 84 629 5 20 10 128 211 5 157 226 5 221 29 59 3514
194.0 14 77 5 10 34 43 14 236 5 178 149 19 58 5 207 563 67 5 82 616 5 19 10 125 207 5 154 221 5 216 29 58 3438
195.0 7 36 2 4 16 20 7 110 2 83 69 9 27 2 96 262 31 2 38 286 2 9 4 58 96 2 72 103 2 101 13 27 1600
196.0 14 75 5 9 33 42 14 229 5 173 145 19 56 5 201 547 65 5 80 599 5 19 9 122 201 5 150 215 5 210 28 56 3344
197.0 14 73 5 9 32 41 14 224 5 169 142 18 55 5 197 535 64 5 78 585 5 18 9 119 197 5 146 210 5 206 27 55 3269
198.0 6 34 2 4 15 19 6 104 2 79 66 9 26 2 91 249 30 2 36 272 2 9 4 55 91 2 68 98 2 96 13 26 1519
199.0 13 71 4 9 31 40 13 218 4 164 138 18 53 4 191 520 62 4 75 568 4 18 9 115 191 4 142 204 4 200 27 53 3175
200.0 13 69 4 9 30 39 13 213 4 161 134 17 52 4 187 508 61 4 74 555 4 17 9 113 187 4 139 200 4 195 26 52 3102
201.0 6 32 2 4 14 18 6 99 2 75 62 8 24 2 87 236 28 2 34 258 2 8 4 52 87 2 64 93 2 91 12 24 1440
202.0 13 67 4 8 29 38 13 206 4 156 130 17 50 4 181 492 59 4 72 538 4 17 8 109 181 4 135 194 4 189 25 50 3008
203.0 12 66 4 8 29 37 12 201 4 152 127 16 49 4 177 481 58 4 70 526 4 16 8 107 177 4 131 189 4 185 25 49 2937
204.0 6 30 2 4 13 17 6 93 2 70 59 8 23 2 82 223 27 2 32 244 2 8 4 50 82 2 61 88 2 86 11 23 1362
205.0 12 64 4 8 28 36 12 195 4 147 123 16 48 4 171 465 56 4 68 509 4 16 8 103 171 4 127 183 4 179 24 48 2844
206.0 12 62 4 8 27 35 12 190 4 144 120 16 47 4 167 454 54 4 66 497 4 16 8 101 167 4 124 179 4 175 23 47 2775
207.0 5 29 2 4 13 16 5 88 2 67 56 7 22 2 77 210 25 2 31 230 2 7 4 47 77 2 58 83 2 81 11 22 1285
208.0 11 60 4 8 26 34 11 184 4 139 116 15 45 4 161 439 53 4 64 480 4 15 8 98 161 4 120 173 4 169 23 45 2683
209.0 11 59 4 7 26 33 11 179 4 135 113 15 44 4 157 428 51 4 62 468 4 15 7 95 157 4 117 168 4 165 22 44 2616
210.0 5 27 2 3 12 15 5 83 2 63 52 7 20 2 73 198 24 2 29 217 2 7 3 44 73 2 54 78 2 76 10 20 1211
211.0 11 57 4 7 25 32 11 173 4 131 110 14 42 4 152 413 49 4 60 452 4 14 7 92 152 4 113 162 4 159 21 42 2526
212.0 10 55 3 7 24 31 10 169 3 127 107 14 41 3 148 403 48 3 59 441 3 14 7 90 148 3 110 158 3 155 21 41 2462
213.0 5 25 2 3 11 14 5 78 2 59 49 6 19 2 68 186 22 2 27 204 2 6 3 41 68 2 51 73 2 72 10 19 1138
214.0 10 53 3 7 23 30 10 163 3 123 103 13 40 3 143 388 46 3 56 425 3 13 7 86 143 3 106 153 3 149 20 40 2373
215.0 10 52 3 6 23 29 10 158 3 120 100 13 39 3 139 378 45 3 55 414 3 13 6 84 139 3 103 149 3 145 19 39 2311
216.0 4 24 1 3 10 13 4 73 1 55 46 6 18 1 64 175 21 1 25 191 1 6 3 39 64 1 48 69 1 67 9 18 1067
217.0 9 50 3 6 22 28 9 152 3 115 96 12 37 3 134 364 44 3 53 398 3 12 6 81 134 3 100 143 3 140 19 37 2224
218.0 9 48 3 6 21 27 9 148 3 112 94 12 36 3 130 354 42 3 51 388 3 12 6 79 130 3 97 139 3 136 18 36 2165
219.0 4 22 1 3 10 13 4 68 1 52 43 6 17 1 60 163 20 1 24 179 1 6 3 36 60 1 45 64 1 63 8 17 999
220.0 9 47 3 6 20 26 9 143 3 108 90 12 35 3 125 341 41 3 49 373 3 12 6 76 125 3 93 134 3 131 17 35 2081
221.0 8 45 3 6 20 25 8 139 3 105 88 11 34 3 122 331 40 3 48 362 3 11 6 74 122 3 91 130 3 127 17 34 2025
222.0 4 21 1 3 9 12 4 64 1 48 40 5 16 1 56 153 18 1 22 167 1 5 3 34 56 1 42 60 1 59 8 16 933
223.0 8 43 3 5 19 24 8 133 3 101 84 11 33 3 117 318 38 3 46 348 3 11 5 71 117 3 87 125 3 122 16 33 1943
224.0 8 42 3 5 18 24 8 129 3 98 82 11 32 3 114 309 37 3 45 338 3 11 5 69 114 3 85 122 3 119 16 32 1890
225.0 4 19 1 2 9 11 4 60 1 45 38 5 15 1 52 142 17 1 21 156 1 5 2 32 52 1 39 56 1 55 7 15 870
226.0 8 41 3 5 18 23 8 124 3 94 79 10 30 3 109 296 35 3 43 324 3 10 5 66 109 3 81 117 3 114 15 30 1811
227.0 7 39 2 5 17 22 7 121 2 91 76 10 30 2 106 288 34 2 42 315 2 10 5 64 106 2 79 113 2 111 15 30 1760
228.0 3 18 1 2 8 10 3 55 1 42 35 5 14 1 49 132 16 1 19 145 1 5 2 29 49 1 36 52 1 51 7 14 809
229.0 7 38 2 5 16 21 7 115 2 87 73 9 28 2 101 276 33 2 40 302 2 9 5 61 101 2 75 108 2 106 14 28 1684
230.0 7 37 2 5 16 21 7 112 2 85 71 9 27 2 98 268 32 2 39 293 2 9 5 59 98 2 73 105 2 103 14 27 1636
231.0 3 17 1 2 7 9 3 52 1 39 33 4 13 1 45 123 15 1 18 135 1 4 2 27 45 1 34 48 1 47 6 13 752
232.0 7 35 2 4 15 20 7 107 2 81 68 9 26 2 94 256 31 2 37 280 2 9 4 57 94 2 70 101 2 98 13 26 1564
233.0 6 34 2 4 15 19 6 104 2 79 66 8 25 2 91 248 30 2 36 272 2 8 4 55 91 2 68 98 2 96 13 25 1518
234.0 3 16 1 2 7 9 3 48 1 36 30 4 12 1 42 114 14 1 17 125 1 4 2 25 42 1 31 45 1 44 6 12 697
235.0 6 32 2 4 14 18 6 99 2 75 63 8 24 2 87 237 28 2 34 259 2 8 4 53 87 2 65 93 2 91 12 24 1449
236.0 6 31 2 4 14 18 6 96 2 73 61 8 24 2 85 230 28 2 33 252 2 8 4 51 85 2 63 90 2 88 12 24 1406
237.0 3 14 1 2 6 8 3 44 1 33 28 4 11 1 39 105 13 1 15 115 1 4 2 23 39 1 29 41 1 41 5 11 644
238.0 6 30 2 4 13 17 6 92 2 69 58 7 22 2 81 219 26 2 32 240 2 7 4 49 81 2 60 86 2 84 11 22 1340
239.0 5 29 2 4 13 16 5 89 2 67 56 7 22 2 78 213 25 2 31 233 2 7 4 47 78 2 58 84 2 82 11 22 1299
240.0 2 13 1 2 6 7 2 41 1 31 26 3 10 1 36 97 12 1 14 107 1 3 2 22 36 1 27 38 1 37 5 10 595
241.0 5 28 2 3 12 16 5 85 2 64 54 7 21 2 74 202 24 2 29 221 2 7 3 45 74 2 55 80 2 78 10 21 1237
242.0 5 27 2 3 12 15 5 82 2 62 52 7 20 2 72 196 23 2 29 215 2 7 3 44 72 2 54 77 2 75 10 20 1199
243.0 2 12 1 2 5 7 2 38 1 28 24 3 9 1 33 90 11 1 13 98 1 3 2 20 33 1 25 35 1 35 5 9 549
244.0 5 26 2 3 11 14 5 78 2 59 49 6 19 2 69 187 22 2 27 204 2 6 3 41 69 2 51 73 2 72 10 19 1140
245.0 5 25 2 3 11 14 5 76 2 57 48 6 19 2 66 181 22 2 26 198 2 6 3 40 66 2 49 71 2 70 9 19 1105
246.0 2 11 1 1 5 6 2 35 1 26 22 3 8 1 30 83 10 1 12 90 1 3 1 18 30 1 23 32 1 32 4 8 505
247.0 4 23 1 3 10 13 4 72 1 54 45 6 18 1 63 172 21 1 25 188 1 6 3 38 63 1 47 67 1 66 9 18 1049
248.0 4 23 1 3 10 13 4 70 1 53 44 6 17 1 61 166 20 1 24 182 1 6 3 37 61 1 45 65 1 64 9 17 1016
249.0 2 10 1 1 5 6 2 32 1 24 20 3 8 1 28 76 9 1 11 83 1 3 1 17 28 1 21 30 1 29 4 8 464
250.0 4 22 1 3 9 12 4 66 1 50 42 5 16 1 58 158 19 1 23 172 1 5 3 35 58 1 43 62 1 61 8 16 963
251.0 4 21 1 3 9 12 4 64 1 48 40 5 16 1 56 153 18 1 22 167 1 5 3 34 56 1 42 60 1 59 8 16 932
252.0 2 10 1 1 4 5 2 29 1 22 18 2 7 1 26 70 8 1 10 76 1 2 1 15 26 1 19 27 1 27 4 7 425
253.0 4 20 1 2 9 11 4 61 1 46 38 5 15 1 53 145 17 1 21 158 1 5 2 32 53 1 40 57 1 56 7 15 883
254.0 4 19 1 2 8 11 4 59 1 44 37 5 14 1 51 140 17 1 20 153 1 5 2 31 51 1 38 55 1 54 7 14 855
255.0 2 9 1 1 4 5 2 27 1 20 17 2 7 1 23 64 8 1 9 70 1 2 1 14 23 1 17 25 1 25 3 7 390
256.0 3 18 1 2 8 10 3 55 1 42 35 5 14 1 49 132 16 1 19 145 1 5 2 29 49 1 36 52 1 51 7 14 809
257.0 3 17 1 2 8 10 3 54 1 40 34 4 13 1 47 128 15 1 19 140 1 4 2 28 47 1 35 50 1 49 7 13 782
258.0 1 8 0 1 3 4 1 24 0 18 15 2 6 0 21 58 7 0 8 64 0 2 1 13 21 0 16 23 0 22 3 6 356
259.0 3 17 1 2 7 9 3 51 1 38 32 4 12 1 44 121 14 1 18 132 1 4 2 27 44 1 33 48 1 47 6 12 739
260.0 3 16 1 2 7 9 3 49 1 37 31 4 12 1 43 117 14 1 17 128 1 4 2 26 43 1 32 46 1 45 6 12 714
261.0 1 7 0 1 3 4 1 22 0 17 14 2 5 0 20 53 6 0 8 58 0 2 1 12 20 0 15 21 0 20 3 5 325
262.0 3 15 1 2 7 8 3 46 1 35 29 4 11 1 41 110 13 1 16 121 1 4 2 25 41 1 30 43 1 42 6 11 675
263.0 3 15 1 2 6 8 3 45 1 34 28 4 11 1 39 107 13 1 15 117 1 4 2 24 39 1 29 42 1 41 5 11 652
264.0 1 7 0 1 3 4 1 20 0 15 13 2 5 0 18 48 6 0 7 53 0 2 1 11 18 0 13 19 0 19 2 5 296
265.0 3 14 1 2 6 8 3 42 1 32 27 3 10 1 37 101 12 1 15 110 1 3 2 22 37 1 28 40 1 39 5 10 615
266.0 2 13 1 2 6 7 2 41 1 31 26 3 10 1 36 97 12 1 14 106 1 3 2 22 36 1 27 38 1 37 5 10 594
267.0 1 6 0 1 3 3 1 18 0 14 12 2 5 0 16 44 5 0 6 48 0 2 1 10 16 0 12 17 0 17 2 5 270
268.0 2 13 1 2 5 7 2 38 1 29 24 3 9 1 34 92 11 1 13 100 1 3 2 20 34 1 25 36 1 35 5 9 559
269.0 2 12 1 2 5 7 2 37 1 28 23 3 9 1 32 88 11 1 13 97 1 3 2 20 32 1 24 35 1 34 5 9 540
270.0 1 5 0 1 2 3 1 17 0 13 11 1 4 0 15 40 5 0 6 44 0 1 1 9 15 0 11 16 0 15 2 4 245
271.0 2 11 1 1 5 6 2 35 1 26 22 3 9 1 31 83 10 1 12 91 1 3 1 18 31 1 23 33 1 32 4 9 508
272.0 2 11 1 1 5 6 2 34 1 25 21 3 8 1 29 80 10 1 12 88 1 3 1 18 29 1 22 32 1 31 4 8 490
273.0 1 5 0 1 2 3 1 15 0 12 10 1 4 0 13 36 4 0 5 40 0 1 1 8 13 0 10 14 0 14 2 4 223
274.0 2 10 1 1 5 6 2 32 1 24 20 3 8 1 28 75 9 1 11 83 1 3 1 17 28 1 21 30 1 29 4 8 461
275.0 2 10 1 1 4 6 2 30 1 23 19 2 7 1 27 73 9 1 11 80 1 2 1 16 27 1 20 29 1 28 4 7 445
276.0 1 5 0 1 2 3 1 14 0 10 9 1 3 0 12 33 4 0 5 36 0 1 1 7 12 0 9 13 0 13 2 3 202
277.0 2 9 1 1 4 5 2 29 1 22 18 2 7 1 25 68 8 1 10 75 1 2 1 15 25 1 19 27 1 26 4 7 418
278.0 2 9 1 1 4 5 2 28 1 21 17 2 7 1 24 66 8 1 10 72 1 2 1 15 24 1 18 26 1 25 3 7 403
279.0 1 4 0 1 2 2 1 13 0 9 8 1 3 0 11 30 4 0 4 33 0 1 1 7 11 0 8 12 0 11 2 3 183
280.0 2 8 1 1 4 5 2 26 1 20 16 2 6 1 23 62 7 1 9 68 1 2 1 14 23 1 17 24 1 24 3 6 378
281.0 2 8 1 1 4 5 2 25 1 19 16 2 6 1 22 60 7 1 9 65 1 2 1 13 22 1 16 23 1 23 3 6 365
282.0 1 4 0 0 2 2 1 11 0 9 7 1 3 0 10 27 3 0 4 30 0 1 0 6 10 0 7 11 0 10 1 3 165
283.0 1 8 0 1 3 4 1 23 0 18 15 2 6 0 21 56 7 0 8 61 0 2 1 12 21 0 15 22 0 22 3 6 342
284.0 1 7 0 1 3 4 1 23 0 17 14 2 6 0 20 54 6 0 8 59 0 2 1 12 20 0 15 21 0 21 3 6 330
285.0 1 3 0 0 1 2 1 10 0 8 6 1 3 0 9 24 3 0 4 27 0 1 0 5 9 0 7 10 0 9 1 3 149
286.0 1 7 0 1 3 4 1 21 0 16 13 2 5 0 19 51 6 0 7 55 0 2 1 11 19 0 14 20 0 19 3 5 309
287.0 1 7 0 1 3 4 1 20 0 15 13 2 5 0 18 49 6 0 7 53 0 2 1 11 18 0 13 19 0 19 2 5 297
288.0 1 3 0 0 1 2 1 9 0 7 6 1 2 0 8 22 3 0 3 24 0 1 0 5 8 0 6 9 0 8 1 2 134
289.0 1 6 0 1 3 4 1 19 0 14 12 2 5 0 17 46 5 0 7 50 0 2 1 10 17 0 12 18 0 18 2 5 278
290.0 1 6 0 1 3 3 1 18 0 14 12 2 5 0 16 44 5 0 6 48 0 2 1 10 16 0 12 17 0 17 2 5 268
291.0 1 3 0 0 1 2 1 8 0 6 5 1 2 0 7 20 2 0 3 22 0 1 0 4 7 0 5 8 0 8 1 2 121
292.0 1 6 0 1 2 3 1 17 0 13 11 1 4 0 15 41 5 0 6 45 0 1 1 9 15 0 11 16 0 16 2 4 251
293.0 1 5 0 1 2 3 1 17 0 12 10 1 4 0 15 40 5 0 6 43 0 1 1 9 15 0 11 16 0 15 2 4 242
294.0 0 2 0 0 1 1 0 7 0 6 5 1 2 0 7 18 2 0 3 20 0 1 0 4 7 0 5 7 0 7 1 2 109
295.0 1 5 0 1 2 3 1 15 0 12 10 1 4 0 14 37 4 0 5 40 0 1 1 8 14 0 10 15 0 14 2 4 226
296.0 1 5 0 1 2 3 1 15 0 11 9 1 4 0 13 36 4 0 5 39 0 1 1 8 13 0 10 14 0 14 2 4 217
297.0 0 2 0 0 1 1 0 7 0 5 4 1 2 0 6 16 2 0 2 18 0 1 0 4 6 0 4 6 0 6 1 2 98
298.0 1 5 0 1 2 3 1 14 0 11 9 1 3 0 12 33 4 0 5 36 0 1 1 7 12 0 9 13 0 13 2 3 203
299.0 1 4 0 1 2 2 1 13 0 10 8 1 3 0 12 32 4 0 5 35 0 1 1 7 12 0 9 13 0 12 2 3 195
300.0 0 2 0 0 1 1 0 6 0 5 4 0 1 0 5 14 2 0 2 16 0 0 0 3 5 0 4 6 0 6 1 1 88
301.0 1 4 0 1 2 2 1 12 0 9 8 1 3 0 11 30 4 0 4 33 0 1 1 7 11 0 8 12 0 11 2 3 182
302.0 1 4 0 0 2 2 1 11 0 9 7 1 3 0 10 27 3 0 4 30 0 1 0 6 10 0 8 11 0 11 1 3 168
303.0 0 2 0 0 1 1 0 6 0 4 4 0 1 0 5 14 2 0 2 15 0 0 0 3 5 0 4 6 0 5 1 1 86
304.0 1 4 0 0 2 2 1 11 0 8 7 1 3 0 10 27 3 0 4 29 0 1 0 6 10 0 7 11 0 10 1 3 163
305.0 1 3 0 0 1 2 1 10 0 8 7 1 3 0 9 25 3 0 4 27 0 1 0 5 9 0 7 10 0 9 1 3 150
306.0 0 2 0 0 1 1 0 5 0 4 3 0 1 0 5 13 2 0 2 14 0 0 0 3 5 0 3 5 0 5 1 1 77
307.0 1 3 0 0 1 2 1 10 0 8 6 1 2 0 9 24 3 0 3 26 0 1 0 5 9 0 7 9 0 9 1 2 146
308.0 1 3 0 0 1 2 1 9 0 7 6 1 2 0 8 22 3 0 3 24 0 1 0 5 8 0 6 9 0 8 1 2 135
309.0 0 2 0 0 1 1 0 5 0 4 3 0 1 0 4 11 1 0 2 12 0 0 0 3 4 0 3 4 0 4 1 1 69
310.0 1 3 0 0 1 2 1 9 0 7 6 1 2 0 8 21 3 0 3 23 0 1 0 5 8 0 6 8 0 8 1 2 131
311.0 1 3 0 0 1 2 1 8 0 6 5 1 2 0 7 20 2 0 3 22 0 1 0 4 7 0 5 8 0 8 1 2 121
312.0 0 1 0 0 1 1 0 4 0 3 3 0 1 0 4 10 1 0 1 11 0 0 0 2 4 0 3 4 0 4 1 1 62
313.0 0 3 0 0 1 1 0 8 0 6 5 1 2 0 7 19 2 0 3 21 0 1 0 4 7 0 5 8 0 7 1 2 117
314.0 0 2 0 0 1 1 0 7 0 6 5 1 2 0 6 18 2 0 3 19 0 1 0 4 6 0 5 7 0 7 1 2 108
315.0 0 1 0 0 1 1 0 4 0 3 2 0 1 0 3 9 1 0 1 10 0 0 0 2 3 0 2 4 0 3 0 1 55
316.0 0 2 0 0 1 1 0 7 0 5 5 1 2 0 6 17 2 0 2 19 0 1 0 4 6 0 5 7 0 7 1 2 105
317.0 0 2 0 0 1 1 0 7 0 5 4 1 2 0 6 16 2 0 2 17 0 1 0 4 6 0 4 6 0 6 1 2 96
318.0 0 1 0 0 0 1 0 3 0 3 2 0 1 0 3 8 1 0 1 9 0 0 0 2 3 0 2 3 0 3 0 1 50
319.0 0 2 0 0 1 1 0 6 0 5 4 1 2 0 6 15 2 0 2 17 0 1 0 3 6 0 4 6 0 6 1 2 94
320.0 0 2 0 0 1 1 0 6 0 4 4 0 1 0 5 14 2 0 2 15 0 0 0 3 5 0 4 6 0 5 1 1 86
321.0 0 1 0 0 0 1 0 3 0 2 2 0 1 0 3 7 1 0 1 8 0 0 0 2 3 0 2 3 0 3 0 1 44
322.0 0 2 0 0 1 1 0 6 0 4 4 0 1 0 5 14 2 0 2 15 0 0 0 3 5 0 4 5 0 5 1 1 84
323.0 0 2 0 0 1 1 0 5 0 4 3 0 1 0 5 13 2 0 2 14 0 0 0 3 5 0 3 5 0 5 1 1 77
324.0 0 1 0 0 0 0 0 3 0 2 2 0 1 0 2 6 1 0 1 7 0 0 0 1 2 0 2 3 0 2 0 1 39
325.0 0 2 0 0 1 1 0 5 0 4 3 0 1 0 4 12 1 0 2 13 0 0 0 3 4 0 3 5 0 5 1 1 75
326.0 0 2 0 0 1 1 0 5 0 4 3 0 1 0 4 11 1 0 2 12 0 0 0 2 4 0 3 4 0 4 1 1 69
327.0 0 1 0 0 0 0 0 2 0 2 2 0 1 0 2 6 1 0 1 6 0 0 0 1 2 0 2 2 0 2 0 1 35
328.0 0 1 0 0 1 1 0 5 0 3 3 0 1 0 4 11 1 0 2 12 0 0 0 2 4 0 3 4 0 4 1 1 66
329.0 0 1 0 0 1 1 0 4 0 3 3 0 1 0 4 10 1 0 1 11 0 0 0 2 4 0 3 4 0 4 1 1 61
330.0 0 1 0 0 0 0 0 2 0 2 1 0 1 0 2 5 1 0 1 6 0 0 0 1 2 0 1 2 0 2 0 1 31
331.0 0 1 0 0 1 1 0 4 0 3 3 0 1 0 4 10 1 0 1 11 0 0 0 2 4 0 3 4 0 4 0 1 59
332.0 0 1 0 0 1 1 0 4 0 3 2 0 1 0 3 9 1 0 1 10 0 0 0 2 3 0 2 4 0 3 0 1 54
333.0 0 1 0 0 0 0 0 2 0 1 1 0 0 0 2 5 1 0 1 5 0 0 0 1 2 0 1 2 0 2 0 0 28
334.0 0 1 0 0 1 1 0 4 0 3 2 0 1 0 3 9 1 0 1 9 0 0 0 2 3 0 2 3 0 3 0 1 53
335.0 0 1 0 0 0 1 0 3 0 3 2 0 1 0 3 8 1 0 1 9 0 0 0 2 3 0 2 3 0 3 0 1 48
336.0 0 1 0 0 0 0 0 2 0 1 1 0 0 0 1 4 0 0 1 4 0 0 0 1 1 0 1 2 0 2 0 0 25
337.0 0 1 0 0 0 1 0 3 0 2 2 0 1 0 3 8 1 0 1 8 0 0 0 2 3 0 2 3 0 3 0 1 47
338.0 0 1 0 0 0 1 0 3 0 2 2 0 1 0 3 7 1 0 1 8 0 0 0 2 3 0 2 3 0 3 0 1 43
339.0 0 0 0 0 0 0 0 2 0 1 1 0 0 0 1 4 0 0 1 4 0 0 0 1 1 0 1 1 0 1 0 0 22
340.0 0 1 0 0 0 1 0 3 0 2 2 0 1 0 3 7 1 0 1 7 0 0 0 2 3 0 2 3 0 3 0 1 42
341.0 0 1 0 0 0 0 0 3 0 2 2 0 1 0 2 6 1 0 1 7 0 0 0 1 2 0 2 2 0 2 0 1 38
342.0 0 0 0 0 0 0 0 1 0 1 1 0 0 0 1 3 0 0 0 4 0 0 0 1 1 0 1 1 0 1 0 0 20
343.0 0 1 0 0 0 0 0 3 0 2 2 0 1 0 2 6 1 0 1 7 0 0 0 1 2 0 2 2 0 2 0 1 37
344.0 0 1 0 0 0 0 0 2 0 2 1 0 1 0 2 6 1 0 1 6 0 0 0 1 2 0 2 2 0 2 0 1 34
345.0 0 0 0 0 0 0 0 1 0 1 1 0 0 0 1 3 0 0 0 3 0 0 0 1 1 0 1 1 0 1 0 0 17
346.0 0 1 0 0 0 0 0 2 0 2 1 0 1 0 2 5 1 0 1 6 0 0 0 1 2 0 1 2 0 2 0 1 33
347.0 0 1 0 0 0 0 0 2 0 2 1 0 1 0 2 5 1 0 1 5 0 0 0 1 2 0 1 2 0 2 0 1 30
348.0 0 0 0 0 0 0 0 1 0 1 1 0 0 0 1 3 0 0 0 3 0 0 0 1 1 0 1 1 0 1 0 0 15
349.0 0 1 0 0 0 0 0 2 0 2 1 0 0 0 2 5 1 0 1 5 0 0 0 1 2 0 1 2 0 2 0 0 29
350.0 0 1 0 0 0 0 0 2 0 1 1 0 0 0 2 4 1 0 1 5 0 0 0 1 2 0 1 2 0 2 0 0 27
351.0 0 0 0 0 0 0 0 1 0 1 1 0 0 0 1 2 0 0 0 2 0 0 0 0 1 0 1 1 0 1 0 0 14
352.0 0 1 0 0 0 0 0 2 0 1 1 0 0 0 2 4 1 0 1 5 0 0 0 1 2 0 1 2 0 2 0 0 26
353.0 0 1 0 0 0 0 0 2 0 1 1 0 0 0 1 4 0 0 1 4 0 0 0 1 1 0 1 2 0 1 0 0 24
354.0 0 0 0 0 0 0 0 1 0 1 1 0 0 0 1 2 0 0 0 2 0 0 0 0 1 0 1 1 0 1 0 0 12
355.0 0 1 0 0 0 0 0 2 0 1 1 0 0 0 1 4 0 0 1 4 0 0 0 1 1 0 1 1 0 1 0 0 23
356.0 0 0 0 0 0 0 0 1 0 1 1 0 0 0 1 3 0 0 1 4 0 0 0 1 1 0 1 1 0 1 0 0 21
357.0 0 0 0 0 0 0 0 1 0 1 0 0 0 0 1 2 0 0 0 2 0 0 0 0 1 0 0 1 0 1 0 0 11
358.0 0 0 0 0 0 0 0 1 0 1 1 0 0 0 1 3 0 0 0 4 0 0 0 1 1 0 1 1 0 1 0 0 20
359.0 0 0 0 0 0 0 0 1 0 1 1 0 0 0 1 3 0 0 0 3 0 0 0 1 1 0 1 1 0 1 0 0 19
360.0 0 0 0 0 0 0 0 1 0 0 0 0 0 0 1 2 0 0 0 2 0 0 0 0 1 0 0 1 0 1 0 0 10
361.0 0 0 0 0 0 0 0 1 0 1 1 0 0 0 1 3 0 0 0 3 0 0 0 1 1 0 1 1 0 1 0 0 18
362.0 0 0 0 0 0 0 0 1 0 1 1 0 0 0 1 3 0 0 0 3 0 0 0 1 1 0 1 1 0 1 0 0 17
363.0 0 0 0 0 0 0 0 1 0 0 0 0 0 0 1 1 0 0 0 2 0 0 0 0 1 0 0 1 0 1 0 0 8
364.0 0 0 0 0 0 0 0 1 0 1 1 0 0 0 1 3 0 0 0 3 0 0 0 1 1 0 1 1 0 1 0 0 16
365.0 0 0 0 0 0 0 0 1 0 1 1 0 0 0 1 2 0 0 0 3 0 0 0 1 1 0 1 1 0 1 0 0 15
