Covid-19 Nucleation Estimated by PSD Model @ CDS/IISc
Day AN AP AR AS BR CH CT DL GA GJ HR HP JK JH KA KL LA LD MP MH MN OR PY PB RJ SK TN TG TR UP UT WB Total
0.0 0 0 0 0 0 0 0 0 0 0 0 0 0 0 0 0 0 0 0 0 0 0 0 0 0 0 0 0 0 0 0 0 0
1.0 1 4 0 1 2 3 1 14 0 10 9 1 3 0 12 33 4 0 5 36 0 1 1 7 12 0 9 13 0 13 2 3 200
2.0 1 4 0 0 2 2 1 11 0 9 7 1 3 0 10 27 3 0 4 29 0 1 0 6 10 0 7 11 0 10 1 3 164
3.0 1 4 0 0 2 2 1 11 0 9 7 1 3 0 10 27 3 0 4 30 0 1 0 6 10 0 7 11 0 11 1 3 167
4.0 1 4 0 1 2 2 1 12 0 9 8 1 3 0 11 30 4 0 4 33 0 1 1 7 11 0 8 12 0 11 2 3 182
5.0 1 5 0 1 2 3 1 14 0 10 9 1 3 0 12 33 4 0 5 36 0 1 1 7 12 0 9 13 0 13 2 3 203
6.0 1 5 0 1 2 3 1 16 0 12 10 1 4 0 14 37 4 0 5 41 0 1 1 8 14 0 10 15 0 14 2 4 229
7.0 1 6 0 1 3 3 1 18 0 13 11 1 4 0 15 42 5 0 6 46 0 1 1 9 15 0 12 17 0 16 2 4 258
8.0 1 6 0 1 3 4 1 20 0 15 13 2 5 0 17 48 6 0 7 52 0 2 1 11 17 0 13 19 0 18 2 5 290
9.0 1 7 0 1 3 4 1 22 0 17 14 2 5 0 20 53 6 0 8 58 0 2 1 12 20 0 15 21 0 21 3 5 327
10.0 2 8 1 1 4 5 2 25 1 19 16 2 6 1 22 60 7 1 9 66 1 2 1 13 22 1 16 24 1 23 3 6 367
11.0 2 9 1 1 4 5 2 28 1 21 18 2 7 1 25 67 8 1 10 74 1 2 1 15 25 1 18 26 1 26 3 7 411
12.0 2 10 1 1 5 6 2 32 1 24 20 3 8 1 28 75 9 1 11 82 1 3 1 17 28 1 21 30 1 29 4 8 460
13.0 2 12 1 1 5 6 2 35 1 27 22 3 9 1 31 84 10 1 12 92 1 3 1 19 31 1 23 33 1 32 4 9 514
14.0 2 13 1 2 6 7 2 39 1 30 25 3 10 1 35 94 11 1 14 103 1 3 2 21 35 1 26 37 1 36 5 10 574
15.0 3 14 1 2 6 8 3 44 1 33 28 4 11 1 38 105 13 1 15 114 1 4 2 23 38 1 29 41 1 40 5 11 639
16.0 3 16 1 2 7 9 3 48 1 36 30 4 12 1 42 115 14 1 17 126 1 4 2 26 42 1 31 45 1 44 6 12 702
17.0 3 17 1 2 7 10 3 52 1 39 33 4 13 1 46 124 15 1 18 136 1 4 2 28 46 1 34 49 1 48 6 13 760
18.0 3 18 1 2 8 10 3 56 1 42 35 5 14 1 49 134 16 1 19 146 1 5 2 30 49 1 37 53 1 51 7 14 818
19.0 4 20 1 2 9 11 4 60 1 45 38 5 15 1 53 143 17 1 21 156 1 5 2 32 53 1 39 56 1 55 7 15 874
20.0 4 21 1 3 9 12 4 64 1 48 40 5 16 1 56 152 18 1 22 166 1 5 3 34 56 1 41 60 1 58 8 16 927
21.0 4 22 1 3 10 12 4 67 1 51 42 5 16 1 59 160 19 1 23 175 1 5 3 36 59 1 44 63 1 62 8 16 979
22.0 4 23 1 3 10 13 4 70 1 53 44 6 17 1 61 167 20 1 24 183 1 6 3 37 61 1 46 66 1 64 9 17 1021
23.0 5 25 2 3 11 14 5 75 2 57 48 6 18 2 66 180 21 2 26 196 2 6 3 40 66 2 49 71 2 69 9 18 1097
24.0 5 26 2 3 11 15 5 80 2 61 51 7 20 2 71 192 23 2 28 210 2 7 3 43 71 2 53 76 2 74 10 20 1174
25.0 5 28 2 4 12 16 5 86 2 65 54 7 21 2 75 205 25 2 30 224 2 7 4 46 75 2 56 81 2 79 11 21 1253
26.0 6 30 2 4 13 17 6 92 2 69 58 7 22 2 80 219 26 2 32 239 2 7 4 49 80 2 60 86 2 84 11 22 1337
27.0 6 32 2 4 14 18 6 98 2 74 62 8 24 2 86 233 28 2 34 255 2 8 4 52 86 2 64 92 2 90 12 24 1426
28.0 6 34 2 4 15 19 6 104 2 79 66 9 26 2 91 249 30 2 36 272 2 9 4 55 91 2 68 98 2 96 13 26 1521
29.0 7 36 2 5 16 20 7 111 2 84 70 9 27 2 98 265 32 2 39 290 2 9 5 59 98 2 73 104 2 102 14 27 1621
30.0 7 39 2 5 17 22 7 118 2 89 75 10 29 2 104 283 34 2 41 309 2 10 5 63 104 2 77 111 2 109 15 29 1728
31.0 8 41 3 5 18 23 8 126 3 95 80 10 31 3 111 301 36 3 44 330 3 10 5 67 111 3 82 118 3 116 15 31 1842
32.0 8 44 3 5 19 25 8 134 3 102 85 11 33 3 118 321 38 3 47 351 3 11 5 71 118 3 88 126 3 123 16 33 1962
33.0 9 47 3 6 20 26 9 143 3 108 91 12 35 3 126 342 41 3 50 374 3 12 6 76 126 3 93 134 3 131 18 35 2089
34.0 9 50 3 6 22 28 9 152 3 115 96 12 37 3 134 364 44 3 53 398 3 12 6 81 134 3 100 143 3 140 19 37 2223
35.0 10 53 3 7 23 30 10 162 3 122 103 13 40 3 142 387 46 3 56 423 3 13 7 86 142 3 106 152 3 149 20 40 2365
36.0 11 56 4 7 25 32 11 172 4 130 109 14 42 4 151 412 49 4 60 450 4 14 7 91 151 4 113 162 4 158 21 42 2515
37.0 11 59 4 7 26 33 11 182 4 137 115 15 45 4 160 434 52 4 63 475 4 15 7 97 160 4 119 171 4 167 22 45 2654
38.0 12 62 4 8 27 35 12 190 4 144 121 16 47 4 167 455 54 4 66 498 4 16 8 101 167 4 124 179 4 175 23 47 2780
39.0 12 65 4 8 28 37 12 199 4 150 126 16 49 4 175 475 57 4 69 520 4 16 8 106 175 4 130 187 4 183 24 49 2905
40.0 13 68 4 8 30 38 13 207 4 157 131 17 51 4 182 495 59 4 72 542 4 17 8 110 182 4 135 195 4 191 25 51 3028
41.0 13 70 4 9 31 40 13 216 4 163 136 18 53 4 189 515 62 4 75 563 4 18 9 114 189 4 141 202 4 198 26 53 3145
42.0 14 73 5 9 32 41 14 223 5 169 141 18 55 5 196 533 64 5 77 583 5 18 9 118 196 5 146 210 5 205 27 55 3257
43.0 14 75 5 9 33 42 14 230 5 174 146 19 56 5 202 550 66 5 80 602 5 19 9 122 202 5 150 216 5 212 28 56 3361
44.0 15 77 5 10 34 44 15 237 5 179 150 19 58 5 208 566 68 5 82 619 5 19 10 126 208 5 155 222 5 218 29 58 3457
45.0 15 79 5 10 35 45 15 243 5 183 154 20 59 5 213 580 69 5 84 635 5 20 10 129 213 5 159 228 5 223 30 59 3545
46.0 15 81 5 10 35 46 15 248 5 187 157 20 61 5 218 593 71 5 86 648 5 20 10 132 218 5 162 233 5 228 30 61 3622
47.0 15 83 5 10 36 46 15 253 5 191 160 21 62 5 222 604 72 5 88 660 5 21 10 134 222 5 165 237 5 232 31 62 3689
48.0 16 84 5 10 37 47 16 257 5 194 162 21 63 5 225 613 73 5 89 670 5 21 10 136 225 5 168 241 5 236 31 63 3745
49.0 16 85 5 11 37 48 16 260 5 196 164 21 64 5 228 620 74 5 90 678 5 21 11 138 228 5 170 244 5 238 32 64 3789
50.0 16 85 5 11 37 48 16 262 5 198 166 21 64 5 230 625 75 5 91 684 5 21 11 139 230 5 171 246 5 240 32 64 3820
51.0 16 86 5 11 38 48 16 263 5 199 166 21 64 5 231 628 75 5 91 687 5 21 11 140 231 5 172 247 5 242 32 64 3839
52.0 16 87 5 11 38 49 16 267 5 201 169 22 65 5 234 636 76 5 92 696 5 22 11 141 234 5 174 250 5 245 33 65 3889
53.0 17 89 6 11 39 50 17 272 6 206 172 22 67 6 239 650 78 6 94 711 6 22 11 144 239 6 178 256 6 250 33 67 3972
54.0 17 91 6 11 40 51 17 278 6 210 176 23 68 6 244 663 79 6 96 726 6 23 11 147 244 6 181 261 6 255 34 68 4053
55.0 17 93 6 12 40 52 17 283 6 214 179 23 69 6 249 677 81 6 98 740 6 23 12 150 249 6 185 266 6 260 35 69 4135
56.0 18 94 6 12 41 53 18 289 6 218 183 24 71 6 254 691 83 6 100 756 6 24 12 154 254 6 189 272 6 266 35 71 4222
57.0 18 97 6 12 42 54 18 296 6 223 187 24 72 6 259 706 84 6 103 772 6 24 12 157 259 6 193 277 6 271 36 72 4313
58.0 18 99 6 12 43 55 18 302 6 228 191 25 74 6 265 721 86 6 105 789 6 25 12 160 265 6 197 284 6 277 37 74 4408
59.0 19 101 6 13 44 57 19 309 6 233 195 25 76 6 271 738 88 6 107 807 6 25 13 164 271 6 202 290 6 284 38 76 4509
60.0 19 103 6 13 45 58 19 316 6 239 200 26 77 6 278 755 90 6 110 826 6 26 13 168 278 6 207 297 6 290 39 77 4614
61.0 20 106 7 13 46 59 20 324 7 244 205 26 79 7 284 773 93 7 112 846 7 26 13 172 284 7 211 304 7 297 40 79 4725
62.0 20 108 7 14 47 61 20 332 7 250 210 27 81 7 291 792 95 7 115 866 7 27 14 176 291 7 217 311 7 305 41 81 4839
63.0 21 111 7 14 49 62 21 340 7 257 215 28 83 7 298 811 97 7 118 888 7 28 14 180 298 7 222 319 7 312 42 83 4958
64.0 21 114 7 14 50 64 21 348 7 263 220 28 85 7 306 832 99 7 121 910 7 28 14 185 306 7 227 327 7 320 43 85 5081
65.0 22 117 7 15 51 66 22 357 7 270 226 29 87 7 313 852 102 7 124 933 7 29 15 189 313 7 233 335 7 328 44 87 5209
66.0 22 120 7 15 52 67 22 366 7 276 232 30 90 7 321 874 105 7 127 956 7 30 15 194 321 7 239 344 7 336 45 90 5341
67.0 23 123 8 15 54 69 23 375 8 283 238 31 92 8 329 896 107 8 130 981 8 31 15 199 329 8 245 352 8 345 46 92 5478
68.0 24 126 8 16 55 71 24 385 8 291 244 31 94 8 338 919 110 8 134 1006 8 31 16 204 338 8 251 361 8 354 47 94 5619
69.0 24 129 8 16 56 73 24 395 8 298 250 32 97 8 347 943 113 8 137 1032 8 32 16 210 347 8 258 371 8 363 48 97 5764
70.0 25 132 8 17 58 74 25 405 8 306 256 33 99 8 356 968 116 8 141 1059 8 33 17 215 356 8 265 380 8 372 50 99 5914
71.0 25 136 8 17 59 76 25 416 8 314 263 34 102 8 365 993 119 8 144 1086 8 34 17 221 365 8 272 390 8 382 51 102 6068
72.0 26 139 9 17 61 78 26 427 9 322 270 35 105 9 375 1019 122 9 148 1115 9 35 17 226 375 9 279 401 9 392 52 105 6227
73.0 27 143 9 18 63 80 27 438 9 331 277 36 107 9 384 1046 125 9 152 1144 9 36 18 232 384 9 286 411 9 402 54 107 6391
74.0 28 147 9 18 64 83 28 450 9 339 284 37 110 9 394 1073 128 9 156 1174 9 37 18 239 394 9 294 422 9 413 55 110 6559
75.0 28 151 9 19 66 85 28 461 9 348 292 38 113 9 405 1102 132 9 160 1205 9 38 19 245 405 9 301 433 9 424 56 113 6733
76.0 29 154 10 19 68 87 29 473 10 357 299 39 116 10 415 1130 135 10 164 1236 10 39 19 251 415 10 309 444 10 435 58 116 6904
77.0 30 158 10 20 69 89 30 485 10 366 307 40 119 10 425 1157 138 10 168 1266 10 40 20 257 425 10 317 455 10 445 59 119 7073
78.0 30 162 10 20 71 91 30 496 10 375 314 41 122 10 436 1185 142 10 172 1297 10 41 20 263 436 10 324 466 10 456 61 122 7245
79.0 31 166 10 21 73 93 31 508 10 384 322 42 125 10 446 1214 145 10 176 1328 10 42 21 270 446 10 332 477 10 467 62 125 7419
80.0 32 170 11 21 74 96 32 521 11 393 329 42 127 11 457 1243 149 11 181 1360 11 42 21 276 457 11 340 489 11 478 64 127 7596
81.0 33 174 11 22 76 98 33 533 11 402 337 43 130 11 468 1272 152 11 185 1392 11 43 22 283 468 11 348 500 11 489 65 130 7774
82.0 33 178 11 22 78 100 33 545 11 412 345 44 133 11 478 1302 156 11 189 1424 11 44 22 289 478 11 356 512 11 501 67 133 7954
83.0 34 182 11 23 80 102 34 558 11 421 353 46 137 11 489 1331 159 11 193 1457 11 46 23 296 489 11 364 523 11 512 68 137 8136
84.0 35 186 12 23 81 105 35 570 12 431 361 47 140 12 500 1361 163 12 198 1489 12 47 23 303 500 12 372 535 12 524 70 140 8320
85.0 36 190 12 24 83 107 36 583 12 440 369 48 143 12 512 1392 167 12 202 1523 12 48 24 309 512 12 381 547 12 535 71 143 8506
86.0 36 195 12 24 85 109 36 596 12 450 377 49 146 12 523 1422 170 12 207 1556 12 49 24 316 523 12 389 559 12 547 73 146 8693
87.0 37 199 12 25 87 112 37 609 12 460 385 50 149 12 534 1453 174 12 211 1590 12 50 25 323 534 12 398 571 12 559 75 149 8882
88.0 38 203 13 25 89 114 38 622 13 469 393 51 152 13 546 1485 178 13 216 1624 13 51 25 330 546 13 406 584 13 571 76 152 9072
89.0 39 207 13 26 91 117 39 635 13 479 402 52 155 13 557 1516 181 13 220 1658 13 52 26 337 557 13 415 596 13 583 78 155 9264
90.0 40 212 13 26 93 119 40 648 13 489 410 53 159 13 569 1547 185 13 225 1693 13 53 26 344 569 13 423 608 13 595 79 159 9457
91.0 40 216 13 27 94 121 40 661 13 499 418 54 162 13 580 1579 189 13 229 1728 13 54 27 351 580 13 432 621 13 607 81 162 9651
92.0 41 220 14 28 96 124 41 675 14 510 427 55 165 14 592 1611 193 14 234 1763 14 55 28 358 592 14 441 633 14 620 83 165 9846
93.0 42 225 14 28 98 126 42 688 14 520 435 56 169 14 604 1643 197 14 239 1798 14 56 28 365 604 14 449 646 14 632 84 169 10043
94.0 43 229 14 29 100 129 43 702 14 530 444 57 172 14 616 1676 201 14 243 1833 14 57 29 372 616 14 458 659 14 645 86 172 10240
95.0 44 234 15 29 102 131 44 715 15 540 453 58 175 15 628 1708 204 15 248 1869 15 58 29 380 628 15 467 672 15 657 88 175 10439
96.0 45 238 15 30 104 134 45 729 15 550 461 60 179 15 640 1741 208 15 253 1904 15 60 30 387 640 15 476 684 15 670 89 179 10638
97.0 45 243 15 30 106 136 45 743 15 561 470 61 182 15 652 1773 212 15 258 1940 15 61 30 394 652 15 485 697 15 682 91 182 10837
98.0 46 247 15 31 108 139 46 756 15 571 479 62 185 15 664 1806 216 15 262 1976 15 62 31 401 664 15 494 710 15 695 93 185 11037
99.0 47 251 16 31 110 141 47 770 16 582 487 63 189 16 676 1839 220 16 267 2012 16 63 31 409 676 16 503 723 16 707 94 189 11237
100.0 48 256 16 32 112 144 48 784 16 592 496 64 192 16 688 1872 224 16 272 2048 16 64 32 416 688 16 512 736 16 720 96 192 11438
101.0 49 260 16 33 114 146 49 798 16 602 505 65 195 16 700 1904 228 16 277 2083 16 65 33 423 700 16 521 749 16 732 98 195 11638
102.0 50 265 17 33 116 149 50 811 17 613 513 66 199 17 712 1937 232 17 281 2119 17 66 33 430 712 17 530 762 17 745 99 199 11839
103.0 51 269 17 34 118 152 51 825 17 623 522 67 202 17 724 1970 236 17 286 2155 17 67 34 438 724 17 539 775 17 758 101 202 12039
104.0 51 274 17 34 120 154 51 839 17 633 531 68 205 17 736 2003 240 17 291 2191 17 68 34 445 736 17 548 787 17 770 103 205 12238
105.0 52 278 17 35 122 157 52 852 17 644 539 70 209 17 748 2035 244 17 296 2226 17 70 35 452 748 17 557 800 17 783 104 209 12437
106.0 53 283 18 35 124 159 53 866 18 654 548 71 212 18 760 2068 247 18 300 2262 18 71 35 459 760 18 565 813 18 795 106 212 12635
107.0 54 287 18 36 126 162 54 879 18 664 556 72 215 18 772 2100 251 18 305 2297 18 72 36 467 772 18 574 826 18 808 108 215 12832
108.0 55 292 18 36 128 164 55 893 18 674 565 73 219 18 783 2132 255 18 310 2332 18 73 36 474 783 18 583 838 18 820 109 219 13028
109.0 55 296 18 37 129 166 55 906 18 684 573 74 222 18 795 2164 259 18 314 2367 18 74 37 481 795 18 592 851 18 832 111 222 13222
110.0 56 300 19 38 131 169 56 919 19 694 582 75 225 19 807 2195 263 19 319 2402 19 75 38 488 807 19 600 863 19 844 113 225 13415
111.0 57 304 19 38 133 171 57 932 19 704 590 76 228 19 818 2226 266 19 324 2436 19 76 38 495 818 19 609 875 19 856 114 228 13606
112.0 58 309 19 39 135 174 58 945 19 714 598 77 232 19 830 2257 270 19 328 2470 19 77 39 502 830 19 617 888 19 868 116 232 13795
113.0 59 313 20 39 137 176 59 958 20 724 606 78 235 20 841 2288 274 20 332 2503 20 78 39 508 841 20 626 900 20 880 117 235 13982
114.0 59 317 20 40 139 178 59 971 20 733 614 79 238 20 852 2318 277 20 337 2536 20 79 40 515 852 20 634 911 20 892 119 238 14167
115.0 60 321 20 40 140 181 60 983 20 743 622 80 241 20 863 2348 281 20 341 2569 20 80 40 522 863 20 642 923 20 903 120 241 14349
116.0 61 325 20 41 142 183 61 996 20 752 630 81 244 20 874 2377 284 20 345 2601 20 81 41 528 874 20 650 935 20 914 122 244 14529
117.0 62 329 21 41 144 185 62 1008 21 761 638 82 247 21 884 2406 288 21 350 2633 21 82 41 535 884 21 658 946 21 925 123 247 14705
118.0 62 333 21 42 146 187 62 1020 21 770 645 83 250 21 895 2435 291 21 354 2664 21 83 42 541 895 21 666 957 21 936 125 250 14879
119.0 63 337 21 42 147 189 63 1031 21 779 652 84 253 21 905 2462 295 21 358 2694 21 84 42 547 905 21 673 968 21 947 126 253 15049
120.0 64 340 21 43 149 192 64 1043 21 787 660 85 255 21 915 2490 298 21 362 2724 21 85 43 553 915 21 681 979 21 958 128 255 15215
121.0 65 344 22 43 151 194 65 1054 22 796 667 86 258 22 925 2516 301 22 366 2753 22 86 43 559 925 22 688 989 22 968 129 258 15378
122.0 65 348 22 43 152 196 65 1065 22 804 674 87 261 22 934 2542 304 22 369 2781 22 87 43 565 934 22 695 1000 22 978 130 261 15536
123.0 66 351 22 44 154 198 66 1075 22 812 680 88 263 22 944 2568 307 22 373 2809 22 88 44 571 944 22 702 1009 22 988 132 263 15691
124.0 66 354 22 44 155 199 66 1086 22 820 687 89 266 22 953 2592 310 22 377 2836 22 89 44 576 953 22 709 1019 22 997 133 266 15841
125.0 67 358 22 45 157 201 67 1096 22 827 693 89 268 22 961 2616 313 22 380 2862 22 89 45 581 961 22 715 1029 22 1006 134 268 15987
126.0 68 361 23 45 158 203 68 1105 23 835 699 90 271 23 970 2639 316 23 383 2887 23 90 45 586 970 23 722 1038 23 1015 135 271 16128
127.0 68 364 23 45 159 205 68 1115 23 842 705 91 273 23 978 2661 318 23 387 2912 23 91 45 591 978 23 728 1046 23 1024 136 273 16264
128.0 69 367 23 46 161 206 69 1124 23 848 711 92 275 23 986 2683 321 23 390 2935 23 92 46 596 986 23 734 1055 23 1032 138 275 16394
129.0 69 370 23 46 162 208 69 1132 23 855 716 92 277 23 994 2703 323 23 393 2957 23 92 46 601 994 23 739 1063 23 1040 139 277 16520
130.0 70 372 23 47 163 209 70 1140 23 861 721 93 279 23 1001 2723 326 23 396 2979 23 93 47 605 1001 23 745 1071 23 1047 140 279 16640
131.0 70 375 23 47 164 211 70 1148 23 867 726 94 281 23 1008 2742 328 23 398 2999 23 94 47 609 1008 23 750 1078 23 1054 141 281 16754
132.0 71 377 24 47 165 212 71 1156 24 873 731 94 283 24 1014 2759 330 24 401 3019 24 94 47 613 1014 24 755 1085 24 1061 142 283 16863
133.0 71 380 24 47 166 214 71 1163 24 878 736 95 285 24 1020 2776 332 24 403 3037 24 95 47 617 1020 24 759 1091 24 1068 142 285 16965
134.0 72 382 24 48 167 215 72 1169 24 883 740 95 286 24 1026 2792 334 24 406 3054 24 95 48 620 1026 24 764 1098 24 1074 143 286 17062
135.0 72 384 24 48 168 216 72 1175 24 888 744 96 288 24 1031 2807 336 24 408 3071 24 96 48 624 1031 24 768 1103 24 1079 144 288 17152
136.0 72 386 24 48 169 217 72 1181 24 892 747 96 289 24 1037 2820 337 24 410 3085 24 96 48 627 1037 24 771 1109 24 1085 145 289 17235
137.0 73 387 24 48 169 218 73 1186 24 896 751 97 291 24 1041 2833 339 24 412 3099 24 97 48 630 1041 24 775 1114 24 1090 145 291 17312
138.0 73 389 24 49 170 219 73 1191 24 900 754 97 292 24 1045 2844 340 24 413 3112 24 97 49 632 1045 24 778 1118 24 1094 146 292 17382
139.0 73 390 24 49 171 220 73 1196 24 903 756 98 293 24 1049 2855 342 24 415 3123 24 98 49 634 1049 24 781 1122 24 1098 146 293 17446
140.0 73 392 24 49 171 220 73 1199 24 906 759 98 294 24 1053 2864 343 24 416 3133 24 98 49 636 1053 24 783 1126 24 1102 147 294 17502
141.0 74 393 25 49 172 221 74 1203 25 908 761 98 295 25 1056 2872 344 25 417 3142 25 98 49 638 1056 25 786 1129 25 1105 147 295 17552
142.0 74 394 25 49 172 221 74 1206 25 910 763 98 295 25 1058 2879 344 25 418 3150 25 98 49 640 1058 25 787 1132 25 1107 148 295 17594
143.0 74 394 25 49 173 222 74 1208 25 912 764 99 296 25 1060 2885 345 25 419 3156 25 99 49 641 1060 25 789 1134 25 1110 148 296 17629
144.0 74 395 25 49 173 222 74 1210 25 914 766 99 296 25 1062 2889 346 25 420 3161 25 99 49 642 1062 25 790 1136 25 1111 148 296 17657
145.0 74 396 25 49 173 223 74 1211 25 915 766 99 297 25 1063 2893 346 25 420 3165 25 99 49 643 1063 25 791 1137 25 1113 148 297 17677
146.0 74 396 25 49 173 223 74 1212 25 915 767 99 297 25 1064 2895 346 25 421 3167 25 99 49 643 1064 25 792 1138 25 1113 148 297 17690
147.0 74 396 25 49 173 223 74 1213 25 916 767 99 297 25 1064 2896 346 25 421 3168 25 99 49 643 1064 25 792 1138 25 1114 148 297 17695
148.0 74 396 25 49 173 223 74 1213 25 916 767 99 297 25 1064 2895 346 25 421 3167 25 99 49 643 1064 25 792 1138 25 1114 148 297 17693
149.0 74 396 25 49 173 223 74 1212 25 915 767 99 297 25 1063 2894 346 25 420 3166 25 99 49 643 1063 25 791 1138 25 1113 148 297 17684
150.0 74 395 25 49 173 222 74 1211 25 914 766 99 297 25 1062 2891 346 25 420 3163 25 99 49 642 1062 25 791 1137 25 1112 148 297 17667
151.0 74 395 25 49 173 222 74 1209 25 913 765 99 296 25 1061 2887 345 25 419 3158 25 99 49 642 1061 25 790 1135 25 1110 148 296 17642
152.0 74 394 25 49 172 222 74 1207 25 911 763 99 296 25 1059 2882 345 25 419 3153 25 99 49 640 1059 25 788 1133 25 1108 148 296 17610
153.0 74 393 25 49 172 221 74 1204 25 909 762 98 295 25 1057 2875 344 25 418 3145 25 98 49 639 1057 25 786 1130 25 1106 147 295 17570
154.0 74 392 25 49 172 221 74 1201 25 907 760 98 294 25 1054 2867 343 25 417 3137 25 98 49 637 1054 25 784 1127 25 1103 147 294 17523
155.0 73 391 24 49 171 220 73 1197 24 904 757 98 293 24 1051 2858 342 24 415 3127 24 98 49 635 1051 24 782 1124 24 1099 147 293 17468
156.0 73 390 24 49 170 219 73 1193 24 901 755 97 292 24 1047 2848 341 24 414 3116 24 97 49 633 1047 24 779 1120 24 1095 146 292 17406
157.0 73 388 24 48 170 218 73 1188 24 897 752 97 291 24 1043 2837 339 24 412 3104 24 97 48 630 1043 24 776 1115 24 1091 145 291 17337
158.0 72 386 24 48 169 217 72 1183 24 893 748 97 290 24 1038 2824 338 24 410 3090 24 97 48 628 1038 24 772 1110 24 1086 145 290 17260
159.0 72 384 24 48 168 216 72 1177 24 889 745 96 288 24 1033 2811 336 24 408 3075 24 96 48 625 1033 24 769 1105 24 1081 144 288 17177
160.0 72 382 24 48 167 215 72 1171 24 884 741 96 287 24 1028 2796 335 24 406 3059 24 96 48 621 1028 24 765 1099 24 1075 143 287 17086
161.0 71 380 24 48 166 214 71 1164 24 879 737 95 285 24 1022 2780 333 24 404 3041 24 95 48 618 1022 24 760 1093 24 1069 143 285 16988
162.0 71 378 24 47 165 213 71 1157 24 874 732 94 283 24 1015 2763 331 24 401 3023 24 94 47 614 1015 24 756 1086 24 1063 142 283 16884
163.0 70 375 23 47 164 211 70 1149 23 868 727 94 282 23 1009 2745 328 23 399 3003 23 94 47 610 1009 23 751 1079 23 1056 141 282 16773
164.0 70 373 23 47 163 210 70 1141 23 862 722 93 280 23 1002 2725 326 23 396 2982 23 93 47 606 1002 23 745 1072 23 1048 140 280 16655
165.0 69 370 23 46 162 208 69 1133 23 855 717 92 277 23 994 2705 324 23 393 2959 23 92 46 601 994 23 740 1064 23 1040 139 277 16531
166.0 69 367 23 46 161 206 69 1124 23 849 711 92 275 23 986 2684 321 23 390 2936 23 92 46 596 986 23 734 1055 23 1032 138 275 16401
167.0 68 364 23 45 159 205 68 1115 23 842 705 91 273 23 978 2661 318 23 387 2912 23 91 45 591 978 23 728 1046 23 1024 136 273 16264
168.0 68 361 23 45 158 203 68 1105 23 834 699 90 271 23 970 2638 316 23 383 2886 23 90 45 586 970 23 722 1037 23 1015 135 271 16122
169.0 67 357 22 45 156 201 67 1095 22 827 693 89 268 22 961 2614 313 22 380 2860 22 89 45 581 961 22 715 1028 22 1005 134 268 15974
170.0 66 354 22 44 155 199 66 1084 22 819 686 89 266 22 951 2589 310 22 376 2832 22 89 44 575 951 22 708 1018 22 996 133 266 15820
171.0 66 350 22 44 153 197 66 1073 22 810 679 88 263 22 942 2563 307 22 372 2804 22 88 44 570 942 22 701 1008 22 986 131 263 15661
172.0 65 347 22 43 152 195 65 1062 22 802 672 87 260 22 932 2536 303 22 368 2774 22 87 43 564 932 22 694 997 22 975 130 260 15497
173.0 64 343 21 43 150 193 64 1050 21 793 665 86 257 21 922 2508 300 21 364 2744 21 86 43 557 922 21 686 986 21 965 129 257 15328
174.0 64 339 21 42 148 191 64 1039 21 784 657 85 254 21 911 2480 297 21 360 2713 21 85 42 551 911 21 678 975 21 954 127 254 15155
175.0 63 335 21 42 147 189 63 1026 21 775 649 84 251 21 901 2451 293 21 356 2681 21 84 42 545 901 21 670 964 21 943 126 251 14976
176.0 62 331 21 41 145 186 62 1014 21 766 641 83 248 21 890 2421 290 21 352 2648 21 83 41 538 890 21 662 952 21 931 124 248 14794
177.0 61 327 20 41 143 184 61 1001 20 756 633 82 245 20 878 2390 286 20 347 2615 20 82 41 531 878 20 654 940 20 919 123 245 14607
178.0 60 323 20 40 141 181 60 988 20 746 625 81 242 20 867 2359 282 20 343 2581 20 81 40 524 867 20 645 928 20 907 121 242 14417
179.0 60 318 20 40 139 179 60 975 20 736 617 80 239 20 855 2327 278 20 338 2546 20 80 40 517 855 20 637 915 20 895 119 239 14223
180.0 59 314 20 39 137 177 59 961 20 726 608 78 235 20 844 2295 275 20 333 2511 20 78 39 510 844 20 628 902 20 883 118 235 14026
181.0 58 309 19 39 135 174 58 947 19 715 599 77 232 19 831 2262 271 19 329 2475 19 77 39 503 831 19 619 889 19 870 116 232 13825
182.0 57 305 19 38 133 171 57 934 19 705 591 76 229 19 819 2229 267 19 324 2439 19 76 38 495 819 19 610 876 19 857 114 229 13622
183.0 56 300 19 38 131 169 56 919 19 694 582 75 225 19 807 2195 263 19 319 2402 19 75 38 488 807 19 600 863 19 844 113 225 13416
184.0 55 296 18 37 129 166 55 905 18 683 573 74 222 18 794 2161 259 18 314 2364 18 74 37 480 794 18 591 850 18 831 111 222 13207
185.0 55 291 18 36 127 164 55 891 18 673 563 73 218 18 782 2127 254 18 309 2327 18 73 36 473 782 18 582 836 18 818 109 218 12997
186.0 54 286 18 36 125 161 54 876 18 662 554 72 215 18 769 2092 250 18 304 2289 18 72 36 465 769 18 572 822 18 805 107 215 12784
187.0 53 281 18 35 123 158 53 861 18 650 545 70 211 18 756 2057 246 18 299 2250 18 70 35 457 756 18 563 809 18 791 105 211 12570
188.0 52 276 17 35 121 156 52 847 17 639 536 69 207 17 743 2022 242 17 294 2212 17 69 35 449 743 17 553 795 17 778 104 207 12354
189.0 51 272 17 34 119 153 51 832 17 628 526 68 204 17 730 1986 238 17 289 2173 17 68 34 441 730 17 543 781 17 764 102 204 12137
190.0 50 267 17 33 117 150 50 817 17 617 517 67 200 17 717 1950 233 17 283 2134 17 67 33 433 717 17 533 767 17 750 100 200 11919
191.0 49 262 16 33 115 147 49 802 16 605 507 65 196 16 704 1914 229 16 278 2094 16 65 33 425 704 16 524 753 16 736 98 196 11700
192.0 48 257 16 32 112 145 48 787 16 594 498 64 193 16 690 1879 225 16 273 2055 16 64 32 417 690 16 514 739 16 723 96 193 11480
193.0 47 252 16 31 110 142 47 772 16 583 488 63 189 16 677 1843 220 16 268 2016 16 63 31 409 677 16 504 724 16 709 94 189 11260
194.0 46 247 15 31 108 139 46 757 15 571 479 62 185 15 664 1807 216 15 262 1976 15 62 31 401 664 15 494 710 15 695 93 185 11040
195.0 45 242 15 30 106 136 45 742 15 560 469 61 182 15 651 1771 212 15 257 1937 15 61 30 393 651 15 484 696 15 681 91 182 10820
196.0 44 237 15 30 104 133 44 726 15 549 460 59 178 15 637 1735 208 15 252 1898 15 59 30 385 637 15 474 682 15 667 89 178 10600
197.0 44 232 15 29 102 131 44 711 15 537 450 58 174 15 624 1699 203 15 247 1858 15 58 29 377 624 15 465 668 15 653 87 174 10381
198.0 43 227 14 28 99 128 43 696 14 526 441 57 171 14 611 1663 199 14 242 1819 14 57 28 370 611 14 455 654 14 640 85 171 10162
199.0 42 223 14 28 97 125 42 681 14 515 431 56 167 14 598 1627 195 14 236 1780 14 56 28 362 598 14 445 640 14 626 83 167 9944
200.0 41 218 14 27 95 122 41 667 14 503 422 54 163 14 585 1592 190 14 231 1741 14 54 27 354 585 14 435 626 14 612 82 163 9727
201.0 40 213 13 27 93 120 40 652 13 492 412 53 160 13 572 1556 186 13 226 1703 13 53 27 346 572 13 426 612 13 599 80 160 9511
202.0 39 208 13 26 91 117 39 637 13 481 403 52 156 13 559 1521 182 13 221 1664 13 52 26 338 559 13 416 598 13 585 78 156 9296
203.0 38 203 13 25 89 114 38 622 13 470 394 51 152 13 546 1486 178 13 216 1626 13 51 25 330 546 13 407 584 13 572 76 152 9083
204.0 37 199 12 25 87 112 37 608 12 459 385 50 149 12 534 1452 174 12 211 1588 12 50 25 323 534 12 397 571 12 558 74 149 8872
205.0 36 194 12 24 85 109 36 594 12 448 376 48 145 12 521 1417 170 12 206 1551 12 48 24 315 521 12 388 557 12 545 73 145 8662
206.0 35 189 12 24 83 106 35 579 12 437 367 47 142 12 508 1383 166 12 201 1514 12 47 24 307 508 12 378 544 12 532 71 142 8454
207.0 35 185 12 23 81 104 35 565 12 427 358 46 138 12 496 1350 162 12 196 1477 12 46 23 300 496 12 369 531 12 519 69 138 8249
208.0 34 180 11 23 79 101 34 551 11 416 349 45 135 11 484 1316 158 11 191 1440 11 45 23 293 484 11 360 518 11 506 68 135 8045
209.0 33 176 11 22 77 99 33 538 11 406 340 44 132 11 472 1284 154 11 186 1404 11 44 22 285 472 11 351 505 11 494 66 132 7844
210.0 32 171 11 21 75 96 32 524 11 396 331 43 128 11 460 1251 150 11 182 1369 11 43 21 278 460 11 342 492 11 481 64 128 7645
211.0 31 167 10 21 73 94 31 510 10 385 323 42 125 10 448 1219 146 10 177 1333 10 42 21 271 448 10 333 479 10 469 63 125 7448
212.0 30 162 10 20 71 91 30 497 10 375 315 41 122 10 436 1187 142 10 172 1299 10 41 20 264 436 10 325 467 10 457 61 122 7254
213.0 30 158 10 20 69 89 30 484 10 366 306 40 119 10 425 1156 138 10 168 1264 10 40 20 257 425 10 316 454 10 445 59 119 7063
214.0 29 154 10 19 67 87 29 471 10 356 298 38 115 10 413 1125 135 10 163 1231 10 38 19 250 413 10 308 442 10 433 58 115 6875
215.0 28 150 9 19 65 84 28 458 9 346 290 37 112 9 402 1095 131 9 159 1197 9 37 19 243 402 9 299 430 9 421 56 112 6689
216.0 27 146 9 18 64 82 27 446 9 337 282 36 109 9 391 1065 127 9 155 1165 9 36 18 237 391 9 291 419 9 409 55 109 6506
217.0 27 142 9 18 62 80 27 434 9 327 274 35 106 9 380 1035 124 9 150 1133 9 35 18 230 380 9 283 407 9 398 53 106 6327
218.0 26 138 9 17 60 77 26 421 9 318 267 34 103 9 370 1006 120 9 146 1101 9 34 17 224 370 9 275 396 9 387 52 103 6150
219.0 25 134 8 17 59 75 25 410 8 309 259 33 100 8 359 978 117 8 142 1070 8 33 17 217 359 8 267 384 8 376 50 100 5976
220.0 24 130 8 16 57 73 24 398 8 300 252 32 97 8 349 950 114 8 138 1039 8 32 16 211 349 8 260 374 8 365 49 97 5806
221.0 24 126 8 16 55 71 24 386 8 292 244 32 95 8 339 923 110 8 134 1009 8 32 16 205 339 8 252 363 8 355 47 95 5638
222.0 23 122 8 15 54 69 23 375 8 283 237 31 92 8 329 896 107 8 130 980 8 31 15 199 329 8 245 352 8 345 46 92 5474
223.0 22 119 7 15 52 67 22 364 7 275 230 30 89 7 320 869 104 7 126 951 7 30 15 193 320 7 238 342 7 334 45 89 5313
224.0 22 115 7 14 50 65 22 353 7 267 223 29 87 7 310 844 101 7 123 923 7 29 14 187 310 7 231 332 7 324 43 87 5155
225.0 21 112 7 14 49 63 21 343 7 259 217 28 84 7 301 818 98 7 119 895 7 28 14 182 301 7 224 322 7 315 42 84 5000
226.0 20 109 7 14 47 61 20 332 7 251 210 27 81 7 292 793 95 7 115 868 7 27 14 176 292 7 217 312 7 305 41 81 4849
227.0 20 105 7 13 46 59 20 322 7 243 204 26 79 7 283 769 92 7 112 842 7 26 13 171 283 7 210 302 7 296 39 79 4701
228.0 19 102 6 13 45 57 19 312 6 236 198 25 76 6 274 745 89 6 108 816 6 25 13 166 274 6 204 293 6 287 38 76 4556
229.0 19 99 6 12 43 56 19 303 6 228 191 25 74 6 265 722 86 6 105 790 6 25 12 161 265 6 198 284 6 278 37 74 4414
230.0 18 96 6 12 42 54 18 293 6 221 185 24 72 6 257 700 84 6 102 765 6 24 12 155 257 6 191 275 6 269 36 72 4276
231.0 17 93 6 12 41 52 17 284 6 214 180 23 69 6 249 678 81 6 98 741 6 23 12 151 249 6 185 266 6 261 35 69 4141
232.0 17 90 6 11 39 50 17 275 6 207 174 22 67 6 241 656 78 6 95 718 6 22 11 146 241 6 179 258 6 252 34 67 4009
233.0 16 87 5 11 38 49 16 266 5 201 168 22 65 5 233 635 76 5 92 695 5 22 11 141 233 5 174 250 5 244 33 65 3880
234.0 16 84 5 11 37 47 16 257 5 194 163 21 63 5 226 614 74 5 89 672 5 21 11 137 226 5 168 242 5 236 32 63 3754
235.0 15 81 5 10 36 46 15 249 5 188 157 20 61 5 218 594 71 5 86 650 5 20 10 132 218 5 163 234 5 229 30 61 3632
236.0 15 79 5 10 34 44 15 241 5 182 152 20 59 5 211 575 69 5 84 629 5 20 10 128 211 5 157 226 5 221 29 59 3512
237.0 14 76 5 9 33 43 14 233 5 176 147 19 57 5 204 556 66 5 81 608 5 19 9 123 204 5 152 218 5 214 28 57 3396
238.0 14 73 5 9 32 41 14 225 5 170 142 18 55 5 197 537 64 5 78 588 5 18 9 119 197 5 147 211 5 207 28 55 3283
239.0 13 71 4 9 31 40 13 217 4 164 138 18 53 4 191 519 62 4 75 568 4 18 9 115 191 4 142 204 4 200 27 53 3173
240.0 13 69 4 9 30 39 13 210 4 159 133 17 51 4 184 502 60 4 73 549 4 17 9 111 184 4 137 197 4 193 26 51 3065
241.0 12 66 4 8 29 37 12 203 4 153 128 17 50 4 178 485 58 4 70 530 4 17 8 108 178 4 133 191 4 186 25 50 2961
242.0 12 64 4 8 28 36 12 196 4 148 124 16 48 4 172 468 56 4 68 512 4 16 8 104 172 4 128 184 4 180 24 48 2860
243.0 12 62 4 8 27 35 12 189 4 143 120 15 46 4 166 452 54 4 66 494 4 15 8 100 166 4 124 178 4 174 23 46 2761
244.0 11 60 4 7 26 34 11 183 4 138 116 15 45 4 160 436 52 4 63 477 4 15 7 97 160 4 119 171 4 168 22 45 2666
245.0 11 58 4 7 25 32 11 176 4 133 112 14 43 4 155 421 50 4 61 461 4 14 7 94 155 4 115 166 4 162 22 43 2573
246.0 10 56 3 7 24 31 10 170 3 128 108 14 42 3 149 406 49 3 59 444 3 14 7 90 149 3 111 160 3 156 21 42 2482
247.0 10 54 3 7 23 30 10 164 3 124 104 13 40 3 144 392 47 3 57 429 3 13 7 87 144 3 107 154 3 151 20 40 2395
248.0 10 52 3 6 23 29 10 158 3 120 100 13 39 3 139 378 45 3 55 413 3 13 6 84 139 3 103 149 3 145 19 39 2310
249.0 9 50 3 6 22 28 9 153 3 115 97 12 37 3 134 364 44 3 53 399 3 12 6 81 134 3 100 143 3 140 19 37 2227
250.0 9 48 3 6 21 27 9 147 3 111 93 12 36 3 129 351 42 3 51 384 3 12 6 78 129 3 96 138 3 135 18 36 2147
251.0 9 46 3 6 20 26 9 142 3 107 90 12 35 3 124 339 41 3 49 371 3 12 6 75 124 3 93 133 3 130 17 35 2070
252.0 8 45 3 6 20 25 8 137 3 103 86 11 33 3 120 326 39 3 47 357 3 11 6 73 120 3 89 128 3 126 17 33 1995
253.0 8 43 3 5 19 24 8 132 3 99 83 11 32 3 116 315 38 3 46 344 3 11 5 70 116 3 86 124 3 121 16 32 1922
254.0 8 41 3 5 18 23 8 127 3 96 80 10 31 3 111 303 36 3 44 331 3 10 5 67 111 3 83 119 3 117 16 31 1852
255.0 7 40 2 5 17 22 7 122 2 92 77 10 30 2 107 292 35 2 42 319 2 10 5 65 107 2 80 115 2 112 15 30 1784
256.0 7 38 2 5 17 22 7 118 2 89 74 10 29 2 103 281 34 2 41 307 2 10 5 62 103 2 77 111 2 108 14 29 1718
257.0 7 37 2 5 16 21 7 113 2 86 72 9 28 2 99 271 32 2 39 296 2 9 5 60 99 2 74 106 2 104 14 28 1654
258.0 7 36 2 4 16 20 7 109 2 82 69 9 27 2 96 261 31 2 38 285 2 9 4 58 96 2 71 102 2 100 13 27 1592
259.0 6 34 2 4 15 19 6 105 2 79 66 9 26 2 92 251 30 2 36 274 2 9 4 56 92 2 69 99 2 96 13 26 1532
260.0 6 33 2 4 14 19 6 101 2 76 64 8 25 2 89 241 29 2 35 264 2 8 4 54 89 2 66 95 2 93 12 25 1475
261.0 6 32 2 4 14 18 6 97 2 73 62 8 24 2 85 232 28 2 34 254 2 8 4 52 85 2 64 91 2 89 12 24 1419
262.0 6 31 2 4 13 17 6 94 2 71 59 8 23 2 82 223 27 2 32 244 2 8 4 50 82 2 61 88 2 86 11 23 1365
263.0 6 29 2 4 13 17 6 90 2 68 57 7 22 2 79 215 26 2 31 235 2 7 4 48 79 2 59 84 2 83 11 22 1313
264.0 5 28 2 4 12 16 5 87 2 65 55 7 21 2 76 207 25 2 30 226 2 7 4 46 76 2 57 81 2 79 11 21 1263
265.0 5 27 2 3 12 15 5 83 2 63 53 7 20 2 73 199 24 2 29 217 2 7 3 44 73 2 54 78 2 76 10 20 1214
266.0 5 26 2 3 11 15 5 80 2 60 51 7 20 2 70 191 23 2 28 209 2 7 3 42 70 2 52 75 2 73 10 20 1167
267.0 5 25 2 3 11 14 5 77 2 58 49 6 19 2 67 184 22 2 27 201 2 6 3 41 67 2 50 72 2 71 9 19 1122
268.0 5 24 2 3 11 14 5 74 2 56 47 6 18 2 65 177 21 2 26 193 2 6 3 39 65 2 48 69 2 68 9 18 1079
269.0 4 23 1 3 10 13 4 71 1 54 45 6 17 1 62 170 20 1 25 186 1 6 3 38 62 1 46 67 1 65 9 17 1037
270.0 4 22 1 3 10 13 4 68 1 52 43 6 17 1 60 163 20 1 24 178 1 6 3 36 60 1 45 64 1 63 8 17 996
271.0 4 21 1 3 9 12 4 66 1 50 41 5 16 1 58 157 19 1 23 171 1 5 3 35 58 1 43 62 1 60 8 16 957
272.0 4 21 1 3 9 12 4 63 1 48 40 5 15 1 55 150 18 1 22 165 1 5 3 33 55 1 41 59 1 58 8 15 919
273.0 4 20 1 2 9 11 4 61 1 46 38 5 15 1 53 144 17 1 21 158 1 5 2 32 53 1 40 57 1 56 7 15 883
274.0 4 19 1 2 8 11 4 58 1 44 37 5 14 1 51 139 17 1 20 152 1 5 2 31 51 1 38 55 1 53 7 14 848
275.0 3 18 1 2 8 10 3 56 1 42 35 5 14 1 49 133 16 1 19 146 1 5 2 30 49 1 36 52 1 51 7 14 814
276.0 3 17 1 2 8 10 3 54 1 40 34 4 13 1 47 128 15 1 19 140 1 4 2 28 47 1 35 50 1 49 7 13 782
277.0 3 17 1 2 7 9 3 51 1 39 33 4 13 1 45 123 15 1 18 134 1 4 2 27 45 1 34 48 1 47 6 13 750
278.0 3 16 1 2 7 9 3 49 1 37 31 4 12 1 43 118 14 1 17 129 1 4 2 26 43 1 32 46 1 45 6 12 720
279.0 3 15 1 2 7 9 3 47 1 36 30 4 12 1 42 113 14 1 16 124 1 4 2 25 42 1 31 44 1 44 6 12 691
280.0 3 15 1 2 6 8 3 45 1 34 29 4 11 1 40 109 13 1 16 119 1 4 2 24 40 1 30 43 1 42 6 11 663
281.0 3 14 1 2 6 8 3 44 1 33 28 4 11 1 38 104 12 1 15 114 1 4 2 23 38 1 28 41 1 40 5 11 636
282.0 3 14 1 2 6 8 3 42 1 32 26 3 10 1 37 100 12 1 15 109 1 3 2 22 37 1 27 39 1 38 5 10 611
283.0 2 13 1 2 6 7 2 40 1 30 25 3 10 1 35 96 11 1 14 105 1 3 2 21 35 1 26 38 1 37 5 10 586
284.0 2 13 1 2 6 7 2 39 1 29 24 3 9 1 34 92 11 1 13 101 1 3 2 20 34 1 25 36 1 35 5 9 562
285.0 2 12 1 2 5 7 2 37 1 28 23 3 9 1 32 88 11 1 13 96 1 3 2 20 32 1 24 35 1 34 5 9 539
286.0 2 12 1 1 5 7 2 35 1 27 22 3 9 1 31 85 10 1 12 93 1 3 1 19 31 1 23 33 1 33 4 9 517
287.0 2 11 1 1 5 6 2 34 1 26 21 3 8 1 30 81 10 1 12 89 1 3 1 18 30 1 22 32 1 31 4 8 496
288.0 2 11 1 1 5 6 2 33 1 25 21 3 8 1 29 78 9 1 11 85 1 3 1 17 29 1 21 31 1 30 4 8 475
289.0 2 10 1 1 4 6 2 31 1 24 20 3 8 1 27 75 9 1 11 82 1 3 1 17 27 1 20 29 1 29 4 8 456
290.0 2 10 1 1 4 5 2 30 1 23 19 2 7 1 26 71 9 1 10 78 1 2 1 16 26 1 20 28 1 27 4 7 437
291.0 2 9 1 1 4 5 2 29 1 22 18 2 7 1 25 68 8 1 10 75 1 2 1 15 25 1 19 27 1 26 4 7 419
292.0 2 9 1 1 4 5 2 27 1 21 17 2 7 1 24 66 8 1 10 72 1 2 1 15 24 1 18 26 1 25 3 7 401
293.0 2 9 1 1 4 5 2 26 1 20 17 2 6 1 23 63 8 1 9 69 1 2 1 14 23 1 17 25 1 24 3 6 384
294.0 2 8 1 1 4 5 2 25 1 19 16 2 6 1 22 60 7 1 9 66 1 2 1 13 22 1 16 24 1 23 3 6 368
295.0 1 8 0 1 3 4 1 24 0 18 15 2 6 0 21 58 7 0 8 63 0 2 1 13 21 0 16 23 0 22 3 6 353
296.0 1 8 0 1 3 4 1 23 0 17 15 2 6 0 20 55 7 0 8 61 0 2 1 12 20 0 15 22 0 21 3 6 338
297.0 1 7 0 1 3 4 1 22 0 17 14 2 5 0 19 53 6 0 8 58 0 2 1 12 19 0 14 21 0 20 3 5 324
298.0 1 7 0 1 3 4 1 21 0 16 13 2 5 0 19 51 6 0 7 56 0 2 1 11 19 0 14 20 0 20 3 5 310
299.0 1 7 0 1 3 4 1 20 0 15 13 2 5 0 18 49 6 0 7 53 0 2 1 11 18 0 13 19 0 19 2 5 297
300.0 1 6 0 1 3 4 1 20 0 15 12 2 5 0 17 47 6 0 7 51 0 2 1 10 17 0 13 18 0 18 2 5 285
301.0 1 6 0 1 3 3 1 19 0 14 12 2 5 0 16 45 5 0 6 49 0 2 1 10 16 0 12 18 0 17 2 5 273
302.0 1 6 0 1 3 3 1 18 0 14 11 1 4 0 16 43 5 0 6 47 0 1 1 9 16 0 12 17 0 16 2 4 261
303.0 1 6 0 1 2 3 1 17 0 13 11 1 4 0 15 41 5 0 6 45 0 1 1 9 15 0 11 16 0 16 2 4 250
304.0 1 5 0 1 2 3 1 16 0 12 10 1 4 0 14 39 5 0 6 43 0 1 1 9 14 0 11 15 0 15 2 4 239
305.0 1 5 0 1 2 3 1 16 0 12 10 1 4 0 14 38 4 0 5 41 0 1 1 8 14 0 10 15 0 14 2 4 229
306.0 1 5 0 1 2 3 1 15 0 11 10 1 4 0 13 36 4 0 5 39 0 1 1 8 13 0 10 14 0 14 2 4 219
307.0 1 5 0 1 2 3 1 14 0 11 9 1 4 0 13 34 4 0 5 38 0 1 1 8 13 0 9 14 0 13 2 4 210
308.0 1 4 0 1 2 3 1 14 0 10 9 1 3 0 12 33 4 0 5 36 0 1 1 7 12 0 9 13 0 13 2 3 201
309.0 1 4 0 1 2 2 1 13 0 10 8 1 3 0 12 31 4 0 5 34 0 1 1 7 12 0 9 12 0 12 2 3 192
310.0 1 4 0 1 2 2 1 13 0 10 8 1 3 0 11 30 4 0 4 33 0 1 1 7 11 0 8 12 0 12 2 3 184
311.0 1 4 0 0 2 2 1 12 0 9 8 1 3 0 11 29 3 0 4 32 0 1 0 6 11 0 8 11 0 11 1 3 176
312.0 1 4 0 0 2 2 1 12 0 9 7 1 3 0 10 28 3 0 4 30 0 1 0 6 10 0 8 11 0 11 1 3 169
313.0 1 4 0 0 2 2 1 11 0 8 7 1 3 0 10 26 3 0 4 29 0 1 0 6 10 0 7 10 0 10 1 3 161
314.0 1 3 0 0 2 2 1 11 0 8 7 1 3 0 9 25 3 0 4 28 0 1 0 6 9 0 7 10 0 10 1 3 154
315.0 1 3 0 0 1 2 1 10 0 8 6 1 2 0 9 24 3 0 4 26 0 1 0 5 9 0 7 10 0 9 1 2 148
316.0 1 3 0 0 1 2 1 10 0 7 6 1 2 0 8 23 3 0 3 25 0 1 0 5 8 0 6 9 0 9 1 2 141
317.0 1 3 0 0 1 2 1 9 0 7 6 1 2 0 8 22 3 0 3 24 0 1 0 5 8 0 6 9 0 9 1 2 135
318.0 1 3 0 0 1 2 1 9 0 7 6 1 2 0 8 21 3 0 3 23 0 1 0 5 8 0 6 8 0 8 1 2 129
319.0 1 3 0 0 1 2 1 8 0 6 5 1 2 0 7 20 2 0 3 22 0 1 0 4 7 0 6 8 0 8 1 2 124
320.0 0 3 0 0 1 1 0 8 0 6 5 1 2 0 7 19 2 0 3 21 0 1 0 4 7 0 5 8 0 7 1 2 118
321.0 0 3 0 0 1 1 0 8 0 6 5 1 2 0 7 19 2 0 3 20 0 1 0 4 7 0 5 7 0 7 1 2 113
322.0 0 2 0 0 1 1 0 7 0 6 5 1 2 0 7 18 2 0 3 19 0 1 0 4 7 0 5 7 0 7 1 2 108
323.0 0 2 0 0 1 1 0 7 0 5 4 1 2 0 6 17 2 0 2 19 0 1 0 4 6 0 5 7 0 7 1 2 104
324.0 0 2 0 0 1 1 0 7 0 5 4 1 2 0 6 16 2 0 2 18 0 1 0 4 6 0 4 6 0 6 1 2 99
325.0 0 2 0 0 1 1 0 6 0 5 4 1 2 0 6 15 2 0 2 17 0 1 0 3 6 0 4 6 0 6 1 2 95
326.0 0 2 0 0 1 1 0 6 0 5 4 1 2 0 5 15 2 0 2 16 0 1 0 3 5 0 4 6 0 6 1 2 91
327.0 0 2 0 0 1 1 0 6 0 4 4 0 1 0 5 14 2 0 2 15 0 0 0 3 5 0 4 6 0 5 1 1 87
328.0 0 2 0 0 1 1 0 6 0 4 4 0 1 0 5 14 2 0 2 15 0 0 0 3 5 0 4 5 0 5 1 1 83
329.0 0 2 0 0 1 1 0 5 0 4 3 0 1 0 5 13 2 0 2 14 0 0 0 3 5 0 4 5 0 5 1 1 79
330.0 0 2 0 0 1 1 0 5 0 4 3 0 1 0 5 12 1 0 2 14 0 0 0 3 5 0 3 5 0 5 1 1 76
331.0 0 2 0 0 1 1 0 5 0 4 3 0 1 0 4 12 1 0 2 13 0 0 0 3 4 0 3 5 0 5 1 1 72
332.0 0 2 0 0 1 1 0 5 0 4 3 0 1 0 4 11 1 0 2 12 0 0 0 3 4 0 3 4 0 4 1 1 69
333.0 0 1 0 0 1 1 0 5 0 3 3 0 1 0 4 11 1 0 2 12 0 0 0 2 4 0 3 4 0 4 1 1 66
334.0 0 1 0 0 1 1 0 4 0 3 3 0 1 0 4 10 1 0 2 11 0 0 0 2 4 0 3 4 0 4 1 1 63
335.0 0 1 0 0 1 1 0 4 0 3 3 0 1 0 4 10 1 0 1 11 0 0 0 2 4 0 3 4 0 4 1 1 60
336.0 0 1 0 0 1 1 0 4 0 3 3 0 1 0 3 9 1 0 1 10 0 0 0 2 3 0 3 4 0 4 0 1 58
337.0 0 1 0 0 1 1 0 4 0 3 2 0 1 0 3 9 1 0 1 10 0 0 0 2 3 0 2 4 0 3 0 1 55
338.0 0 1 0 0 1 1 0 4 0 3 2 0 1 0 3 9 1 0 1 9 0 0 0 2 3 0 2 3 0 3 0 1 53
339.0 0 1 0 0 0 1 0 3 0 3 2 0 1 0 3 8 1 0 1 9 0 0 0 2 3 0 2 3 0 3 0 1 50
340.0 0 1 0 0 0 1 0 3 0 2 2 0 1 0 3 8 1 0 1 9 0 0 0 2 3 0 2 3 0 3 0 1 48
341.0 0 1 0 0 0 1 0 3 0 2 2 0 1 0 3 8 1 0 1 8 0 0 0 2 3 0 2 3 0 3 0 1 46
342.0 0 1 0 0 0 1 0 3 0 2 2 0 1 0 3 7 1 0 1 8 0 0 0 2 3 0 2 3 0 3 0 1 44
343.0 0 1 0 0 0 1 0 3 0 2 2 0 1 0 3 7 1 0 1 8 0 0 0 2 3 0 2 3 0 3 0 1 42
344.0 0 1 0 0 0 1 0 3 0 2 2 0 1 0 2 7 1 0 1 7 0 0 0 1 2 0 2 3 0 3 0 1 40
345.0 0 1 0 0 0 0 0 3 0 2 2 0 1 0 2 6 1 0 1 7 0 0 0 1 2 0 2 2 0 2 0 1 38
346.0 0 1 0 0 0 0 0 3 0 2 2 0 1 0 2 6 1 0 1 7 0 0 0 1 2 0 2 2 0 2 0 1 37
347.0 0 1 0 0 0 0 0 2 0 2 2 0 1 0 2 6 1 0 1 6 0 0 0 1 2 0 2 2 0 2 0 1 35
348.0 0 1 0 0 0 0 0 2 0 2 1 0 1 0 2 5 1 0 1 6 0 0 0 1 2 0 1 2 0 2 0 1 33
349.0 0 1 0 0 0 0 0 2 0 2 1 0 1 0 2 5 1 0 1 6 0 0 0 1 2 0 1 2 0 2 0 1 32
350.0 0 1 0 0 0 0 0 2 0 2 1 0 1 0 2 5 1 0 1 5 0 0 0 1 2 0 1 2 0 2 0 1 31
351.0 0 1 0 0 0 0 0 2 0 2 1 0 0 0 2 5 1 0 1 5 0 0 0 1 2 0 1 2 0 2 0 0 29
352.0 0 1 0 0 0 0 0 2 0 1 1 0 0 0 2 5 1 0 1 5 0 0 0 1 2 0 1 2 0 2 0 0 28
353.0 0 1 0 0 0 0 0 2 0 1 1 0 0 0 2 4 1 0 1 5 0 0 0 1 2 0 1 2 0 2 0 0 27
354.0 0 1 0 0 0 0 0 2 0 1 1 0 0 0 2 4 0 0 1 5 0 0 0 1 2 0 1 2 0 2 0 0 25
355.0 0 1 0 0 0 0 0 2 0 1 1 0 0 0 1 4 0 0 1 4 0 0 0 1 1 0 1 2 0 2 0 0 24
356.0 0 1 0 0 0 0 0 2 0 1 1 0 0 0 1 4 0 0 1 4 0 0 0 1 1 0 1 1 0 1 0 0 23
357.0 0 0 0 0 0 0 0 2 0 1 1 0 0 0 1 4 0 0 1 4 0 0 0 1 1 0 1 1 0 1 0 0 22
358.0 0 0 0 0 0 0 0 1 0 1 1 0 0 0 1 3 0 0 1 4 0 0 0 1 1 0 1 1 0 1 0 0 21
359.0 0 0 0 0 0 0 0 1 0 1 1 0 0 0 1 3 0 0 0 4 0 0 0 1 1 0 1 1 0 1 0 0 20
360.0 0 0 0 0 0 0 0 1 0 1 1 0 0 0 1 3 0 0 0 3 0 0 0 1 1 0 1 1 0 1 0 0 19
361.0 0 0 0 0 0 0 0 1 0 1 1 0 0 0 1 3 0 0 0 3 0 0 0 1 1 0 1 1 0 1 0 0 18
362.0 0 0 0 0 0 0 0 1 0 1 1 0 0 0 1 3 0 0 0 3 0 0 0 1 1 0 1 1 0 1 0 0 18
363.0 0 0 0 0 0 0 0 1 0 1 1 0 0 0 1 3 0 0 0 3 0 0 0 1 1 0 1 1 0 1 0 0 17
364.0 0 0 0 0 0 0 0 1 0 1 1 0 0 0 1 3 0 0 0 3 0 0 0 1 1 0 1 1 0 1 0 0 16
365.0 0 0 0 0 0 0 0 1 0 1 1 0 0 0 1 3 0 0 0 3 0 0 0 1 1 0 1 1 0 1 0 0 15
