Covid-19 Population Estimated by PSD Model @ CDS/IISc
Day AN AP AR AS BR CH CT DL GA GJ HR HP JK JH KA KL LA LD MP MH MN OR PY PB RJ SK TN TG TR UP UT WB Total
0.0 3 17 1 2 7 9 3 51 1 38 32 4 12 1 45 121 14 1 18 132 1 4 2 27 45 1 33 48 1 47 6 12 740
1.0 4 20 1 3 9 11 4 62 1 47 39 5 15 1 54 148 18 1 21 162 1 5 3 33 54 1 40 58 1 57 8 15 902
2.0 4 23 1 3 10 13 4 72 1 54 45 6 18 1 63 171 20 1 25 187 1 6 3 38 63 1 47 67 1 66 9 18 1045
3.0 5 27 2 3 12 15 5 81 2 61 51 7 20 2 71 194 23 2 28 212 2 7 3 43 71 2 53 76 2 75 10 20 1187
4.0 6 30 2 4 13 17 6 92 2 69 58 7 22 2 81 219 26 2 32 240 2 7 4 49 81 2 60 86 2 84 11 22 1340
5.0 6 34 2 4 15 19 6 104 2 78 65 8 25 2 91 247 30 2 36 270 2 8 4 55 91 2 68 97 2 95 13 25 1510
6.0 7 38 2 5 17 21 7 117 2 88 74 10 29 2 102 279 33 2 40 305 2 10 5 62 102 2 76 109 2 107 14 29 1702
7.0 8 43 3 5 19 24 8 131 3 99 83 11 32 3 115 314 38 3 46 343 3 11 5 70 115 3 86 123 3 121 16 32 1917
8.0 9 48 3 6 21 27 9 148 3 112 94 12 36 3 130 353 42 3 51 387 3 12 6 79 130 3 97 139 3 136 18 36 2160
9.0 10 54 3 7 24 31 10 167 3 126 105 14 41 3 146 398 48 3 58 435 3 14 7 88 146 3 109 156 3 153 20 41 2431
10.0 11 61 4 8 27 34 11 187 4 142 119 15 46 4 165 448 54 4 65 490 4 15 8 99 165 4 122 176 4 172 23 46 2735
11.0 13 69 4 9 30 39 13 211 4 159 133 17 52 4 185 503 60 4 73 551 4 17 9 112 185 4 138 198 4 194 26 52 3076
12.0 14 77 5 10 34 43 14 237 5 179 150 19 58 5 208 565 68 5 82 619 5 19 10 126 208 5 155 222 5 217 29 58 3455
13.0 16 87 5 11 38 49 16 266 5 201 168 22 65 5 233 635 76 5 92 694 5 22 11 141 233 5 174 250 5 244 33 65 3878
14.0 18 97 6 12 43 55 18 298 6 225 189 24 73 6 262 712 85 6 103 779 6 24 12 158 262 6 195 280 6 274 36 73 4349
15.0 20 109 7 14 48 61 20 334 7 252 211 27 82 7 293 797 95 7 116 872 7 27 14 177 293 7 218 313 7 307 41 82 4871
16.0 23 122 8 15 53 68 23 373 8 281 236 30 91 8 327 890 107 8 129 974 8 30 15 198 327 8 243 350 8 342 46 91 5440
17.0 25 135 8 17 59 76 25 415 8 313 262 34 102 8 364 990 118 8 144 1083 8 34 17 220 364 8 271 389 8 381 51 102 6050
18.0 28 150 9 19 66 84 28 459 9 347 290 37 112 9 403 1096 131 9 159 1199 9 37 19 244 403 9 300 431 9 422 56 112 6700
19.0 31 165 10 21 72 93 31 506 10 382 320 41 124 10 444 1209 145 10 176 1322 10 41 21 269 444 10 331 475 10 465 62 124 7387
20.0 34 181 11 23 79 102 34 556 11 419 351 45 136 11 488 1326 159 11 193 1451 11 45 23 295 488 11 363 522 11 510 68 136 8106
21.0 37 198 12 25 87 111 37 607 12 458 384 50 149 12 533 1449 173 12 211 1585 12 50 25 322 533 12 396 570 12 557 74 149 8856
22.0 40 215 13 27 94 121 40 660 13 498 417 54 162 13 579 1575 188 13 229 1723 13 54 27 350 579 13 431 619 13 606 81 162 9626
23.0 44 234 15 29 102 132 44 716 15 541 453 58 175 15 628 1710 205 15 248 1871 15 58 29 380 628 15 468 672 15 658 88 175 10450
24.0 48 253 16 32 111 143 48 776 16 586 491 63 190 16 681 1853 222 16 269 2027 16 63 32 412 681 16 507 729 16 713 95 190 11325
25.0 51 274 17 34 120 154 51 840 17 634 531 69 206 17 737 2005 240 17 291 2193 17 69 34 446 737 17 548 788 17 771 103 206 12252
26.0 56 296 19 37 130 167 56 907 19 685 574 74 222 19 796 2166 259 19 315 2369 19 74 37 481 796 19 592 851 19 833 111 222 13235
27.0 60 319 20 40 140 180 60 978 20 739 619 80 240 20 859 2336 280 20 339 2556 20 80 40 519 859 20 639 918 20 898 120 240 14275
28.0 65 344 22 43 151 194 65 1054 22 796 667 86 258 22 925 2516 301 22 366 2753 22 86 43 559 925 22 688 989 22 968 129 258 15378
29.0 69 370 23 46 162 208 69 1134 23 856 717 93 278 23 995 2708 324 23 393 2962 23 93 46 602 995 23 741 1065 23 1041 139 278 16547
30.0 75 398 25 50 174 224 75 1219 25 920 771 100 299 25 1070 2910 348 25 423 3184 25 100 50 647 1070 25 796 1144 25 1119 149 299 17786
31.0 80 427 27 53 187 240 80 1309 27 988 828 107 321 27 1149 3125 374 27 454 3419 27 107 53 694 1149 27 855 1229 27 1202 160 321 19098
32.0 86 458 29 57 201 258 86 1404 29 1060 888 115 344 29 1232 3352 401 29 487 3668 29 115 57 745 1232 29 917 1318 29 1289 172 344 20487
33.0 92 491 31 61 215 276 92 1505 31 1136 952 123 368 31 1320 3593 430 31 522 3931 31 123 61 798 1320 31 983 1413 31 1382 184 368 21956
34.0 99 526 33 66 230 296 99 1611 33 1217 1019 132 395 33 1414 3847 460 33 559 4209 33 132 66 855 1414 33 1052 1513 33 1480 197 395 23510
35.0 106 563 35 70 246 317 106 1724 35 1302 1091 141 422 35 1513 4116 493 35 598 4503 35 141 70 915 1513 35 1126 1618 35 1583 211 422 25153
36.0 113 602 38 75 263 338 113 1843 38 1391 1166 150 451 38 1617 4400 526 38 639 4814 38 150 75 978 1617 38 1203 1730 38 1692 226 451 26889
37.0 120 642 40 80 281 361 120 1967 40 1485 1244 161 482 40 1726 4697 562 40 682 5138 40 161 80 1044 1726 40 1285 1847 40 1806 241 482 28702
38.0 128 684 43 86 299 385 128 2096 43 1582 1326 171 513 43 1839 5004 599 43 727 5474 43 171 86 1112 1839 43 1369 1967 43 1924 257 513 30578
39.0 136 728 45 91 318 409 136 2228 45 1683 1410 182 546 45 1955 5320 637 45 773 5821 45 182 91 1182 1955 45 1455 2092 45 2046 273 546 32513
40.0 145 772 48 97 338 434 145 2364 48 1785 1496 193 579 48 2075 5646 676 48 820 6177 48 193 97 1255 2075 48 1544 2220 48 2171 290 579 34502
41.0 153 818 51 102 358 460 153 2504 51 1891 1584 204 613 51 2197 5979 715 51 869 6541 51 204 102 1329 2197 51 1635 2351 51 2300 307 613 36537
42.0 162 864 54 108 378 486 162 2646 54 1998 1674 216 648 54 2322 6318 756 54 918 6912 54 216 108 1404 2322 54 1728 2484 54 2430 324 648 38610
43.0 171 911 57 114 399 512 171 2790 57 2107 1765 228 683 57 2448 6662 797 57 968 7288 57 228 114 1480 2448 57 1822 2619 57 2562 342 683 40712
44.0 180 958 60 120 419 539 180 2935 60 2216 1857 240 719 60 2576 7009 839 60 1018 7668 60 240 120 1558 2576 60 1917 2756 60 2696 359 719 42832
45.0 189 1006 63 126 440 566 189 3081 63 2327 1949 252 755 63 2704 7357 880 63 1069 8049 63 252 126 1635 2704 63 2012 2893 63 2830 377 755 44960
46.0 198 1054 66 132 461 593 198 3227 66 2437 2041 263 790 66 2832 7705 922 66 1120 8429 66 263 132 1712 2832 66 2107 3029 66 2963 395 790 47086
47.0 206 1101 69 138 482 619 206 3372 69 2546 2133 275 826 69 2959 8050 963 69 1170 8807 69 275 138 1789 2959 69 2202 3165 69 3096 413 826 49197
48.0 215 1148 72 143 502 646 215 3515 72 2654 2223 287 861 72 3084 8392 1004 72 1219 9181 72 287 143 1865 3084 72 2295 3299 72 3228 430 861 51283
49.0 224 1193 75 149 522 671 224 3655 75 2760 2312 298 895 75 3207 8727 1044 75 1268 9547 75 298 149 1939 3207 75 2387 3431 75 3357 448 895 53332
50.0 232 1238 77 155 542 696 232 3792 77 2863 2399 310 929 77 3328 9054 1083 77 1316 9905 77 310 155 2012 3328 77 2476 3560 77 3482 464 929 55331
51.0 240 1282 80 160 561 721 240 3925 80 2964 2483 320 961 80 3444 9372 1121 80 1362 10253 80 320 160 2083 3444 80 2563 3685 80 3604 481 961 57271
52.0 248 1325 83 166 580 745 248 4057 83 3063 2566 331 993 83 3560 9686 1159 83 1407 10597 83 331 166 2152 3560 83 2649 3808 83 3725 497 993 59192
53.0 256 1368 85 171 598 769 256 4189 85 3163 2650 342 1026 85 3676 10003 1197 85 1453 10944 85 342 171 2223 3676 85 2736 3933 85 3847 513 1026 61132
54.0 265 1412 88 176 618 794 265 4323 88 3265 2735 353 1059 88 3794 10323 1235 88 1500 11294 88 353 176 2294 3794 88 2823 4059 88 3970 529 1059 63086
55.0 273 1456 91 182 637 819 273 4459 91 3367 2821 364 1092 91 3913 10646 1274 91 1547 11647 91 364 182 2366 3913 91 2912 4186 91 4095 546 1092 65058
56.0 281 1500 94 188 656 844 281 4595 94 3470 2907 375 1125 94 4032 10972 1313 94 1594 12003 94 375 188 2438 4032 94 3001 4314 94 4220 563 1125 67049
57.0 290 1545 97 193 676 869 290 4733 97 3574 2994 386 1159 97 4154 11301 1352 97 1642 12364 97 386 193 2511 4154 97 3091 4443 97 4347 580 1159 69064
58.0 298 1591 99 199 696 895 298 4873 99 3680 3083 398 1193 99 4276 11636 1392 99 1691 12730 99 398 199 2586 4276 99 3182 4575 99 4475 597 1193 71107
59.0 307 1638 102 205 716 921 307 5015 102 3787 3173 409 1228 102 4401 11975 1433 102 1740 13101 102 409 205 2661 4401 102 3275 4708 102 4606 614 1228 73182
60.0 316 1685 105 211 737 948 316 5160 105 3896 3264 421 1264 105 4528 12321 1474 105 1790 13479 105 421 211 2738 4528 105 3370 4844 105 4739 632 1264 75292
61.0 325 1733 108 217 758 975 325 5307 108 4007 3358 433 1300 108 4657 12672 1516 108 1841 13864 108 433 217 2816 4657 108 3466 4982 108 4874 650 1300 77441
62.0 334 1782 111 223 780 1002 334 5457 111 4121 3453 445 1336 111 4789 13031 1559 111 1893 14256 111 445 223 2896 4789 111 3564 5123 111 5012 668 1336 79632
63.0 344 1832 115 229 802 1031 344 5611 115 4237 3550 458 1374 115 4924 13397 1603 115 1947 14656 115 458 229 2977 4924 115 3664 5267 115 5153 687 1374 81868
64.0 353 1883 118 235 824 1059 353 5767 118 4355 3649 471 1412 118 5061 13770 1648 118 2001 15065 118 471 235 3060 5061 118 3766 5414 118 5296 706 1412 84151
65.0 363 1935 121 242 847 1089 363 5927 121 4475 3750 484 1452 121 5201 14152 1693 121 2056 15483 121 484 242 3145 5201 121 3871 5564 121 5443 726 1452 86485
66.0 373 1989 124 249 870 1119 373 6091 124 4599 3853 497 1492 124 5345 14543 1740 124 2113 15910 124 497 249 3232 5345 124 3978 5718 124 5593 746 1492 88872
67.0 383 2043 128 255 894 1149 383 6258 128 4725 3959 511 1533 128 5492 14942 1788 128 2171 16347 128 511 255 3321 5492 128 4087 5875 128 5747 766 1533 91315
68.0 394 2099 131 262 918 1181 394 6429 131 4855 4068 525 1575 131 5642 15352 1837 131 2231 16795 131 525 262 3411 5642 131 4199 6036 131 5904 787 1575 93816
69.0 404 2157 135 270 944 1213 404 6605 135 4987 4179 539 1618 135 5796 15771 1887 135 2291 17254 135 539 270 3505 5796 135 4313 6200 135 6066 809 1618 96377
70.0 415 2215 138 277 969 1246 415 6785 138 5123 4292 554 1662 138 5954 16200 1938 138 2354 17723 138 554 277 3600 5954 138 4431 6369 138 6231 831 1662 99001
71.0 427 2276 142 284 996 1280 427 6969 142 5262 4409 569 1707 142 6116 16640 1991 142 2418 18205 142 569 284 3698 6116 142 4551 6542 142 6400 853 1707 101691
72.0 438 2337 146 292 1023 1315 438 7158 146 5405 4529 584 1753 146 6281 17092 2045 146 2483 18698 146 584 292 3798 6281 146 4675 6720 146 6574 876 1753 104448
73.0 450 2401 150 300 1050 1350 450 7352 150 5551 4651 600 1800 150 6452 17554 2100 150 2551 19205 150 600 300 3901 6452 150 4801 6902 150 6752 900 1800 107275
74.0 462 2465 154 308 1079 1387 462 7550 154 5701 4777 616 1849 154 6626 18029 2157 154 2620 19724 154 616 308 4006 6626 154 4931 7088 154 6934 925 1849 110175
75.0 475 2532 158 317 1108 1424 475 7754 158 5855 4906 633 1899 158 6805 18515 2216 158 2690 20256 158 633 317 4115 6805 158 5064 7280 158 7121 950 1899 113149
76.0 488 2600 163 325 1138 1463 488 7963 163 6013 5038 650 1950 163 6988 19013 2275 163 2763 20801 163 650 325 4225 6988 163 5200 7475 163 7313 975 1950 116193
77.0 501 2670 167 334 1168 1502 501 8176 167 6174 5173 667 2002 167 7175 19522 2336 167 2837 21358 167 667 334 4338 7175 167 5339 7675 167 7509 1001 2002 119302
78.0 514 2741 171 343 1199 1542 514 8394 171 6338 5310 685 2056 171 7366 20042 2398 171 2912 21926 171 685 343 4454 7366 171 5482 7880 171 7708 1028 2056 122478
79.0 527 2813 176 352 1231 1582 527 8616 176 6506 5451 703 2110 176 7561 20572 2462 176 2989 22507 176 703 352 4572 7561 176 5627 8088 176 7912 1055 2110 125720
80.0 541 2887 180 361 1263 1624 541 8843 180 6677 5594 722 2166 180 7760 21114 2526 180 3068 23099 180 722 361 4692 7760 180 5775 8301 180 8121 1083 2166 129029
81.0 556 2963 185 370 1296 1667 556 9074 185 6852 5741 741 2222 185 7963 21666 2593 185 3148 23703 185 741 370 4815 7963 185 5926 8518 185 8333 1111 2222 132403
82.0 570 3040 190 380 1330 1710 570 9310 190 7030 5890 760 2280 190 8170 22229 2660 190 3230 24319 190 760 380 4940 8170 190 6080 8740 190 8550 1140 2280 135844
83.0 585 3118 195 390 1364 1754 585 9550 195 7211 6042 780 2339 195 8380 22803 2729 195 3313 24947 195 780 390 5067 8380 195 6237 8965 195 8770 1169 2339 139350
84.0 600 3198 200 400 1399 1799 600 9795 200 7396 6197 800 2399 200 8595 23387 2798 200 3398 25586 200 800 400 5197 8595 200 6396 9195 200 8995 1199 2399 142921
85.0 615 3280 205 410 1435 1845 615 10044 205 7584 6354 820 2460 205 8814 23982 2870 205 3485 26237 205 820 410 5329 8814 205 6559 9429 205 9224 1230 2460 146556
86.0 630 3362 210 420 1471 1891 630 10297 210 7775 6515 841 2522 210 9036 24587 2942 210 3573 26899 210 841 420 5464 9036 210 6725 9667 210 9457 1261 2522 150255
87.0 646 3447 215 431 1508 1939 646 10555 215 7970 6678 862 2585 215 9263 25203 3016 215 3662 27572 215 862 431 5601 9263 215 6893 9909 215 9693 1292 2585 154018
88.0 662 3532 221 442 1545 1987 662 10817 221 8168 6844 883 2649 221 9493 25829 3091 221 3753 28257 221 883 442 5740 9493 221 7064 10155 221 9934 1325 2649 157843
89.0 679 3619 226 452 1583 2036 679 11084 226 8369 7012 905 2714 226 9726 26465 3167 226 3845 28953 226 905 452 5881 9726 226 7238 10405 226 10179 1357 2714 161730
90.0 695 3708 232 463 1622 2085 695 11354 232 8574 7183 927 2781 232 9964 27111 3244 232 3939 29660 232 927 463 6025 9964 232 7415 10659 232 10427 1390 2781 165679
91.0 712 3797 237 475 1661 2136 712 11629 237 8781 7357 949 2848 237 10205 27767 3323 237 4035 30378 237 949 475 6170 10205 237 7594 10917 237 10680 1424 2848 169688
92.0 729 3888 243 486 1701 2187 729 11908 243 8992 7534 972 2916 243 10450 28433 3402 243 4131 31106 243 972 486 6318 10450 243 7777 11179 243 10936 1458 2916 173757
93.0 746 3981 249 498 1742 2239 746 12191 249 9205 7712 995 2985 249 10698 29108 3483 249 4229 31845 249 995 498 6469 10698 249 7961 11444 249 11196 1493 2985 177885
94.0 764 4074 255 509 1783 2292 764 12478 255 9422 7894 1019 3056 255 10950 29793 3565 255 4329 32594 255 1019 509 6621 10950 255 8149 11714 255 11459 1528 3056 182070
95.0 782 4169 261 521 1824 2345 782 12768 261 9641 8078 1042 3127 261 11205 30487 3648 261 4430 33354 261 1042 521 6775 11205 261 8338 11987 261 11726 1563 3127 186312
96.0 800 4265 267 533 1866 2399 800 13063 267 9864 8264 1066 3199 267 11463 31191 3732 267 4532 34123 267 1066 533 6931 11463 267 8531 12263 267 11996 1600 3199 190610
97.0 818 4363 273 545 1909 2454 818 13361 273 10089 8453 1091 3272 273 11725 31903 3817 273 4635 34902 273 1091 545 7090 11725 273 8726 12543 273 12270 1636 3272 194962
98.0 837 4461 279 558 1952 2510 837 13663 279 10317 8644 1115 3346 279 11990 32624 3904 279 4740 35691 279 1115 558 7250 11990 279 8923 12826 279 12548 1673 3346 199367
99.0 855 4561 285 570 1995 2566 855 13968 285 10547 8837 1140 3421 285 12258 33353 3991 285 4846 36489 285 1140 570 7412 12258 285 9122 13113 285 12828 1710 3421 203823
100.0 874 4662 291 583 2040 2622 874 14277 291 10781 9032 1165 3496 291 12529 34090 4079 291 4953 37295 291 1165 583 7576 12529 291 9324 13403 291 13112 1748 3496 208329
101.0 893 4764 298 595 2084 2680 893 14589 298 11016 9230 1191 3573 298 12803 34835 4168 298 5062 38110 298 1191 595 7741 12803 298 9528 13696 298 13398 1786 3573 212883
102.0 913 4867 304 608 2129 2738 913 14904 304 11254 9429 1217 3650 304 13079 35588 4258 304 5171 38934 304 1217 608 7908 13079 304 9734 13992 304 13688 1825 3650 217483
103.0 932 4971 311 621 2175 2796 932 15223 311 11495 9631 1243 3728 311 13359 36348 4349 311 5281 39766 311 1243 621 8077 13359 311 9941 14291 311 13980 1864 3728 222129
104.0 952 5076 317 634 2221 2855 952 15544 317 11737 9834 1269 3807 317 13641 37115 4441 317 5393 40605 317 1269 634 8248 13641 317 10151 14592 317 14275 1903 3807 226817
105.0 972 5181 324 648 2267 2915 972 15868 324 11982 10039 1295 3886 324 13925 37889 4534 324 5505 41451 324 1295 648 8420 13925 324 10363 14897 324 14573 1943 3886 231545
106.0 992 5288 331 661 2314 2975 992 16195 331 12229 10246 1322 3966 331 14212 38669 4627 331 5619 42305 331 1322 661 8593 14212 331 10576 15203 331 14873 1983 3966 236313
107.0 1012 5396 337 674 2361 3035 1012 16524 337 12477 10454 1349 4047 337 14501 39455 4721 337 5733 43165 337 1349 674 8768 14501 337 10791 15512 337 15175 2023 4047 241116
108.0 1032 5504 344 688 2408 3096 1032 16856 344 12728 10664 1376 4128 344 14792 40247 4816 344 5848 44031 344 1376 688 8944 14792 344 11008 15824 344 15480 2064 4128 245954
109.0 1052 5613 351 702 2456 3157 1052 17189 351 12980 10875 1403 4210 351 15084 41044 4911 351 5964 44903 351 1403 702 9121 15084 351 11226 16137 351 15786 2105 4210 250823
110.0 1073 5722 358 715 2504 3219 1073 17525 358 13233 11087 1431 4292 358 15379 41845 5007 358 6080 45779 358 1431 715 9299 15379 358 11445 16452 358 16094 2146 4292 255721
111.0 1094 5833 365 729 2552 3281 1094 17862 365 13488 11301 1458 4374 365 15675 42651 5104 365 6197 46661 365 1458 729 9478 15675 365 11665 16769 365 16404 2187 4374 260645
112.0 1114 5943 371 743 2600 3343 1114 18201 371 13744 11515 1486 4457 371 15973 43461 5200 371 6315 47547 371 1486 743 9658 15973 371 11887 17087 371 16716 2229 4457 265593
113.0 1135 6055 378 757 2649 3406 1135 18542 378 14001 11731 1514 4541 378 16272 44274 5298 378 6433 48436 378 1514 757 9839 16272 378 12109 17407 378 17028 2270 4541 270561
114.0 1156 6166 385 771 2698 3468 1156 18884 385 14259 11947 1542 4625 385 16571 45090 5395 385 6551 49329 385 1542 771 10020 16571 385 12332 17728 385 17342 2312 4625 275547
115.0 1177 6278 392 785 2747 3531 1177 19226 392 14518 12164 1569 4708 392 16872 45908 5493 392 6670 50224 392 1569 785 10202 16872 392 12556 18049 392 17657 2354 4708 280548
116.0 1198 6390 399 799 2796 3594 1198 19570 399 14777 12381 1598 4793 399 17174 46728 5591 399 6790 51121 399 1598 799 10384 17174 399 12780 18372 399 17972 2396 4793 285560
117.0 1219 6503 406 813 2845 3658 1219 19914 406 15037 12599 1626 4877 406 17475 47550 5690 406 6909 52020 406 1626 813 10567 17475 406 13005 18695 406 18288 2438 4877 290581
118.0 1240 6615 413 827 2894 3721 1240 20258 413 15297 12816 1654 4961 413 17778 48372 5788 413 7028 52920 413 1654 827 10749 17778 413 13230 19018 413 18605 2481 4961 295606
119.0 1261 6727 420 841 2943 3784 1261 20603 420 15557 13034 1682 5046 420 18080 49194 5887 420 7148 53820 420 1682 841 10932 18080 420 13455 19341 420 18921 2523 5046 300633
120.0 1282 6840 427 855 2992 3847 1282 20947 427 15817 13252 1710 5130 427 18382 50017 5985 427 7267 54719 427 1710 855 11115 18382 427 13680 19665 427 19237 2565 5130 305658
121.0 1304 6952 435 869 3042 3911 1304 21291 435 16077 13470 1738 5214 435 18684 50838 6083 435 7387 55618 435 1738 869 11297 18684 435 13904 19988 435 19553 2607 5214 310677
122.0 1325 7064 442 883 3091 3974 1325 21634 442 16336 13687 1766 5298 442 18985 51658 6181 442 7506 56515 442 1766 883 11480 18985 442 14129 20310 442 19868 2649 5298 315687
123.0 1346 7176 449 897 3140 4037 1346 21977 449 16595 13904 1794 5382 449 19286 52475 6279 449 7625 57409 449 1794 897 11661 19286 449 14352 20631 449 20183 2691 5382 320683
124.0 1366 7288 455 911 3188 4099 1366 22318 455 16852 14120 1822 5466 455 19585 53290 6377 455 7743 58301 455 1822 911 11842 19585 455 14575 20952 455 20496 2733 5466 325663
125.0 1387 7399 462 925 3237 4162 1387 22658 462 17109 14335 1850 5549 462 19884 54102 6474 462 7861 59188 462 1850 925 12023 19884 462 14797 21271 462 20808 2774 5549 330622
126.0 1408 7509 469 939 3285 4224 1408 22996 469 17364 14549 1877 5632 469 20180 54909 6570 469 7978 60072 469 1877 939 12202 20180 469 15018 21588 469 21119 2816 5632 335556
127.0 1429 7619 476 952 3333 4286 1429 23332 476 17618 14761 1905 5714 476 20475 55712 6666 476 8095 60950 476 1905 952 12380 20475 476 15237 21904 476 21428 2857 5714 340462
128.0 1449 7728 483 966 3381 4347 1449 23666 483 17870 14973 1932 5796 483 20768 56509 6762 483 8211 61822 483 1932 966 12558 20768 483 15456 22217 483 21734 2898 5796 345334
129.0 1469 7836 490 979 3428 4408 1469 23998 490 18121 15182 1959 5877 490 21059 57301 6856 490 8326 62688 490 1959 979 12733 21059 490 15672 22528 490 22039 2938 5877 350170
130.0 1489 7943 496 993 3475 4468 1489 24326 496 18369 15390 1986 5957 496 21348 58085 6950 496 8440 63546 496 1986 993 12908 21348 496 15887 22837 496 22340 2979 5957 354965
131.0 1509 8050 503 1006 3522 4528 1509 24652 503 18615 15596 2012 6037 503 21633 58862 7043 503 8553 64396 503 2012 1006 13081 21633 503 16099 23142 503 22639 3019 6037 359714
132.0 1529 8155 510 1019 3568 4587 1529 24974 510 18858 15800 2039 6116 510 21916 59631 7135 510 8664 65238 510 2039 1019 13251 21916 510 16309 23445 510 22935 3058 6116 364414
133.0 1549 8259 516 1032 3613 4646 1549 25292 516 19098 16001 2065 6194 516 22195 60392 7226 516 8775 66069 516 2065 1032 13420 22195 516 16517 23744 516 23228 3097 6194 369060
134.0 1568 8361 523 1045 3658 4703 1568 25607 523 19336 16200 2090 6271 523 22471 61142 7316 523 8884 66891 523 2090 1045 13587 22471 523 16723 24039 523 23516 3136 6271 373648
135.0 1587 8463 529 1058 3702 4760 1587 25917 529 19570 16396 2116 6347 529 22743 61883 7405 529 8992 67701 529 2116 1058 13752 22743 529 16925 24330 529 23801 3173 6347 378174
136.0 1605 8562 535 1070 3746 4816 1605 26222 535 19801 16590 2141 6422 535 23012 62613 7492 535 9098 68499 535 2141 1070 13914 23012 535 17125 24617 535 24082 3211 6422 382634
137.0 1624 8661 541 1083 3789 4872 1624 26523 541 20028 16780 2165 6495 541 23275 63331 7578 541 9202 69285 541 2165 1083 14074 23275 541 17321 24899 541 24358 3248 6495 387023
138.0 1642 8757 547 1095 3831 4926 1642 26819 547 20251 16967 2189 6568 547 23535 64037 7663 547 9305 70058 547 2189 1095 14230 23535 547 17514 25177 547 24630 3284 6568 391337
139.0 1660 8852 553 1106 3873 4979 1660 27109 553 20470 17151 2213 6639 553 23790 64730 7745 553 9405 70816 553 2213 1106 14384 23790 553 17704 25449 553 24896 3319 6639 395572
140.0 1677 8945 559 1118 3913 5031 1677 27394 559 20685 17331 2236 6709 559 24039 65409 7827 559 9504 71559 559 2236 1118 14535 24039 559 17890 25716 559 25157 3354 6709 399723
141.0 1694 9036 565 1129 3953 5083 1694 27672 565 20895 17507 2259 6777 565 24284 66074 7906 565 9601 72286 565 2259 1129 14683 24284 565 18072 25978 565 25413 3388 6777 403787
142.0 1711 9125 570 1141 3992 5133 1711 27944 570 21101 17679 2281 6844 570 24523 66724 7984 570 9695 72998 570 2281 1141 14828 24523 570 18249 26234 570 25663 3422 6844 407760
143.0 1727 9211 576 1151 4030 5181 1727 28210 576 21301 17847 2303 6909 576 24756 67359 8060 576 9787 73692 576 2303 1151 14969 24756 576 18423 26483 576 25907 3454 6909 411637
144.0 1743 9296 581 1162 4067 5229 1743 28469 581 21497 18011 2324 6972 581 24983 67977 8134 581 9877 74368 581 2324 1162 15106 24983 581 18592 26726 581 26145 3486 6972 415414
145.0 1758 9378 586 1172 4103 5275 1758 28721 586 21687 18170 2345 7034 586 25204 68578 8206 586 9964 75026 586 2345 1172 15240 25204 586 18756 26962 586 26376 3517 7034 419088
146.0 1773 9458 591 1182 4138 5320 1773 28965 591 21872 18325 2365 7094 591 25418 69162 8276 591 10049 75664 591 2365 1182 15369 25418 591 18916 27192 591 26601 3547 7094 422655
147.0 1788 9535 596 1192 4172 5364 1788 29202 596 22050 18475 2384 7152 596 25626 69727 8343 596 10131 76283 596 2384 1192 15495 25626 596 19071 27414 596 26818 3576 7152 426111
148.0 1802 9610 601 1201 4204 5406 1802 29431 601 22223 18620 2403 7208 601 25827 70274 8409 601 10211 76881 601 2403 1201 15616 25827 601 19220 27629 601 27028 3604 7208 429451
149.0 1815 9682 605 1210 4236 5446 1815 29652 605 22390 18759 2421 7262 605 26021 70801 8472 605 10287 77458 605 2421 1210 15734 26021 605 19364 27836 605 27231 3631 7262 432674
150.0 1828 9752 609 1219 4266 5485 1828 29864 609 22551 18894 2438 7314 609 26207 71309 8533 609 10361 78013 609 2438 1219 15846 26207 609 19503 28036 609 27426 3657 7314 435775
151.0 1841 9818 614 1227 4295 5523 1841 30068 614 22705 19023 2455 7364 614 26386 71795 8591 614 10432 78545 614 2455 1227 15955 26386 614 19636 28227 614 27614 3682 7364 438750
152.0 1853 9882 618 1235 4323 5559 1853 30263 618 22852 19146 2470 7411 618 26558 72261 8647 618 10500 79055 618 2470 1235 16058 26558 618 19764 28410 618 27793 3706 7411 441598
153.0 1864 9943 621 1243 4350 5593 1864 30449 621 22992 19264 2486 7457 621 26721 72706 8700 621 10564 79541 621 2486 1243 16157 26721 621 19885 28585 621 27964 3729 7457 444313
154.0 1875 10000 625 1250 4375 5625 1875 30626 625 23126 19376 2500 7500 625 26876 73128 8750 625 10625 80004 625 2500 1250 16251 26876 625 20001 28751 625 28126 3750 7500 446895
155.0 1885 10055 628 1257 4399 5656 1885 30794 628 23253 19482 2514 7541 628 27023 73528 8798 628 10684 80441 628 2514 1257 16340 27023 628 20110 28909 628 28280 3771 7541 449339
156.0 1895 10107 632 1263 4422 5685 1895 30952 632 23372 19582 2527 7580 632 27162 73905 8843 632 10738 80854 632 2527 1263 16423 27162 632 20213 29057 632 28425 3790 7580 451644
157.0 1904 10155 635 1269 4443 5712 1904 31100 635 23484 19675 2539 7616 635 27292 74259 8886 635 10790 81241 635 2539 1269 16502 27292 635 20310 29196 635 28561 3808 7616 453806
158.0 1913 10200 638 1275 4463 5738 1913 31238 638 23588 19763 2550 7650 638 27413 74589 8925 638 10838 81602 638 2550 1275 16575 27413 638 20400 29326 638 28688 3825 7650 455823
159.0 1920 10242 640 1280 4481 5761 1920 31366 640 23685 19844 2561 7682 640 27526 74895 8962 640 10882 81937 640 2561 1280 16643 27526 640 20484 29446 640 28806 3841 7682 457693
160.0 1928 10281 643 1285 4498 5783 1928 31484 643 23774 19919 2570 7710 643 27629 75177 8996 643 10923 82245 643 2570 1285 16706 27629 643 20561 29557 643 28914 3855 7710 459415
161.0 1934 10316 645 1289 4513 5803 1934 31592 645 23855 19987 2579 7737 645 27724 75434 9026 645 10960 82526 645 2579 1289 16763 27724 645 20632 29658 645 29013 3868 7737 460985
162.0 1940 10347 647 1293 4527 5820 1940 31689 647 23929 20048 2587 7761 647 27809 75666 9054 647 10994 82780 647 2587 1293 16815 27809 647 20695 29749 647 29102 3880 7761 462403
163.0 1945 10376 648 1297 4539 5836 1945 31776 648 23994 20103 2594 7782 648 27885 75873 9079 648 11024 83006 648 2594 1297 16861 27885 648 20752 29830 648 29182 3891 7782 463667
164.0 1950 10401 650 1300 4550 5850 1950 31852 650 24051 20151 2600 7800 650 27952 76054 9101 650 11051 83205 650 2600 1300 16901 27952 650 20801 29902 650 29252 3900 7800 464776
165.0 1954 10422 651 1303 4560 5862 1954 31917 651 24101 20192 2605 7816 651 28009 76210 9119 651 11073 83375 651 2605 1303 16936 28009 651 20844 29963 651 29312 3908 7816 465728
166.0 1957 10440 652 1305 4567 5872 1957 31972 652 24142 20227 2610 7830 652 28057 76340 9135 652 11092 83517 652 2610 1305 16964 28057 652 20879 30014 652 29362 3915 7830 466523
167.0 1960 10454 653 1307 4574 5880 1960 32015 653 24175 20254 2613 7840 653 28095 76444 9147 653 11107 83631 653 2613 1307 16988 28095 653 20908 30055 653 29402 3920 7840 467160
168.0 1962 10465 654 1308 4578 5886 1962 32048 654 24199 20275 2616 7848 654 28124 76523 9157 654 11119 83717 654 2616 1308 17005 28124 654 20929 30086 654 29432 3924 7848 467638
169.0 1963 10472 654 1309 4581 5890 1963 32070 654 24216 20289 2618 7854 654 28143 76575 9163 654 11126 83774 654 2618 1309 17017 28143 654 20944 30106 654 29452 3927 7854 467957
170.0 1964 10475 655 1309 4583 5892 1964 32081 655 24224 20296 2619 7857 655 28153 76601 9166 655 11130 83803 655 2619 1309 17022 28153 655 20951 30117 655 29462 3928 7857 468117
171.0 1964 10475 655 1309 4583 5892 1964 32081 655 24224 20296 2619 7857 655 28153 76601 9166 655 11130 83803 655 2619 1309 17022 28153 655 20951 30117 655 29462 3928 7857 468118
172.0 1963 10472 654 1309 4581 5890 1963 32070 654 24216 20289 2618 7854 654 28143 76575 9163 654 11126 83775 654 2618 1309 17017 28143 654 20944 30107 654 29452 3927 7854 467960
173.0 1962 10465 654 1308 4578 5886 1962 32048 654 24200 20275 2616 7849 654 28124 76523 9157 654 11119 83718 654 2616 1308 17005 28124 654 20929 30086 654 29432 3924 7849 467643
174.0 1960 10454 653 1307 4574 5880 1960 32016 653 24175 20255 2614 7841 653 28095 76446 9147 653 11108 83633 653 2614 1307 16988 28095 653 20908 30056 653 29402 3920 7841 467169
175.0 1957 10440 652 1305 4567 5872 1957 31972 652 24142 20227 2610 7830 652 28057 76342 9135 652 11092 83520 652 2610 1305 16965 28057 652 20880 30015 652 29362 3915 7830 466537
176.0 1954 10422 651 1303 4560 5863 1954 31918 651 24102 20193 2606 7817 651 28010 76214 9120 651 11074 83379 651 2606 1303 16936 28010 651 20845 29964 651 29313 3908 7817 465749
177.0 1950 10401 650 1300 4551 5851 1950 31854 650 24053 20152 2600 7801 650 27953 76059 9101 650 11051 83210 650 2600 1300 16902 27953 650 20803 29904 650 29254 3900 7801 464807
178.0 1946 10377 649 1297 4540 5837 1946 31779 649 23996 20105 2594 7783 649 27887 75880 9080 649 11025 83014 649 2594 1297 16862 27887 649 20753 29833 649 29185 3891 7783 463710
179.0 1940 10349 647 1294 4528 5821 1940 31693 647 23932 20051 2587 7762 647 27812 75676 9055 647 10996 82790 647 2587 1294 16817 27812 647 20698 29753 647 29106 3881 7762 462462
180.0 1935 10318 645 1290 4514 5804 1935 31597 645 23859 19990 2579 7738 645 27728 75447 9028 645 10962 82540 645 2579 1290 16766 27728 645 20635 29663 645 29018 3869 7738 461064
181.0 1928 10283 643 1285 4499 5784 1928 31491 643 23779 19923 2571 7712 643 27635 75194 8998 643 10926 82263 643 2571 1285 16710 27635 643 20566 29563 643 28921 3856 7712 459517
182.0 1921 10245 640 1281 4482 5763 1921 31375 640 23692 19850 2561 7684 640 27533 74917 8964 640 10885 81960 640 2561 1281 16648 27533 640 20490 29454 640 28814 3842 7684 457824
183.0 1913 10204 638 1275 4464 5740 1913 31249 638 23596 19770 2551 7653 638 27423 74616 8928 638 10842 81631 638 2551 1275 16581 27423 638 20408 29336 638 28698 3826 7653 455986
184.0 1905 10160 635 1270 4445 5715 1905 31114 635 23494 19684 2540 7620 635 27304 74292 8890 635 10795 81277 635 2540 1270 16509 27304 635 20319 29209 635 28574 3810 7620 454007
185.0 1896 10112 632 1264 4424 5688 1896 30969 632 23384 19592 2528 7584 632 27177 73945 8848 632 10744 80898 632 2528 1264 16432 27177 632 20224 29073 632 28441 3792 7584 451888
186.0 1887 10062 629 1258 4402 5660 1887 30814 629 23268 19495 2515 7546 629 27041 73576 8804 629 10691 80494 629 2515 1258 16350 27041 629 20123 28927 629 28299 3773 7546 449633
187.0 1877 10008 626 1251 4379 5630 1877 30650 626 23144 19391 2502 7506 626 26897 73185 8757 626 10634 80066 626 2502 1251 16263 26897 626 20017 28774 626 28148 3753 7506 447245
188.0 1866 9952 622 1244 4354 5598 1866 30478 622 23014 19282 2488 7464 622 26746 72773 8708 622 10574 79615 622 2488 1244 16172 26746 622 19904 28612 622 27990 3732 7464 444725
189.0 1855 9893 618 1237 4328 5565 1855 30296 618 22877 19167 2473 7419 618 26586 72340 8656 618 10511 79141 618 2473 1237 16076 26586 618 19785 28441 618 27823 3710 7419 442078
190.0 1843 9831 614 1229 4301 5530 1843 30106 614 22733 19047 2458 7373 614 26420 71886 8602 614 10445 78645 614 2458 1229 15975 26420 614 19661 28263 614 27649 3686 7373 439305
191.0 1831 9766 610 1221 4273 5493 1831 29908 610 22584 18921 2441 7324 610 26246 71413 8545 610 10376 78127 610 2441 1221 15870 26246 610 19532 28077 610 27466 3662 7324 436412
192.0 1818 9698 606 1212 4243 5455 1818 29702 606 22428 18791 2425 7274 606 26065 70920 8486 606 10305 77588 606 2425 1212 15760 26065 606 19397 27883 606 27277 3637 7274 433401
193.0 1805 9629 602 1204 4212 5416 1805 29487 602 22266 18655 2407 7221 602 25877 70409 8425 602 10230 77028 602 2407 1204 15646 25877 602 19257 27682 602 27080 3611 7221 430275
194.0 1792 9556 597 1195 4181 5375 1792 29266 597 22098 18515 2389 7167 597 25682 69879 8362 597 10153 76449 597 2389 1195 15529 25682 597 19112 27474 597 26877 3584 7167 427038
195.0 1778 9481 593 1185 4148 5333 1778 29036 593 21925 18370 2370 7111 593 25481 69332 8296 593 10074 75850 593 2370 1185 15407 25481 593 18963 27259 593 26666 3555 7111 423695
196.0 1763 9404 588 1176 4114 5290 1763 28800 588 21747 18221 2351 7053 588 25274 68768 8229 588 9992 75233 588 2351 1176 15282 25274 588 18808 27037 588 26449 3527 7053 420247
197.0 1748 9325 583 1166 4080 5245 1748 28557 583 21564 18067 2331 6994 583 25060 68187 8159 583 9908 74598 583 2331 1166 15153 25060 583 18650 26809 583 26226 3497 6994 416701
198.0 1733 9243 578 1155 4044 5199 1733 28307 578 21375 17909 2311 6932 578 24841 67591 8088 578 9821 73946 578 2311 1155 15020 24841 578 18487 26574 578 25997 3466 6932 413058
199.0 1717 9160 572 1145 4007 5152 1717 28052 572 21182 17747 2290 6870 572 24617 66980 8015 572 9732 73277 572 2290 1145 14884 24617 572 18319 26334 572 25762 3435 6870 409323
200.0 1701 9074 567 1134 3970 5104 1701 27790 567 20984 17581 2269 6806 567 24387 66355 7940 567 9641 72593 567 2269 1134 14745 24387 567 18148 26088 567 25521 3403 6806 405501
201.0 1685 8987 562 1123 3932 5055 1685 27522 562 20782 17412 2247 6740 562 24152 65715 7863 562 9548 71894 562 2247 1123 14603 24152 562 17973 25837 562 25275 3370 6740 401594
202.0 1668 8898 556 1112 3893 5005 1668 27249 556 20575 17239 2224 6673 556 23912 65063 7785 556 9454 71180 556 2224 1112 14458 23912 556 17795 25580 556 25024 3337 6673 397608
203.0 1651 8807 550 1101 3853 4954 1651 26970 550 20365 17063 2202 6605 550 23668 64398 7706 550 9357 70453 550 2202 1101 14311 23668 550 17613 25319 550 24769 3302 6605 393545
204.0 1634 8714 545 1089 3812 4902 1634 26687 545 20151 16884 2179 6536 545 23419 63722 7625 545 9259 69713 545 2179 1089 14160 23419 545 17428 25053 545 24508 3268 6536 389411
205.0 1616 8620 539 1078 3771 4849 1616 26399 539 19934 16701 2155 6465 539 23166 63034 7543 539 9159 68960 539 2155 1078 14008 23166 539 17240 24783 539 24244 3233 6465 385209
206.0 1598 8525 533 1066 3730 4795 1598 26107 533 19713 16516 2131 6393 533 22910 62336 7459 533 9057 68197 533 2131 1066 13852 22910 533 17049 24508 533 23975 3197 6393 380943
207.0 1580 8428 527 1053 3687 4741 1580 25810 527 19489 16329 2107 6321 527 22650 61628 7374 527 8955 67422 527 2107 1053 13695 22650 527 16856 24230 527 23703 3160 6321 376617
208.0 1562 8330 521 1041 3644 4685 1562 25510 521 19263 16139 2082 6247 521 22386 60911 7289 521 8850 66638 521 2082 1041 13536 22386 521 16660 23948 521 23427 3124 6247 372236
209.0 1543 8231 514 1029 3601 4630 1543 25206 514 19033 15947 2058 6173 514 22120 60186 7202 514 8745 65845 514 2058 1029 13375 22120 514 16461 23663 514 23148 3086 6173 367803
210.0 1524 8130 508 1016 3557 4573 1524 24899 508 18801 15752 2033 6098 508 21850 59453 7114 508 8638 65042 508 2033 1016 13212 21850 508 16261 23375 508 22866 3049 6098 363323
211.0 1505 8029 502 1004 3513 4516 1505 24589 502 18567 15556 2007 6022 502 21578 58713 7025 502 8531 64232 502 2007 1004 13047 21578 502 16058 23084 502 22582 3011 6022 358799
212.0 1486 7927 495 991 3468 4459 1486 24276 495 18331 15358 1982 5945 495 21304 57966 6936 495 8422 63415 495 1982 991 12881 21304 495 15854 22790 495 22294 2973 5945 354235
213.0 1467 7824 489 978 3423 4401 1467 23961 489 18093 15159 1956 5868 489 21027 57213 6846 489 8313 62592 489 1956 978 12714 21027 489 15648 22494 489 22005 2934 5868 349635
214.0 1448 7720 483 965 3378 4343 1448 23644 483 17853 14958 1930 5790 483 20748 56455 6755 483 8203 61763 483 1930 965 12546 20748 483 15441 22196 483 21713 2895 5790 345003
215.0 1428 7616 476 952 3332 4284 1428 23324 476 17612 14756 1904 5712 476 20468 55692 6664 476 8092 60928 476 1904 952 12376 20468 476 15232 21896 476 21420 2856 5712 340342
216.0 1408 7511 469 939 3286 4225 1408 23003 469 17370 14553 1878 5633 469 20186 54926 6572 469 7981 60090 469 1878 939 12206 20186 469 15022 21595 469 21125 2817 5633 335657
217.0 1389 7406 463 926 3240 4166 1389 22681 463 17126 14349 1851 5554 463 19903 54156 6480 463 7869 59247 463 1851 926 12035 19903 463 14812 21292 463 20829 2777 5554 330951
218.0 1369 7300 456 913 3194 4106 1369 22357 456 16882 14144 1825 5475 456 19619 53383 6388 456 7756 58402 456 1825 913 11863 19619 456 14600 20988 456 20532 2738 5475 326228
219.0 1349 7194 450 899 3147 4047 1349 22032 450 16637 13939 1799 5396 450 19334 52608 6295 450 7644 57554 450 1799 899 11691 19334 450 14388 20683 450 20234 2698 5396 321491
220.0 1329 7088 443 886 3101 3987 1329 21707 443 16391 13733 1772 5316 443 19049 51831 6202 443 7531 56704 443 1772 886 11518 19049 443 14176 20378 443 19935 2658 5316 316743
221.0 1309 6982 436 873 3054 3927 1309 21381 436 16145 13527 1745 5236 436 18763 51053 6109 436 7418 55852 436 1745 873 11345 18763 436 13963 20072 436 19636 2618 5236 311989
222.0 1289 6875 430 859 3008 3867 1289 21055 430 15899 13320 1719 5156 430 18477 50274 6016 430 7305 55001 430 1719 859 11172 18477 430 13750 19766 430 19336 2578 5156 307230
223.0 1269 6769 423 846 2961 3807 1269 20729 423 15652 13114 1692 5076 423 18191 49495 5923 423 7192 54149 423 1692 846 10999 18191 423 13537 19460 423 19037 2538 5076 302471
224.0 1249 6662 416 833 2915 3747 1249 20403 416 15406 12908 1666 4997 416 17905 48717 5829 416 7079 53297 416 1666 833 10826 17905 416 13324 19154 416 18737 2498 4997 297714
225.0 1229 6556 410 819 2868 3688 1229 20077 410 15160 12702 1639 4917 410 17619 47939 5736 410 6966 52447 410 1639 819 10653 17619 410 13112 18848 410 18438 2458 4917 292963
226.0 1209 6450 403 806 2822 3628 1209 19752 403 14915 12496 1612 4837 403 17334 47163 5643 403 6853 51598 403 1612 806 10481 17334 403 12899 18543 403 18140 2419 4837 288221
227.0 1189 6344 396 793 2775 3568 1189 19428 396 14670 12291 1586 4758 396 17049 46389 5551 396 6740 50751 396 1586 793 10309 17049 396 12688 18239 396 17842 2379 4758 283490
228.0 1170 6238 390 780 2729 3509 1170 19105 390 14426 12087 1560 4679 390 16765 45617 5458 390 6628 49906 390 1560 780 10137 16765 390 12477 17935 390 17545 2339 4679 278773
229.0 1150 6133 383 767 2683 3450 1150 18783 383 14183 11883 1533 4600 383 16483 44848 5366 383 6516 49065 383 1533 767 9966 16483 383 12266 17633 383 17249 2300 4600 274072
230.0 1130 6028 377 754 2637 3391 1130 18462 377 13941 11680 1507 4521 377 16201 44082 5275 377 6405 48227 377 1507 754 9796 16201 377 12057 17331 377 16955 2261 4521 269391
231.0 1111 5924 370 741 2592 3332 1111 18142 370 13699 11478 1481 4443 370 15921 43320 5184 370 6294 47393 370 1481 741 9627 15921 370 11848 17032 370 16661 2222 4443 264732
232.0 1091 5820 364 728 2546 3274 1091 17825 364 13460 11277 1455 4365 364 15642 42561 5093 364 6184 46563 364 1455 728 9458 15642 364 11641 16734 364 16370 2183 4365 260097
233.0 1072 5717 357 715 2501 3216 1072 17509 357 13221 11077 1429 4288 357 15365 41807 5003 357 6075 45738 357 1429 715 9290 15365 357 11434 16437 357 16080 2144 4288 255488
234.0 1053 5615 351 702 2456 3158 1053 17195 351 12984 10879 1404 4211 351 15090 41058 4913 351 5966 44918 351 1404 702 9124 15090 351 11229 16142 351 15791 2106 4211 250908
235.0 1034 5513 345 689 2412 3101 1034 16883 345 12749 10681 1378 4135 345 14816 40313 4824 345 5857 44103 345 1378 689 8958 14816 345 11026 15850 345 15505 2067 4135 246359
236.0 1015 5412 338 676 2368 3044 1015 16574 338 12515 10485 1353 4059 338 14544 39574 4735 338 5750 43295 338 1353 676 8794 14544 338 10824 15559 338 15221 2029 4059 241842
237.0 996 5312 332 664 2324 2988 996 16267 332 12283 10291 1328 3984 332 14275 38841 4648 332 5644 42492 332 1328 664 8631 14275 332 10623 15271 332 14939 1992 3984 237360
238.0 977 5212 326 652 2280 2932 977 15962 326 12053 10098 1303 3909 326 14007 38113 4561 326 5538 41696 326 1303 652 8470 14007 326 10424 14985 326 14659 1955 3909 232914
239.0 959 5113 320 639 2237 2876 959 15660 320 11825 9907 1278 3835 320 13742 37392 4474 320 5433 40907 320 1278 639 8309 13742 320 10227 14701 320 14381 1918 3835 228506
240.0 940 5016 313 627 2194 2821 940 15360 313 11599 9718 1254 3762 313 13480 36677 4389 313 5329 40125 313 1254 627 8150 13480 313 10031 14420 313 14107 1881 3762 224138
241.0 922 4919 307 615 2152 2767 922 15064 307 11375 9530 1230 3689 307 13219 35969 4304 307 5226 39351 307 1230 615 7993 13219 307 9838 14142 307 13834 1845 3689 219811
242.0 904 4823 301 603 2110 2713 904 14770 301 11153 9345 1206 3617 301 12962 35268 4220 301 5124 38584 301 1206 603 7837 12962 301 9646 13866 301 13565 1809 3617 215526
243.0 887 4728 296 591 2069 2660 887 14480 296 10934 9161 1182 3546 296 12707 34574 4137 296 5024 37825 296 1182 591 7683 12707 296 9456 13593 296 13298 1773 3546 211286
244.0 869 4634 290 579 2027 2607 869 14192 290 10717 8979 1159 3476 290 12454 33888 4055 290 4924 37074 290 1159 579 7531 12454 290 9268 13323 290 13034 1738 3476 207091
245.0 852 4541 284 568 1987 2555 852 13908 284 10502 8799 1135 3406 284 12205 33209 3974 284 4825 36331 284 1135 568 7380 12205 284 9083 13056 284 12773 1703 3406 202942
246.0 834 4450 278 556 1947 2503 834 13627 278 10290 8621 1112 3337 278 11958 32538 3893 278 4728 35597 278 1112 556 7231 11958 278 8899 12793 278 12514 1669 3337 198841
247.0 817 4359 272 545 1907 2452 817 13349 272 10080 8445 1090 3269 272 11715 31874 3814 272 4631 34871 272 1090 545 7083 11715 272 8718 12532 272 12259 1635 3269 194788
248.0 800 4269 267 534 1868 2401 800 13075 267 9873 8272 1067 3202 267 11474 31219 3736 267 4536 34154 267 1067 534 6938 11474 267 8539 12274 267 12007 1601 3202 190784
249.0 784 4181 261 523 1829 2352 784 12804 261 9668 8100 1045 3136 261 11236 30572 3658 261 4442 33447 261 1045 523 6794 11236 261 8362 12020 261 11759 1568 3136 186831
250.0 768 4094 256 512 1791 2303 768 12536 256 9466 7931 1023 3070 256 11001 29934 3582 256 4349 32748 256 1023 512 6652 11001 256 8187 11769 256 11513 1535 3070 182929
251.0 751 4007 250 501 1753 2254 751 12273 250 9267 7764 1002 3006 250 10770 29304 3506 250 4258 32059 250 1002 501 6512 10770 250 8015 11521 250 11271 1503 3006 179078
252.0 735 3922 245 490 1716 2206 735 12012 245 9070 7600 981 2942 245 10541 28682 3432 245 4167 31379 245 981 490 6374 10541 245 7845 11277 245 11032 1471 2942 175280
253.0 720 3839 240 480 1679 2159 720 11756 240 8877 7437 960 2879 240 10316 28069 3359 240 4078 30708 240 960 480 6238 10316 240 7677 11036 240 10796 1439 2879 171535
254.0 704 3756 235 469 1643 2113 704 11503 235 8686 7277 939 2817 235 10094 27465 3286 235 3991 30047 235 939 469 6103 10094 235 7512 10798 235 10564 1408 2817 167843
255.0 689 3675 230 459 1608 2067 689 11253 230 8497 7119 919 2756 230 9875 26870 3215 230 3904 29396 230 919 459 5971 9875 230 7349 10564 230 10335 1378 2756 164204
256.0 674 3594 225 449 1573 2022 674 11008 225 8312 6964 899 2696 225 9660 26283 3145 225 3819 28754 225 899 449 5841 9660 225 7189 10334 225 10109 1348 2696 160620
257.0 659 3515 220 439 1538 1977 659 10766 220 8129 6811 879 2636 220 9447 25706 3076 220 3735 28122 220 879 439 5712 9447 220 7031 10106 220 9887 1318 2636 157090
258.0 645 3438 215 430 1504 1934 645 10527 215 7949 6660 859 2578 215 9238 25137 3008 215 3652 27500 215 859 430 5586 9238 215 6875 9883 215 9668 1289 2578 153615
259.0 630 3361 210 420 1470 1891 630 10293 210 7772 6512 840 2521 210 9033 24577 2941 210 3571 26888 210 840 420 5462 9033 210 6722 9663 210 9453 1260 2521 150194
260.0 616 3286 205 411 1437 1848 616 10062 205 7598 6366 821 2464 205 8830 24026 2875 205 3491 26285 205 821 411 5339 8830 205 6571 9446 205 9241 1232 2464 146829
261.0 602 3212 201 401 1405 1807 602 9835 201 7427 6222 803 2409 201 8631 23485 2810 201 3412 25693 201 803 401 5219 8631 201 6423 9233 201 9033 1204 2409 143518
262.0 589 3139 196 392 1373 1766 589 9612 196 7258 6081 785 2354 196 8435 22952 2746 196 3335 25110 196 785 392 5100 8435 196 6277 9024 196 8828 1177 2354 140262
263.0 575 3067 192 383 1342 1725 575 9393 192 7093 5943 767 2300 192 8243 22428 2684 192 3259 24537 192 767 383 4984 8243 192 6134 8818 192 8626 1150 2300 137061
264.0 562 2997 187 375 1311 1686 562 9177 187 6930 5806 749 2248 187 8054 21913 2622 187 3184 23974 187 749 375 4870 8054 187 5993 8616 187 8428 1124 2248 133915
265.0 549 2928 183 366 1281 1647 549 8966 183 6770 5672 732 2196 183 7868 21408 2562 183 3111 23420 183 732 366 4757 7868 183 5855 8417 183 8234 1098 2196 130824
266.0 536 2860 179 357 1251 1609 536 8757 179 6613 5540 715 2145 179 7685 20911 2502 179 3038 22877 179 715 357 4647 7685 179 5719 8221 179 8043 1072 2145 127788
267.0 524 2793 175 349 1222 1571 524 8553 175 6458 5411 698 2095 175 7506 20423 2444 175 2967 22343 175 698 349 4538 7506 175 5586 8029 175 7855 1047 2095 124805
268.0 511 2727 170 341 1193 1534 511 8352 170 6307 5284 682 2045 170 7330 19944 2386 170 2898 21819 170 682 341 4432 7330 170 5455 7841 170 7671 1023 2045 121877
269.0 499 2663 166 333 1165 1498 499 8155 166 6158 5160 666 1997 166 7157 19473 2330 166 2829 21304 166 666 333 4327 7157 166 5326 7656 166 7490 999 1997 119003
270.0 487 2600 162 325 1137 1462 487 7962 162 6012 5037 650 1950 162 6987 19012 2275 162 2762 20799 162 650 325 4225 6987 162 5200 7475 162 7312 975 1950 116182
271.0 476 2538 159 317 1110 1428 476 7772 159 5869 4917 634 1903 159 6821 18559 2221 159 2697 20303 159 634 317 4124 6821 159 5076 7297 159 7138 952 1903 113414
272.0 464 2477 155 310 1084 1393 464 7586 155 5728 4800 619 1858 155 6657 18114 2168 155 2632 19817 155 619 310 4025 6657 155 4954 7122 155 6967 929 1858 110699
273.0 453 2418 151 302 1058 1360 453 7404 151 5591 4684 604 1813 151 6497 17679 2115 151 2569 19341 151 604 302 3929 6497 151 4835 6951 151 6799 907 1813 108036
274.0 442 2359 147 295 1032 1327 442 7225 147 5456 4571 590 1769 147 6340 17251 2064 147 2507 18873 147 590 295 3834 6340 147 4718 6783 147 6635 885 1769 105425
275.0 432 2302 144 288 1007 1295 432 7050 144 5323 4460 575 1726 144 6186 16833 2014 144 2446 18415 144 575 288 3741 6186 144 4604 6618 144 6474 863 1726 102866
276.0 421 2246 140 281 983 1263 421 6878 140 5193 4351 561 1684 140 6036 16422 1965 140 2386 17966 140 561 281 3649 6036 140 4492 6457 140 6316 842 1684 100358
277.0 411 2191 137 274 958 1232 411 6709 137 5066 4245 548 1643 137 5888 16020 1917 137 2328 17526 137 548 274 3560 5888 137 4382 6298 137 6162 822 1643 97900
278.0 401 2137 134 267 935 1202 401 6544 134 4942 4140 534 1603 134 5743 15626 1870 134 2270 17095 134 534 267 3472 5743 134 4274 6144 134 6010 801 1603 95492
279.0 391 2084 130 261 912 1172 391 6383 130 4820 4038 521 1563 130 5601 15240 1824 130 2214 16673 130 521 261 3387 5601 130 4168 5992 130 5862 782 1563 93134
280.0 381 2032 127 254 889 1143 381 6224 127 4700 3938 508 1524 127 5462 14862 1778 127 2159 16259 127 508 254 3303 5462 127 4065 5843 127 5716 762 1524 90824
281.0 372 1982 124 248 867 1115 372 6069 124 4583 3840 495 1486 124 5326 14492 1734 124 2106 15855 124 495 248 3220 5326 124 3964 5698 124 5574 743 1486 88563
282.0 362 1932 121 242 845 1087 362 5918 121 4468 3744 483 1449 121 5193 14130 1691 121 2053 15458 121 483 242 3140 5193 121 3865 5555 121 5435 725 1449 86349
283.0 353 1884 118 235 824 1060 353 5769 118 4356 3650 471 1413 118 5063 13775 1648 118 2002 15070 118 471 235 3061 5063 118 3768 5416 118 5298 706 1413 84182
284.0 344 1836 115 230 803 1033 344 5624 115 4247 3558 459 1377 115 4935 13428 1607 115 1951 14691 115 459 230 2984 4935 115 3673 5280 115 5165 689 1377 82062
285.0 336 1790 112 224 783 1007 336 5482 112 4139 3468 447 1342 112 4810 13089 1566 112 1902 14319 112 447 224 2909 4810 112 3580 5146 112 5034 671 1342 79987
286.0 327 1745 109 218 763 981 327 5343 109 4034 3380 436 1308 109 4688 12757 1526 109 1854 13956 109 436 218 2835 4688 109 3489 5015 109 4906 654 1308 77958
287.0 319 1700 106 213 744 956 319 5207 106 3931 3294 425 1275 106 4569 12432 1488 106 1806 13601 106 425 213 2763 4569 106 3400 4888 106 4782 638 1275 75973
288.0 311 1657 104 207 725 932 311 5074 104 3831 3210 414 1243 104 4452 12114 1450 104 1760 13253 104 414 207 2692 4452 104 3313 4763 104 4659 621 1243 74032
289.0 303 1614 101 202 706 908 303 4944 101 3733 3128 404 1211 101 4338 11804 1412 101 1715 12914 101 404 202 2623 4338 101 3228 4641 101 4540 605 1211 72135
290.0 295 1573 98 197 688 885 295 4816 98 3637 3047 393 1180 98 4227 11500 1376 98 1671 12582 98 393 197 2556 4227 98 3145 4521 98 4423 590 1180 70280
291.0 287 1532 96 192 670 862 287 4692 96 3543 2968 383 1149 96 4118 11204 1341 96 1628 12257 96 383 192 2490 4118 96 3064 4405 96 4309 575 1149 68466
292.0 280 1492 93 187 653 840 280 4571 93 3451 2892 373 1119 93 4011 10914 1306 93 1586 11940 93 373 187 2425 4011 93 2985 4291 93 4198 560 1119 66694
293.0 273 1454 91 182 636 818 273 4452 91 3362 2817 363 1090 91 3907 10630 1272 91 1545 11630 91 363 182 2362 3907 91 2907 4179 91 4089 545 1090 64963
294.0 265 1416 88 177 619 796 265 4336 88 3274 2743 354 1062 88 3805 10353 1239 88 1504 11327 88 354 177 2301 3805 88 2832 4071 88 3982 531 1062 63271
295.0 259 1379 86 172 603 776 259 4223 86 3189 2672 345 1034 86 3706 10083 1207 86 1465 11031 86 345 172 2241 3706 86 2758 3964 86 3878 517 1034 61619
296.0 252 1343 84 168 587 755 252 4112 84 3105 2602 336 1007 84 3609 9819 1175 84 1427 10742 84 336 168 2182 3609 84 2686 3860 84 3777 504 1007 60005
297.0 245 1307 82 163 572 735 245 4004 82 3024 2533 327 981 82 3514 9561 1144 82 1389 10460 82 327 163 2125 3514 82 2615 3759 82 3677 490 981 58428
298.0 239 1273 80 159 557 716 239 3899 80 2944 2467 318 955 80 3421 9309 1114 80 1353 10184 80 318 159 2069 3421 80 2546 3660 80 3580 477 955 56889
299.0 232 1239 77 155 542 697 232 3796 77 2866 2401 310 930 77 3331 9063 1084 77 1317 9915 77 310 155 2014 3331 77 2479 3563 77 3486 465 930 55387
300.0 226 1207 75 151 528 679 226 3695 75 2790 2338 302 905 75 3243 8823 1056 75 1282 9653 75 302 151 1961 3243 75 2413 3469 75 3394 452 905 53920
301.0 220 1175 73 147 514 661 220 3597 73 2716 2276 294 881 73 3157 8589 1028 73 1248 9397 73 294 147 1909 3157 73 2349 3377 73 3303 440 881 52488
302.0 214 1143 71 143 500 643 214 3501 71 2644 2215 286 857 71 3073 8360 1000 71 1215 9146 71 286 143 1858 3073 71 2287 3287 71 3216 429 857 51091
303.0 209 1113 70 139 487 626 209 3408 70 2573 2156 278 835 70 2991 8137 974 70 1182 8902 70 278 139 1808 2991 70 2226 3199 70 3130 417 835 49728
304.0 203 1083 68 135 474 609 203 3317 68 2504 2098 271 812 68 2911 7920 948 68 1151 8664 68 271 135 1760 2911 68 2166 3114 68 3046 406 812 48398
305.0 198 1054 66 132 461 593 198 3228 66 2437 2042 263 790 66 2833 7707 922 66 1120 8432 66 263 132 1713 2833 66 2108 3030 66 2964 395 790 47100
306.0 192 1026 64 128 449 577 192 3141 64 2372 1987 256 769 64 2756 7500 897 64 1090 8205 64 256 128 1667 2756 64 2051 2949 64 2885 385 769 45834
307.0 187 998 62 125 437 561 187 3056 62 2308 1934 250 749 62 2682 7298 873 62 1060 7984 62 250 125 1622 2682 62 1996 2869 62 2807 374 749 44599
308.0 182 971 61 121 425 546 182 2974 61 2246 1881 243 728 61 2610 7101 850 61 1032 7769 61 243 121 1578 2610 61 1942 2792 61 2731 364 728 43395
309.0 177 945 59 118 413 531 177 2893 59 2185 1831 236 709 59 2539 6909 827 59 1004 7558 59 236 118 1535 2539 59 1890 2716 59 2657 354 709 42221
310.0 172 919 57 115 402 517 172 2815 57 2126 1781 230 689 57 2470 6722 804 57 977 7353 57 230 115 1494 2470 57 1838 2643 57 2585 345 689 41076
311.0 168 894 56 112 391 503 168 2739 56 2068 1733 224 671 56 2403 6539 782 56 950 7154 56 224 112 1453 2403 56 1788 2571 56 2515 335 671 39960
312.0 163 870 54 109 381 489 163 2664 54 2012 1685 217 652 54 2338 6361 761 54 924 6959 54 217 109 1414 2338 54 1740 2501 54 2446 326 652 38872
313.0 159 846 53 106 370 476 159 2591 53 1957 1639 212 635 53 2274 6187 740 53 899 6769 53 212 106 1375 2274 53 1692 2433 53 2380 317 635 37811
314.0 154 823 51 103 360 463 154 2520 51 1903 1595 206 617 51 2212 6018 720 51 874 6584 51 206 103 1337 2212 51 1646 2366 51 2315 309 617 36777
315.0 150 800 50 100 350 450 150 2451 50 1851 1551 200 600 50 2151 5853 700 50 850 6404 50 200 100 1301 2151 50 1601 2301 50 2251 300 600 35770
316.0 146 778 49 97 341 438 146 2384 49 1800 1508 195 584 49 2092 5693 681 49 827 6228 49 195 97 1265 2092 49 1557 2238 49 2189 292 584 34789
317.0 142 757 47 95 331 426 142 2319 47 1751 1467 189 568 47 2035 5536 662 47 804 6057 47 189 95 1230 2035 47 1514 2177 47 2129 284 568 33832
318.0 138 736 46 92 322 414 138 2255 46 1703 1426 184 552 46 1979 5384 644 46 782 5890 46 184 92 1196 1979 46 1472 2117 46 2071 276 552 32900
319.0 134 716 45 89 313 403 134 2193 45 1656 1387 179 537 45 1924 5235 626 45 761 5727 45 179 89 1163 1924 45 1432 2058 45 2014 268 537 31993
320.0 131 696 44 87 305 392 131 2132 44 1610 1349 174 522 44 1871 5090 609 44 740 5569 44 174 87 1131 1871 44 1392 2001 44 1958 261 522 31108
321.0 127 677 42 85 296 381 127 2073 42 1565 1311 169 508 42 1819 4950 592 42 719 5415 42 169 85 1100 1819 42 1354 1946 42 1904 254 508 30247
322.0 123 658 41 82 288 370 123 2015 41 1522 1275 165 494 41 1769 4812 576 41 699 5265 41 165 82 1069 1769 41 1316 1892 41 1851 247 494 29408
323.0 120 640 40 80 280 360 120 1959 40 1480 1240 160 480 40 1719 4679 560 40 680 5118 40 160 80 1040 1719 40 1280 1839 40 1799 240 480 28592
324.0 117 622 39 78 272 350 117 1905 39 1438 1205 156 467 39 1672 4548 544 39 661 4976 39 156 78 1011 1672 39 1244 1788 39 1749 233 467 27796
325.0 113 605 38 76 265 340 113 1852 38 1398 1172 151 454 38 1625 4422 529 38 642 4837 38 151 76 983 1625 38 1209 1738 38 1701 227 454 27022
326.0 110 588 37 73 257 331 110 1800 37 1359 1139 147 441 37 1580 4298 514 37 625 4702 37 147 73 955 1580 37 1176 1690 37 1653 220 441 26268
327.0 107 571 36 71 250 321 107 1750 36 1321 1107 143 429 36 1536 4178 500 36 607 4571 36 143 71 928 1536 36 1143 1643 36 1607 214 429 25534
328.0 104 555 35 69 243 312 104 1701 35 1284 1076 139 417 35 1493 4061 486 35 590 4443 35 139 69 903 1493 35 1111 1597 35 1562 208 417 24819
329.0 101 540 34 67 236 304 101 1653 34 1248 1046 135 405 34 1451 3947 472 34 574 4319 34 135 67 877 1451 34 1080 1552 34 1518 202 405 24123
330.0 98 525 33 66 230 295 98 1607 33 1213 1017 131 394 33 1410 3837 459 33 557 4197 33 131 66 853 1410 33 1049 1508 33 1476 197 394 23446
331.0 96 510 32 64 223 287 96 1562 32 1179 988 127 382 32 1370 3729 446 32 542 4079 32 127 64 829 1370 32 1020 1466 32 1434 191 382 22788
332.0 93 496 31 62 217 279 93 1518 31 1146 960 124 372 31 1332 3624 434 31 527 3965 31 124 62 805 1332 31 991 1425 31 1394 186 372 22146
333.0 90 482 30 60 211 271 90 1475 30 1114 933 120 361 30 1294 3522 421 30 512 3853 30 120 60 783 1294 30 963 1385 30 1355 181 361 21522
334.0 88 468 29 59 205 263 88 1433 29 1082 907 117 351 29 1258 3422 410 29 497 3744 29 117 59 761 1258 29 936 1346 29 1316 176 351 20915
335.0 85 455 28 57 199 256 85 1393 28 1052 881 114 341 28 1222 3326 398 28 483 3638 28 114 57 739 1222 28 910 1308 28 1279 171 341 20324
336.0 83 442 28 55 193 249 83 1353 28 1022 856 110 331 28 1188 3232 387 28 470 3536 28 110 55 718 1188 28 884 1271 28 1243 166 331 19749
337.0 81 429 27 54 188 242 81 1315 27 993 832 107 322 27 1154 3140 376 27 456 3435 27 107 54 698 1154 27 859 1235 27 1208 161 322 19190
338.0 78 417 26 52 183 235 78 1278 26 965 808 104 313 26 1121 3051 365 26 443 3338 26 104 52 678 1121 26 835 1200 26 1174 156 313 18646
339.0 76 405 25 51 177 228 76 1242 25 938 785 101 304 25 1090 2965 355 25 431 3243 25 101 51 659 1090 25 811 1166 25 1140 152 304 18117
340.0 74 394 25 49 172 222 74 1206 25 911 763 98 295 25 1059 2880 345 25 419 3151 25 98 49 640 1059 25 788 1132 25 1108 148 295 17602
341.0 72 383 24 48 167 215 72 1172 24 885 741 96 287 24 1028 2798 335 24 407 3062 24 96 48 622 1028 24 765 1100 24 1076 144 287 17102
342.0 70 372 23 46 163 209 70 1139 23 860 720 93 279 23 999 2719 325 23 395 2974 23 93 46 604 999 23 744 1069 23 1046 139 279 16615
343.0 68 361 23 45 158 203 68 1106 23 835 700 90 271 23 971 2641 316 23 384 2890 23 90 45 587 971 23 722 1038 23 1016 135 271 16141
344.0 66 351 22 44 154 197 66 1075 22 811 680 88 263 22 943 2566 307 22 373 2807 22 88 44 570 943 22 702 1009 22 987 132 263 15680
345.0 64 341 21 43 149 192 64 1044 21 788 660 85 256 21 916 2493 298 21 362 2727 21 85 43 554 916 21 682 980 21 959 128 256 15233
346.0 62 331 21 41 145 186 62 1014 21 766 642 83 248 21 890 2421 290 21 352 2649 21 83 41 538 890 21 662 952 21 931 124 248 14797
347.0 60 322 20 40 141 181 60 985 20 744 623 80 241 20 864 2352 281 20 342 2573 20 80 40 523 864 20 643 925 20 905 121 241 14374
348.0 59 312 20 39 137 176 59 957 20 723 605 78 234 20 840 2285 273 20 332 2499 20 78 39 508 840 20 625 898 20 879 117 234 13962
349.0 57 303 19 38 133 171 57 929 19 702 588 76 228 19 816 2219 266 19 322 2428 19 76 38 493 816 19 607 873 19 854 114 228 13562
350.0 55 295 18 37 129 166 55 903 18 682 571 74 221 18 792 2156 258 18 313 2358 18 74 37 479 792 18 590 847 18 829 111 221 13173
351.0 54 286 18 36 125 161 54 877 18 662 555 72 215 18 769 2094 251 18 304 2290 18 72 36 465 769 18 573 823 18 805 107 215 12794
352.0 52 278 17 35 122 156 52 852 17 643 539 70 209 17 747 2033 243 17 295 2225 17 70 35 452 747 17 556 799 17 782 104 209 12427
353.0 51 270 17 34 118 152 51 827 17 625 523 68 203 17 726 1975 236 17 287 2161 17 68 34 439 726 17 540 776 17 760 101 203 12069
354.0 49 262 16 33 115 148 49 803 16 607 508 66 197 16 705 1918 230 16 279 2098 16 66 33 426 705 16 525 754 16 738 98 197 11722
355.0 48 255 16 32 111 143 48 780 16 589 494 64 191 16 685 1863 223 16 271 2038 16 64 32 414 685 16 509 732 16 716 96 191 11384
356.0 46 247 15 31 108 139 46 758 15 572 479 62 186 15 665 1809 216 15 263 1979 15 62 31 402 665 15 495 711 15 696 93 186 11056
357.0 45 240 15 30 105 135 45 736 15 556 466 60 180 15 646 1757 210 15 255 1922 15 60 30 390 646 15 481 691 15 676 90 180 10737
358.0 44 233 15 29 102 131 44 715 15 540 452 58 175 15 627 1706 204 15 248 1867 15 58 29 379 627 15 467 671 15 656 87 175 10427
359.0 42 227 14 28 99 127 42 694 14 524 439 57 170 14 609 1657 198 14 241 1813 14 57 28 368 609 14 453 651 14 637 85 170 10125
360.0 41 220 14 28 96 124 41 674 14 509 426 55 165 14 591 1609 193 14 234 1760 14 55 28 358 591 14 440 633 14 619 83 165 9832
361.0 40 214 13 27 93 120 40 654 13 494 414 53 160 13 574 1562 187 13 227 1709 13 53 27 347 574 13 427 614 13 601 80 160 9548
362.0 39 207 13 26 91 117 39 635 13 480 402 52 156 13 558 1517 182 13 220 1660 13 52 26 337 558 13 415 596 13 584 78 156 9271
363.0 38 201 13 25 88 113 38 617 13 466 390 50 151 13 541 1473 176 13 214 1612 13 50 25 327 541 13 403 579 13 567 76 151 9003
364.0 37 196 12 24 86 110 37 599 12 452 379 49 147 12 526 1430 171 12 208 1565 12 49 24 318 526 12 391 562 12 550 73 147 8742
365.0 36 190 12 24 83 107 36 582 12 439 368 47 142 12 510 1389 166 12 202 1520 12 47 24 309 510 12 380 546 12 534 71 142 8488
