Covid-19 Nucleation Estimated by PSD Model @ CDS/IISc
Day AN AP AR AS BR CH CT DL GA GJ HR HP JK JH KA KL LA LD MP MH MN OR PY PB RJ SK TN TG TR UP UT WB Total
0.0 0 0 0 0 0 0 0 0 0 0 0 0 0 0 0 0 0 0 0 0 0 0 0 0 0 0 0 0 0 0 0 0 0
1.0 2 9 1 1 4 5 2 28 1 21 18 2 7 1 25 68 8 1 10 74 1 2 1 15 25 1 19 27 1 26 3 7 415
2.0 2 8 1 1 4 5 2 25 1 19 16 2 6 1 22 60 7 1 9 65 1 2 1 13 22 1 16 23 1 23 3 6 364
3.0 2 9 1 1 4 5 2 28 1 21 18 2 7 1 25 68 8 1 10 74 1 2 1 15 25 1 19 27 1 26 3 7 414
4.0 2 11 1 1 5 6 2 34 1 26 22 3 8 1 30 82 10 1 12 90 1 3 1 18 30 1 22 32 1 32 4 8 502
5.0 3 14 1 2 6 8 3 42 1 32 27 3 10 1 37 100 12 1 15 110 1 3 2 22 37 1 27 39 1 39 5 10 612
6.0 3 17 1 2 7 9 3 51 1 38 32 4 12 1 45 122 15 1 18 133 1 4 2 27 45 1 33 48 1 47 6 12 743
7.0 4 20 1 3 9 11 4 61 1 46 39 5 15 1 54 146 18 1 21 160 1 5 3 33 54 1 40 58 1 56 8 15 895
8.0 4 24 1 3 10 13 4 73 1 55 46 6 18 1 64 175 21 1 25 192 1 6 3 39 64 1 48 69 1 67 9 18 1071
9.0 5 28 2 4 12 16 5 87 2 66 55 7 21 2 77 208 25 2 30 228 2 7 4 46 77 2 57 82 2 80 11 21 1273
10.0 6 34 2 4 15 19 6 103 2 78 65 8 25 2 90 246 29 2 36 269 2 8 4 55 90 2 67 97 2 95 13 25 1504
11.0 7 40 2 5 17 22 7 121 2 91 77 10 30 2 106 289 35 2 42 316 2 10 5 64 106 2 79 114 2 111 15 30 1766
12.0 9 46 3 6 20 26 9 141 3 107 89 12 35 3 124 337 40 3 49 369 3 12 6 75 124 3 92 132 3 130 17 35 2058
13.0 10 53 3 7 23 30 10 163 3 123 103 13 40 3 143 390 47 3 57 427 3 13 7 87 143 3 107 153 3 150 20 40 2384
14.0 11 61 4 8 27 34 11 188 4 142 119 15 46 4 165 448 54 4 65 491 4 15 8 100 165 4 123 176 4 172 23 46 2741
15.0 13 70 4 9 31 39 13 214 4 162 136 18 53 4 188 512 61 4 74 560 4 18 9 114 188 4 140 201 4 197 26 53 3129
16.0 15 79 5 10 35 45 15 243 5 184 154 20 60 5 213 580 69 5 84 635 5 20 10 129 213 5 159 228 5 223 30 60 3547
17.0 17 89 6 11 39 50 17 273 6 206 173 22 67 6 240 653 78 6 95 714 6 22 11 145 240 6 179 257 6 251 33 67 3990
18.0 19 100 6 12 44 56 19 305 6 230 193 25 75 6 268 729 87 6 106 797 6 25 12 162 268 6 199 286 6 280 37 75 4453
19.0 21 110 7 14 48 62 21 338 7 255 214 28 83 7 297 807 97 7 117 883 7 28 14 179 297 7 221 317 7 310 41 83 4931
20.0 23 121 8 15 53 68 23 371 8 280 235 30 91 8 326 886 106 8 129 969 8 30 15 197 326 8 242 348 8 341 45 91 5415
21.0 25 133 8 17 58 75 25 406 8 307 257 33 100 8 357 971 116 8 141 1062 8 33 17 216 357 8 265 382 8 373 50 100 5931
22.0 27 145 9 18 64 82 27 445 9 336 282 36 109 9 391 1063 127 9 154 1163 9 36 18 236 391 9 291 418 9 409 55 109 6496
23.0 30 159 10 20 69 89 30 486 10 367 307 40 119 10 426 1160 139 10 168 1269 10 40 20 258 426 10 317 456 10 446 59 119 7086
24.0 32 172 11 22 75 97 32 527 11 398 334 43 129 11 463 1259 151 11 183 1378 11 43 22 280 463 11 344 495 11 484 65 129 7697
25.0 35 186 12 23 82 105 35 571 12 431 361 47 140 12 501 1363 163 12 198 1491 12 47 23 303 501 12 373 536 12 524 70 140 8327
26.0 38 201 13 25 88 113 38 615 13 464 389 50 151 13 540 1468 176 13 213 1606 13 50 25 326 540 13 402 577 13 565 75 151 8973
27.0 40 216 13 27 94 121 40 660 13 498 418 54 162 13 579 1576 189 13 229 1724 13 54 27 350 579 13 431 620 13 606 81 162 9632
28.0 43 230 14 29 101 130 43 706 14 533 447 58 173 14 619 1685 202 14 245 1844 14 58 29 375 619 14 461 663 14 648 86 173 10300
29.0 46 245 15 31 107 138 46 752 15 568 476 61 184 15 660 1795 215 15 261 1964 15 61 31 399 660 15 491 706 15 690 92 184 10970
30.0 49 260 16 33 114 147 49 798 16 602 505 65 195 16 700 1905 228 16 277 2084 16 65 33 423 700 16 521 749 16 733 98 195 11639
31.0 52 275 17 34 120 155 52 843 17 636 533 69 206 17 740 2013 241 17 292 2202 17 69 34 447 740 17 550 791 17 774 103 206 12300
32.0 54 290 18 36 127 163 54 887 18 670 561 72 217 18 779 2119 254 18 308 2318 18 72 36 471 779 18 579 833 18 815 109 217 12947
33.0 57 304 19 38 133 171 57 930 19 703 589 76 228 19 816 2221 266 19 323 2430 19 76 38 494 816 19 608 873 19 854 114 228 13576
34.0 59 317 20 40 139 178 59 972 20 734 615 79 238 20 853 2320 278 20 337 2538 20 79 40 516 853 20 635 912 20 892 119 238 14178
35.0 62 330 21 41 144 186 62 1011 21 763 640 83 248 21 887 2414 289 21 351 2641 21 83 41 536 887 21 660 949 21 928 124 248 14750
36.0 64 342 21 43 150 192 64 1047 21 791 663 86 257 21 919 2501 299 21 363 2736 21 86 43 556 919 21 684 983 21 962 128 257 15284
37.0 66 353 22 44 154 199 66 1081 22 816 684 88 265 22 949 2581 309 22 375 2824 22 88 44 574 949 22 706 1015 22 993 132 265 15775
38.0 68 363 23 45 159 204 68 1111 23 839 703 91 272 23 975 2654 318 23 386 2903 23 91 45 590 975 23 726 1043 23 1021 136 272 16218
39.0 70 372 23 46 163 209 70 1138 23 859 720 93 279 23 999 2717 325 23 395 2973 23 93 46 604 999 23 743 1068 23 1045 139 279 16607
40.0 71 379 24 47 166 213 71 1161 24 877 734 95 284 24 1019 2772 332 24 403 3032 24 95 47 616 1019 24 758 1090 24 1066 142 284 16938
41.0 72 386 24 48 169 217 72 1182 24 893 748 97 290 24 1038 2823 338 24 410 3089 24 97 48 627 1038 24 772 1110 24 1086 145 290 17255
42.0 74 394 25 49 172 222 74 1207 25 911 764 99 296 25 1059 2882 345 25 419 3153 25 99 49 640 1059 25 788 1133 25 1109 148 296 17613
43.0 76 403 25 50 176 227 76 1234 25 932 781 101 302 25 1083 2947 353 25 428 3224 25 101 50 655 1083 25 806 1159 25 1133 151 302 18009
44.0 77 413 26 52 181 232 77 1264 26 955 800 103 310 26 1109 3019 361 26 439 3303 26 103 52 671 1109 26 826 1187 26 1161 155 310 18448
45.0 79 424 26 53 185 238 79 1298 26 980 821 106 318 26 1139 3098 371 26 450 3390 26 106 53 689 1139 26 847 1218 26 1192 159 318 18934
46.0 82 436 27 54 191 245 82 1334 27 1008 844 109 327 27 1171 3186 381 27 463 3486 27 109 54 708 1171 27 871 1253 27 1225 163 327 19471
47.0 84 449 28 56 196 253 84 1375 28 1038 870 112 337 28 1206 3283 393 28 477 3591 28 112 56 729 1206 28 898 1291 28 1263 168 337 20060
48.0 87 463 29 58 203 261 87 1419 29 1072 898 116 348 29 1245 3388 405 29 492 3707 29 116 58 753 1245 29 927 1332 29 1303 174 348 20707
49.0 90 479 30 60 210 270 90 1468 30 1108 928 120 359 30 1288 3504 419 30 509 3834 30 120 60 779 1288 30 958 1378 30 1348 180 359 21414
50.0 93 496 31 62 217 279 93 1521 31 1148 962 124 372 31 1334 3631 434 31 528 3972 31 124 62 807 1334 31 993 1427 31 1396 186 372 22187
51.0 97 515 32 64 225 290 97 1578 32 1192 999 129 387 32 1385 3769 451 32 548 4123 32 129 64 837 1385 32 1031 1482 32 1450 193 387 23031
52.0 100 536 33 67 234 301 100 1641 33 1239 1038 134 402 33 1440 3919 469 33 569 4288 33 134 67 871 1440 33 1072 1541 33 1507 201 402 23951
53.0 105 558 35 70 244 314 105 1710 35 1291 1082 140 419 35 1501 4083 489 35 593 4467 35 140 70 907 1501 35 1117 1605 35 1570 209 419 24953
54.0 109 583 36 73 255 328 109 1785 36 1348 1129 146 437 36 1566 4262 510 36 619 4663 36 146 73 947 1566 36 1166 1676 36 1639 219 437 26045
55.0 114 607 38 76 266 342 114 1860 38 1405 1177 152 456 38 1632 4442 532 38 645 4860 38 152 76 987 1632 38 1215 1746 38 1708 228 456 27145
56.0 119 632 40 79 277 356 119 1936 40 1462 1225 158 474 40 1699 4622 553 40 672 5057 40 158 79 1027 1699 40 1264 1817 40 1778 237 474 28248
57.0 123 658 41 82 288 370 123 2016 41 1522 1275 165 494 41 1769 4813 576 41 699 5265 41 165 82 1070 1769 41 1316 1892 41 1851 247 494 29413
58.0 129 685 43 86 300 386 129 2099 43 1585 1328 171 514 43 1842 5012 600 43 728 5483 43 171 86 1114 1842 43 1371 1970 43 1928 257 514 30627
59.0 134 714 45 89 312 401 134 2186 45 1650 1383 178 535 45 1918 5219 624 45 758 5709 45 178 89 1160 1918 45 1427 2052 45 2007 268 535 31892
60.0 139 743 46 93 325 418 139 2276 46 1719 1440 186 557 46 1997 5434 650 46 790 5945 46 186 93 1208 1997 46 1486 2137 46 2090 279 557 33209
61.0 145 774 48 97 339 435 145 2370 48 1789 1499 193 580 48 2080 5659 677 48 822 6191 48 193 97 1257 2080 48 1548 2225 48 2176 290 580 34580
62.0 151 806 50 101 353 453 151 2468 50 1863 1561 201 604 50 2165 5892 705 50 856 6446 50 201 101 1309 2165 50 1612 2317 50 2266 302 604 36007
63.0 157 839 52 105 367 472 157 2569 52 1940 1626 210 629 52 2255 6135 734 52 891 6712 52 210 105 1363 2255 52 1678 2412 52 2360 315 629 37494
64.0 164 874 55 109 382 491 164 2676 55 2020 1693 218 655 55 2348 6389 764 55 928 6989 55 218 109 1420 2348 55 1747 2512 55 2457 328 655 39041
65.0 171 910 57 114 398 512 171 2786 57 2104 1763 227 682 57 2445 6652 796 57 967 7278 57 227 114 1478 2445 57 1819 2615 57 2559 341 682 40652
66.0 178 947 59 118 414 533 178 2901 59 2191 1835 237 710 59 2546 6927 829 59 1006 7578 59 237 118 1539 2546 59 1894 2723 59 2664 355 710 42330
67.0 185 986 62 123 432 555 185 3021 62 2281 1911 247 740 62 2651 7213 863 62 1048 7891 62 247 123 1603 2651 62 1973 2836 62 2774 370 740 44077
68.0 193 1027 64 128 449 578 193 3145 64 2375 1990 257 770 64 2760 7510 899 64 1091 8216 64 257 128 1669 2760 64 2054 2953 64 2889 385 770 45896
69.0 201 1069 67 134 468 602 201 3275 67 2473 2072 267 802 67 2874 7820 936 67 1136 8555 67 267 134 1738 2874 67 2139 3075 67 3008 401 802 47790
70.0 209 1114 70 139 487 626 209 3410 70 2575 2158 278 835 70 2993 8143 974 70 1183 8909 70 278 139 1810 2993 70 2227 3202 70 3132 418 835 49763
71.0 217 1160 72 145 507 652 217 3551 72 2681 2247 290 870 72 3116 8479 1015 72 1232 9276 72 290 145 1884 3116 72 2319 3334 72 3261 435 870 51816
72.0 226 1207 75 151 528 679 226 3698 75 2792 2339 302 906 75 3245 8829 1056 75 1283 9659 75 302 151 1962 3245 75 2415 3471 75 3396 453 906 53955
73.0 236 1257 79 157 550 707 236 3850 79 2907 2436 314 943 79 3379 9193 1100 79 1336 10058 79 314 157 2043 3379 79 2514 3614 79 3536 471 943 56181
74.0 245 1309 82 164 573 736 245 4009 82 3027 2536 327 982 82 3518 9573 1145 82 1391 10473 82 327 164 2127 3518 82 2618 3764 82 3682 491 982 58500
75.0 256 1363 85 170 596 767 256 4175 85 3152 2641 341 1022 85 3663 9968 1193 85 1448 10905 85 341 170 2215 3663 85 2726 3919 85 3834 511 1022 60914
