Covid-19 Recovered Estimated by PSD Model @ CDS/IISc
Day AN AP AR AS BR CH CT DL GA GJ HR HP JK JH KA KL LA LD MP MH MN OR PY PB RJ SK TN TG TR UP UT WB Total
0.0 0 0 0 0 0 0 0 0 0 0 0 0 0 0 0 0 0 0 0 0 0 0 0 0 0 0 0 0 0 0 0 0 0
1.0 0 2 0 0 1 1 0 7 0 6 5 1 2 0 7 18 2 0 3 20 0 1 0 4 7 0 5 7 0 7 1 2 109
2.0 1 3 0 0 1 2 1 10 0 8 7 1 3 0 9 25 3 0 4 27 0 1 0 5 9 0 7 10 0 9 1 3 151
3.0 1 4 0 1 2 2 1 13 0 10 8 1 3 0 11 31 4 0 4 34 0 1 1 7 11 0 8 12 0 12 2 3 189
4.0 1 5 0 1 2 3 1 16 0 12 10 1 4 0 14 38 5 0 6 42 0 1 1 9 14 0 10 15 0 15 2 4 234
5.0 1 6 0 1 3 4 1 20 0 15 13 2 5 0 17 47 6 0 7 52 0 2 1 11 17 0 13 19 0 18 2 5 289
6.0 1 8 0 1 3 4 1 24 0 18 15 2 6 0 21 58 7 0 8 64 0 2 1 13 21 0 16 23 0 22 3 6 357
7.0 2 10 1 1 4 6 2 30 1 23 19 2 7 1 26 72 9 1 10 79 1 2 1 16 26 1 20 28 1 28 4 7 439
8.0 2 12 1 2 5 7 2 37 1 28 23 3 9 1 32 88 11 1 13 96 1 3 2 20 32 1 24 35 1 34 5 9 537
9.0 3 15 1 2 6 8 3 45 1 34 28 4 11 1 39 107 13 1 16 117 1 4 2 24 39 1 29 42 1 41 5 11 655
10.0 3 18 1 2 8 10 3 54 1 41 34 4 13 1 48 130 16 1 19 142 1 4 2 29 48 1 36 51 1 50 7 13 795
11.0 4 21 1 3 9 12 4 66 1 50 42 5 16 1 58 157 19 1 23 172 1 5 3 35 58 1 43 62 1 60 8 16 958
12.0 5 26 2 3 11 14 5 79 2 59 50 6 19 2 69 188 22 2 27 206 2 6 3 42 69 2 51 74 2 72 10 19 1149
13.0 6 31 2 4 13 17 6 94 2 71 59 8 23 2 82 224 27 2 33 245 2 8 4 50 82 2 61 88 2 86 11 23 1368
14.0 7 36 2 5 16 20 7 111 2 84 70 9 27 2 97 265 32 2 38 290 2 9 5 59 97 2 72 104 2 102 14 27 1618
15.0 8 43 3 5 19 24 8 130 3 98 82 11 32 3 114 311 37 3 45 340 3 11 5 69 114 3 85 122 3 120 16 32 1901
16.0 9 50 3 6 22 28 9 152 3 115 96 12 37 3 133 363 43 3 53 397 3 12 6 81 133 3 99 143 3 140 19 37 2217
17.0 11 57 4 7 25 32 11 176 4 133 111 14 43 4 154 420 50 4 61 460 4 14 7 93 154 4 115 165 4 162 22 43 2567
18.0 12 66 4 8 29 37 12 202 4 153 128 17 50 4 177 483 58 4 70 528 4 17 8 107 177 4 132 190 4 186 25 50 2950
19.0 14 75 5 9 33 42 14 231 5 174 146 19 56 5 202 550 66 5 80 602 5 19 9 122 202 5 151 216 5 212 28 56 3364
20.0 16 85 5 11 37 48 16 261 5 197 165 21 64 5 229 623 75 5 90 681 5 21 11 138 229 5 170 245 5 239 32 64 3805
21.0 18 96 6 12 42 54 18 293 6 221 185 24 72 6 257 699 84 6 102 765 6 24 12 155 257 6 191 275 6 269 36 72 4272
22.0 20 107 7 13 47 60 20 327 7 247 207 27 80 7 287 780 93 7 113 854 7 27 13 173 287 7 213 307 7 300 40 80 4769
23.0 22 119 7 15 52 67 22 363 7 274 230 30 89 7 319 867 104 7 126 949 7 30 15 193 319 7 237 341 7 334 44 89 5300
24.0 25 131 8 16 57 74 25 402 8 303 254 33 98 8 353 959 115 8 139 1049 8 33 16 213 353 8 262 377 8 369 49 98 5862
25.0 27 144 9 18 63 81 27 442 9 334 280 36 108 9 388 1056 126 9 153 1155 9 36 18 235 388 9 289 415 9 406 54 108 6454
26.0 30 158 10 20 69 89 30 485 10 366 307 40 119 10 425 1157 138 10 168 1266 10 40 20 257 425 10 317 455 10 445 59 119 7073
27.0 32 173 11 22 76 97 32 529 11 399 335 43 130 11 464 1263 151 11 183 1381 11 43 22 281 464 11 345 496 11 486 65 130 7717
28.0 35 188 12 23 82 106 35 574 12 434 363 47 141 12 504 1372 164 12 199 1501 12 47 23 305 504 12 375 539 12 528 70 141 8382
29.0 38 203 13 25 89 114 38 621 13 469 393 51 152 13 545 1483 178 13 216 1623 13 51 25 330 545 13 406 583 13 571 76 152 9065
30.0 41 218 14 27 96 123 41 669 14 505 423 55 164 14 587 1597 191 14 232 1748 14 55 27 355 587 14 437 628 14 614 82 164 9762
31.0 44 234 15 29 102 132 44 717 15 542 454 59 176 15 630 1713 205 15 249 1874 15 59 29 381 630 15 468 673 15 659 88 176 10468
32.0 47 250 16 31 109 141 47 766 16 578 485 63 188 16 672 1829 219 16 266 2001 16 63 31 406 672 16 500 719 16 703 94 188 11176
33.0 50 266 17 33 116 150 50 814 17 615 515 66 199 17 715 1944 233 17 283 2127 17 66 33 432 715 17 532 764 17 748 100 199 11883
34.0 53 282 18 35 123 158 53 862 18 651 545 70 211 18 757 2059 246 18 299 2252 18 70 35 457 757 18 563 809 18 792 106 211 12580
35.0 56 297 19 37 130 167 56 909 19 686 575 74 223 19 798 2170 260 19 315 2374 19 74 37 482 798 19 594 853 19 835 111 223 13263
36.0 58 312 19 39 136 175 58 954 19 721 604 78 234 19 837 2279 273 19 331 2493 19 78 39 506 837 19 623 896 19 876 117 234 13924
37.0 61 326 20 41 143 183 61 998 20 753 631 81 244 20 875 2382 285 20 346 2606 20 81 41 529 875 20 652 937 20 916 122 244 14557
38.0 64 339 21 42 148 191 64 1039 21 784 657 85 254 21 911 2480 297 21 360 2713 21 85 42 551 911 21 678 975 21 954 127 254 15155
39.0 66 352 22 44 154 198 66 1077 22 813 681 88 264 22 945 2571 308 22 374 2813 22 88 44 571 945 22 703 1011 22 989 132 264 15712
40.0 68 363 23 45 159 204 68 1112 23 839 703 91 272 23 976 2654 318 23 386 2904 23 91 45 590 976 23 726 1044 23 1021 136 272 16222
41.0 69 371 23 46 162 208 69 1135 23 857 718 93 278 23 996 2710 324 23 394 2965 23 93 46 602 996 23 741 1065 23 1042 139 278 16560
42.0 71 376 24 47 165 212 71 1152 24 870 729 94 282 24 1011 2751 329 24 400 3010 24 94 47 611 1011 24 752 1082 24 1058 141 282 16812
43.0 72 383 24 48 167 215 72 1172 24 885 741 96 287 24 1028 2798 335 24 407 3061 24 96 48 622 1028 24 765 1100 24 1076 143 287 17099
44.0 73 390 24 49 171 219 73 1194 24 902 755 97 292 24 1048 2851 341 24 414 3119 24 97 49 634 1048 24 780 1121 24 1097 146 292 17424
45.0 75 398 25 50 174 224 75 1219 25 921 771 100 299 25 1070 2911 348 25 423 3184 25 100 50 647 1070 25 796 1144 25 1120 149 299 17788
46.0 76 407 25 51 178 229 76 1247 25 942 789 102 305 25 1094 2977 356 25 433 3257 25 102 51 662 1094 25 814 1171 25 1145 153 305 18195
47.0 78 417 26 52 183 235 78 1278 26 965 808 104 313 26 1121 3051 365 26 443 3338 26 104 52 678 1121 26 835 1200 26 1174 156 313 18646
48.0 80 428 27 54 187 241 80 1312 27 991 830 107 321 27 1151 3133 375 27 455 3427 27 107 54 696 1151 27 857 1232 27 1205 161 321 19146
49.0 83 441 28 55 193 248 83 1350 28 1019 854 110 331 28 1184 3223 386 28 468 3526 28 110 55 716 1184 28 881 1267 28 1240 165 331 19696
50.0 85 454 28 57 199 256 85 1391 28 1051 880 114 341 28 1221 3322 397 28 483 3634 28 114 57 738 1221 28 909 1306 28 1278 170 341 20300
51.0 88 469 29 59 205 264 88 1437 29 1085 909 117 352 29 1261 3430 410 29 498 3753 29 117 59 762 1261 29 938 1349 29 1319 176 352 20964
52.0 91 485 30 61 212 273 91 1486 30 1122 940 121 364 30 1304 3549 425 30 516 3883 30 121 61 789 1304 30 971 1395 30 1365 182 364 21689
53.0 94 503 31 63 220 283 94 1541 31 1163 975 126 377 31 1352 3679 440 31 535 4025 31 126 63 818 1352 31 1006 1446 31 1415 189 377 22483
54.0 98 522 33 65 229 294 98 1600 33 1208 1012 131 392 33 1404 3821 457 33 555 4180 33 131 65 849 1404 33 1045 1502 33 1470 196 392 23349
55.0 102 543 34 68 238 306 102 1664 34 1257 1053 136 408 34 1460 3974 475 34 577 4347 34 136 68 883 1460 34 1087 1562 34 1528 204 408 24284
56.0 106 565 35 71 247 318 106 1731 35 1307 1095 141 424 35 1519 4134 495 35 601 4523 35 141 71 919 1519 35 1131 1625 35 1590 212 424 25263
57.0 110 588 37 74 257 331 110 1801 37 1360 1140 147 441 37 1581 4301 515 37 625 4706 37 147 74 956 1581 37 1176 1691 37 1654 221 441 26286
58.0 115 612 38 77 268 344 115 1875 38 1416 1186 153 459 38 1645 4477 536 38 650 4897 38 153 77 995 1645 38 1224 1760 38 1722 230 459 27357
59.0 119 637 40 80 279 358 119 1951 40 1474 1235 159 478 40 1713 4660 558 40 677 5098 40 159 80 1035 1713 40 1274 1832 40 1792 239 478 28475
60.0 124 663 41 83 290 373 124 2032 41 1534 1285 166 498 41 1783 4851 580 41 705 5307 41 166 83 1078 1783 41 1327 1907 41 1866 249 498 29643
61.0 129 691 43 86 302 388 129 2115 43 1597 1338 173 518 43 1856 5050 604 43 734 5525 43 173 86 1122 1856 43 1381 1985 43 1942 259 518 30862
62.0 135 719 45 90 315 404 135 2202 45 1663 1393 180 539 45 1932 5258 629 45 764 5752 45 180 90 1168 1932 45 1438 2067 45 2022 270 539 32131
63.0 140 749 47 94 328 421 140 2293 47 1731 1450 187 561 47 2012 5474 655 47 795 5989 47 187 94 1217 2012 47 1497 2152 47 2106 281 561 33455
64.0 146 779 49 97 341 438 146 2387 49 1803 1510 195 585 49 2095 5700 682 49 828 6236 49 195 97 1267 2095 49 1559 2241 49 2192 292 585 34834
65.0 152 812 51 101 355 457 152 2486 51 1877 1573 203 609 51 2181 5935 710 51 862 6493 51 203 101 1319 2181 51 1623 2333 51 2283 304 609 36270
66.0 158 845 53 106 370 475 158 2588 53 1954 1637 211 634 53 2271 6180 739 53 898 6761 53 211 106 1373 2271 53 1690 2430 53 2377 317 634 37765
67.0 165 880 55 110 385 495 165 2695 55 2035 1705 220 660 55 2365 6435 770 55 935 7040 55 220 110 1430 2365 55 1760 2530 55 2475 330 660 39323
68.0 172 916 57 115 401 515 172 2806 57 2119 1775 229 687 57 2462 6700 802 57 974 7330 57 229 115 1489 2462 57 1833 2634 57 2577 344 687 40946
69.0 179 954 60 119 417 537 179 2922 60 2206 1849 239 716 60 2564 6977 835 60 1014 7633 60 239 119 1550 2564 60 1908 2743 60 2683 358 716 42635
70.0 186 993 62 124 435 559 186 3042 62 2297 1925 248 745 62 2670 7265 869 62 1056 7947 62 248 124 1614 2670 62 1987 2856 62 2794 373 745 44394
71.0 194 1034 65 129 453 582 194 3168 65 2392 2004 259 776 65 2780 7564 905 65 1099 8275 65 259 129 1681 2780 65 2069 2974 65 2909 388 776 46226
72.0 202 1077 67 135 471 606 202 3299 67 2491 2087 269 808 67 2895 7876 942 67 1144 8617 67 269 135 1750 2895 67 2154 3097 67 3029 404 808 48134
73.0 210 1122 70 140 491 631 210 3435 70 2594 2173 280 841 70 3014 8201 981 70 1192 8973 70 280 140 1823 3014 70 2243 3225 70 3154 421 841 50120
74.0 219 1168 73 146 511 657 219 3577 73 2701 2263 292 876 73 3139 8540 1022 73 1241 9343 73 292 146 1898 3139 73 2336 3358 73 3285 438 876 52188
75.0 228 1216 76 152 532 684 228 3724 76 2812 2356 304 912 76 3268 8892 1064 76 1292 9728 76 304 152 1976 3268 76 2432 3496 76 3420 456 912 54342
