Covid-19 Nucleation Estimated by PSD Model @ CDS/IISc
Day AN AP AR AS BR CH CT DL GA GJ HR HP JK JH KA KL LA LD MP MH MN OR PY PB RJ SK TN TG TR UP UT WB Total
0.0 0 0 0 0 0 0 0 0 0 0 0 0 0 0 0 0 0 0 0 0 0 0 0 0 0 0 0 0 0 0 0 0 0
1.0 0 2 0 0 1 1 0 6 0 5 4 1 2 0 6 15 2 0 2 17 0 1 0 3 6 0 4 6 0 6 1 2 94
2.0 0 2 0 0 1 1 0 7 0 6 5 1 2 0 6 17 2 0 3 19 0 1 0 4 6 0 5 7 0 7 1 2 107
3.0 1 3 0 0 1 2 1 8 0 6 5 1 2 0 7 20 2 0 3 22 0 1 0 4 7 0 5 8 0 8 1 2 121
4.0 1 3 0 0 1 2 1 9 0 7 6 1 2 0 8 22 3 0 3 24 0 1 0 5 8 0 6 9 0 9 1 2 137
5.0 1 3 0 0 2 2 1 11 0 8 7 1 3 0 9 25 3 0 4 28 0 1 0 6 9 0 7 10 0 10 1 3 154
6.0 1 4 0 0 2 2 1 12 0 9 8 1 3 0 10 29 3 0 4 31 0 1 0 6 10 0 8 11 0 11 1 3 174
7.0 1 4 0 1 2 2 1 13 0 10 9 1 3 0 12 32 4 0 5 35 0 1 1 7 12 0 9 13 0 12 2 3 197
8.0 1 5 0 1 2 3 1 15 0 11 10 1 4 0 13 36 4 0 5 40 0 1 1 8 13 0 10 14 0 14 2 4 222
9.0 1 6 0 1 2 3 1 17 0 13 11 1 4 0 15 41 5 0 6 45 0 1 1 9 15 0 11 16 0 16 2 4 250
10.0 1 6 0 1 3 4 1 19 0 15 12 2 5 0 17 46 6 0 7 51 0 2 1 10 17 0 13 18 0 18 2 5 282
11.0 1 7 0 1 3 4 1 22 0 16 14 2 5 0 19 52 6 0 8 57 0 2 1 12 19 0 14 20 0 20 3 5 318
12.0 2 8 1 1 4 5 2 25 1 19 16 2 6 1 22 59 7 1 9 64 1 2 1 13 22 1 16 23 1 23 3 6 359
13.0 2 9 1 1 4 5 2 28 1 21 18 2 7 1 24 66 8 1 10 72 1 2 1 15 24 1 18 26 1 25 3 7 404
14.0 2 10 1 1 4 6 2 31 1 24 20 3 8 1 27 74 9 1 11 81 1 3 1 17 27 1 20 29 1 29 4 8 455
15.0 2 11 1 1 5 6 2 35 1 27 22 3 9 1 31 84 10 1 12 92 1 3 1 19 31 1 23 33 1 32 4 9 512
16.0 2 13 1 2 6 7 2 40 1 30 25 3 10 1 35 94 11 1 14 103 1 3 2 21 35 1 26 37 1 36 5 10 577
17.0 3 15 1 2 6 8 3 44 1 34 28 4 11 1 39 106 13 1 15 116 1 4 2 24 39 1 29 42 1 41 5 11 649
18.0 3 16 1 2 7 9 3 50 1 38 32 4 12 1 44 120 14 1 17 131 1 4 2 27 44 1 33 47 1 46 6 12 731
19.0 3 18 1 2 8 10 3 56 1 43 36 5 14 1 49 135 16 1 20 147 1 5 2 30 49 1 37 53 1 52 7 14 823
20.0 4 21 1 3 9 12 4 63 1 48 40 5 16 1 56 152 18 1 22 166 1 5 3 34 56 1 41 60 1 58 8 16 926
21.0 4 23 1 3 10 13 4 71 1 54 45 6 17 1 63 171 20 1 25 187 1 6 3 38 63 1 47 67 1 66 9 17 1042
22.0 5 26 2 3 11 15 5 80 2 61 51 7 20 2 71 192 23 2 28 210 2 7 3 43 71 2 52 75 2 74 10 20 1173
23.0 6 30 2 4 13 17 6 90 2 68 57 7 22 2 79 216 26 2 31 236 2 7 4 48 79 2 59 85 2 83 11 22 1320
24.0 6 33 2 4 15 19 6 102 2 77 64 8 25 2 89 243 29 2 35 266 2 8 4 54 89 2 66 96 2 93 12 25 1485
25.0 7 37 2 5 16 21 7 115 2 86 72 9 28 2 100 273 33 2 40 299 2 9 5 61 100 2 75 107 2 105 14 28 1671
26.0 8 42 3 5 18 24 8 129 3 97 82 11 32 3 113 308 37 3 45 337 3 11 5 68 113 3 84 121 3 118 16 32 1880
27.0 9 47 3 6 21 27 9 145 3 109 92 12 35 3 127 346 41 3 50 379 3 12 6 77 127 3 95 136 3 133 18 35 2115
28.0 10 53 3 7 23 30 10 163 3 123 103 13 40 3 143 389 47 3 57 426 3 13 7 87 143 3 107 153 3 150 20 40 2380
29.0 11 60 4 7 26 34 11 183 4 139 116 15 45 4 161 438 52 4 64 479 4 15 7 97 161 4 120 172 4 168 22 45 2677
30.0 13 67 4 8 29 38 13 206 4 156 131 17 51 4 181 493 59 4 72 539 4 17 8 110 181 4 135 194 4 190 25 51 3012
31.0 14 76 5 9 33 43 14 232 5 175 147 19 57 5 204 554 66 5 81 607 5 19 9 123 204 5 152 218 5 213 28 57 3388
32.0 16 85 5 11 37 48 16 261 5 197 165 21 64 5 229 624 75 5 91 682 5 21 11 139 229 5 171 245 5 240 32 64 3812
33.0 18 96 6 12 42 54 18 294 6 222 186 24 72 6 258 702 84 6 102 768 6 24 12 156 258 6 192 276 6 270 36 72 4288
34.0 20 108 7 13 47 61 20 331 7 250 209 27 81 7 290 789 94 7 115 864 7 27 13 175 290 7 216 310 7 304 40 81 4824
35.0 23 121 8 15 53 68 23 372 8 281 235 30 91 8 326 888 106 8 129 972 8 30 15 197 326 8 243 349 8 342 46 91 5427
36.0 26 137 9 17 60 77 26 418 9 316 265 34 102 9 367 999 120 9 145 1093 9 34 17 222 367 9 273 393 9 384 51 102 6105
37.0 29 154 10 19 67 86 29 471 10 355 298 38 115 10 413 1124 134 10 163 1229 10 38 19 250 413 10 307 442 10 432 58 115 6868
38.0 32 173 11 22 76 97 32 529 11 400 335 43 130 11 465 1264 151 11 184 1383 11 43 22 281 465 11 346 497 11 486 65 130 7726
39.0 36 194 12 24 85 109 36 596 12 450 377 49 146 12 523 1422 170 12 207 1556 12 49 24 316 523 12 389 559 12 547 73 146 8691
40.0 41 219 14 27 96 123 41 670 14 506 424 55 164 14 588 1600 191 14 232 1750 14 55 27 355 588 14 438 629 14 615 82 164 9776
41.0 46 246 15 31 108 138 46 754 15 569 477 62 185 15 661 1799 215 15 261 1969 15 62 31 400 661 15 492 707 15 692 92 185 10997
42.0 52 277 17 35 121 156 52 848 17 640 536 69 208 17 744 2024 242 17 294 2215 17 69 35 450 744 17 554 796 17 779 104 208 12370
43.0 58 311 19 39 136 175 58 954 19 720 603 78 234 19 837 2277 272 19 331 2491 19 78 39 506 837 19 623 895 19 876 117 234 13915
44.0 66 350 22 44 153 197 66 1073 22 810 679 88 263 22 941 2561 306 22 372 2802 22 88 44 569 941 22 701 1007 22 985 131 263 15653
45.0 74 394 25 49 172 222 74 1207 25 911 763 99 296 25 1059 2881 345 25 419 3152 25 99 49 640 1059 25 788 1133 25 1108 148 296 17608
46.0 83 443 28 55 194 249 83 1357 28 1025 859 111 332 28 1191 3241 388 28 471 3546 28 111 55 720 1191 28 886 1274 28 1247 166 332 19806
47.0 93 499 31 62 218 280 93 1527 31 1153 966 125 374 31 1340 3646 436 31 530 3989 31 125 62 810 1340 31 997 1433 31 1402 187 374 22280
48.0 105 561 35 70 245 315 105 1718 35 1297 1087 140 421 35 1507 4101 491 35 596 4487 35 140 70 911 1507 35 1122 1612 35 1577 210 421 25062
49.0 118 631 39 79 276 355 118 1932 39 1459 1222 158 473 39 1695 4613 552 39 670 5047 39 158 79 1025 1695 39 1262 1814 39 1774 237 473 28191
50.0 133 710 44 89 310 399 133 2173 44 1641 1375 177 532 44 1907 5189 621 44 754 5677 44 177 89 1153 1907 44 1419 2040 44 1996 266 532 31711
51.0 150 798 50 100 349 449 150 2445 50 1846 1547 200 599 50 2145 5837 698 50 848 6386 50 200 100 1297 2145 50 1596 2295 50 2245 299 599 35671
52.0 168 898 56 112 393 505 168 2750 56 2076 1740 224 673 56 2413 6566 786 56 954 7183 56 224 112 1459 2413 56 1796 2581 56 2525 337 673 40125
53.0 189 1010 63 126 442 568 189 3093 63 2336 1957 253 758 63 2714 7386 884 63 1073 8080 63 253 126 1641 2714 63 2020 2904 63 2841 379 758 45135
54.0 213 1136 71 142 497 639 213 3479 71 2627 2201 284 852 71 3053 8308 994 71 1207 9089 71 284 142 1846 3053 71 2272 3266 71 3195 426 852 50770
55.0 240 1278 80 160 559 719 240 3914 80 2955 2476 319 958 80 3435 9345 1118 80 1358 10224 80 319 160 2077 3435 80 2556 3674 80 3594 479 958 57109
56.0 270 1438 90 180 629 809 270 4402 90 3324 2785 359 1078 90 3863 10512 1258 90 1527 11500 90 359 180 2336 3863 90 2875 4133 90 4043 539 1078 64240
57.0 303 1617 101 202 707 910 303 4952 101 3739 3133 404 1213 101 4346 11824 1415 101 1718 12936 101 404 202 2628 4346 101 3234 4649 101 4548 606 1213 72260
58.0 341 1819 114 227 796 1023 341 5570 114 4206 3524 455 1364 114 4888 13301 1592 114 1933 14551 114 455 227 2956 4888 114 3638 5229 114 5116 682 1364 81283
59.0 384 2046 128 256 895 1151 384 6266 128 4731 3964 512 1535 128 5499 14961 1790 128 2174 16368 128 512 256 3325 5499 128 4092 5882 128 5754 767 1535 91431
60.0 432 2301 144 288 1007 1295 432 7048 144 5322 4459 575 1726 144 6185 16830 2014 144 2445 18412 144 575 288 3740 6185 144 4603 6617 144 6473 863 1726 102847
61.0 485 2589 162 324 1133 1456 485 7928 162 5987 5016 647 1942 162 6957 18931 2265 162 2751 20711 162 647 324 4207 6957 162 5178 7443 162 7281 971 1942 115688
62.0 546 2912 182 364 1274 1638 546 8918 182 6734 5642 728 2184 182 7826 21294 2548 182 3094 23296 182 728 364 4732 7826 182 5824 8372 182 8190 1092 2184 130132
63.0 614 3276 205 409 1433 1843 614 10032 205 7575 6347 819 2457 205 8803 23953 2866 205 3480 26205 205 819 409 5323 8803 205 6551 9417 205 9213 1228 2457 146380
64.0 691 3685 230 461 1612 2073 691 11284 230 8521 7139 921 2763 230 9902 26944 3224 230 3915 29477 230 921 461 5987 9902 230 7369 10593 230 10363 1382 2763 164656
65.0 777 4145 259 518 1813 2331 777 12693 259 9584 8030 1036 3108 259 11139 30308 3627 259 4404 33157 259 1036 518 6735 11139 259 8289 11916 259 11657 1554 3108 185214
66.0 874 4662 291 583 2040 2622 874 14278 291 10781 9033 1166 3497 291 12529 34092 4079 291 4953 37297 291 1166 583 7576 12529 291 9324 13404 291 13112 1748 3497 208338
67.0 983 5244 328 656 2294 2950 983 16060 328 12127 10161 1311 3933 328 14094 38348 4589 328 5572 41954 328 1311 656 8522 14094 328 10488 15077 328 14749 1967 3933 234350
68.0 1106 5899 369 737 2581 3318 1106 18066 369 13641 11429 1475 4424 369 15853 43136 5162 369 6268 47192 369 1475 737 9586 15853 369 11798 16959 369 16591 2212 4424 263609
69.0 1244 6635 415 829 2903 3732 1244 20321 415 15344 12856 1659 4977 415 17833 48522 5806 415 7050 53084 415 1659 829 10783 17833 415 13271 19077 415 18662 2488 4977 296522
70.0 1399 7464 466 933 3265 4198 1399 22858 466 17260 14461 1866 5598 466 20059 54580 6531 466 7930 59711 466 1866 933 12129 20059 466 14928 21459 466 20992 2799 5598 333543
71.0 1574 8396 525 1049 3673 4723 1574 25712 525 19415 16267 2099 6297 525 22564 61394 7346 525 8921 67166 525 2099 1049 13643 22564 525 16792 24138 525 23613 3148 6297 375187
72.0 1771 9444 590 1181 4132 5312 1771 28922 590 21839 18298 2361 7083 590 25381 69059 8264 590 10034 75552 590 2361 1181 15347 25381 590 18888 27152 590 26561 3542 7083 422030
73.0 1992 10623 664 1328 4648 5976 1992 32533 664 24566 20582 2656 7967 664 28550 77682 9295 664 11287 84985 664 2656 1328 17263 28550 664 21246 30542 664 29878 3984 7967 474722
74.0 2241 11949 747 1494 5228 6722 2241 36595 747 27633 23152 2987 8962 747 32114 87380 10456 747 12696 95596 747 2987 1494 19418 32114 747 23899 34355 747 33608 4481 8962 533992
75.0 2520 13441 840 1680 5881 7561 2520 41164 840 31083 26043 3360 10081 840 36124 98290 11761 840 14281 107531 840 3360 1680 21842 36124 840 26883 38644 840 37804 5041 10081 600662
