Covid-19 Nucleation Estimated by PSD Model @ CDS/IISc
Day AN AP AR AS BR CH CT DL GA GJ HR HP JK JH KA KL LA LD MP MH MN OR PY PB RJ SK TN TG TR UP UT WB Total
0.0 0 0 0 0 0 0 0 0 0 0 0 0 0 0 0 0 0 0 0 0 0 0 0 0 0 0 0 0 0 0 0 0 0
1.0 1 4 0 1 2 3 1 14 0 10 9 1 3 0 12 33 4 0 5 36 0 1 1 7 12 0 9 13 0 13 2 3 201
2.0 1 4 0 0 2 2 1 11 0 9 7 1 3 0 10 27 3 0 4 30 0 1 0 6 10 0 7 11 0 10 1 3 166
3.0 1 4 0 0 2 2 1 12 0 9 7 1 3 0 10 28 3 0 4 31 0 1 0 6 10 0 8 11 0 11 1 3 171
4.0 1 4 0 1 2 2 1 13 0 10 8 1 3 0 11 31 4 0 4 33 0 1 1 7 11 0 8 12 0 12 2 3 187
5.0 1 5 0 1 2 3 1 14 0 11 9 1 4 0 13 34 4 0 5 38 0 1 1 8 13 0 9 14 0 13 2 4 210
6.0 1 5 0 1 2 3 1 16 0 12 10 1 4 0 14 39 5 0 6 43 0 1 1 9 14 0 11 15 0 15 2 4 238
7.0 1 6 0 1 3 3 1 19 0 14 12 2 5 0 16 44 5 0 6 48 0 2 1 10 16 0 12 17 0 17 2 5 270
8.0 1 7 0 1 3 4 1 21 0 16 13 2 5 0 18 50 6 0 7 55 0 2 1 11 18 0 14 20 0 19 3 5 306
9.0 1 8 0 1 3 4 1 24 0 18 15 2 6 0 21 57 7 0 8 62 0 2 1 13 21 0 15 22 0 22 3 6 346
10.0 2 9 1 1 4 5 2 27 1 20 17 2 7 1 23 64 8 1 9 70 1 2 1 14 23 1 17 25 1 25 3 7 391
11.0 2 10 1 1 4 6 2 30 1 23 19 2 7 1 26 72 9 1 10 79 1 2 1 16 26 1 20 28 1 28 4 7 440
12.0 2 11 1 1 5 6 2 34 1 26 21 3 8 1 30 81 10 1 12 89 1 3 1 18 30 1 22 32 1 31 4 8 495
13.0 2 12 1 2 5 7 2 38 1 29 24 3 9 1 33 91 11 1 13 100 1 3 2 20 33 1 25 36 1 35 5 9 556
14.0 3 14 1 2 6 8 3 43 1 32 27 3 10 1 37 102 12 1 15 112 1 3 2 23 37 1 28 40 1 39 5 10 623
15.0 3 16 1 2 7 9 3 48 1 36 30 4 12 1 42 114 14 1 17 125 1 4 2 25 42 1 31 45 1 44 6 12 697
16.0 3 17 1 2 8 10 3 53 1 40 33 4 13 1 46 126 15 1 18 137 1 4 2 28 46 1 34 49 1 48 6 13 768
17.0 4 19 1 2 8 11 4 57 1 43 36 5 14 1 50 137 16 1 20 149 1 5 2 30 50 1 37 54 1 53 7 14 834
18.0 4 20 1 3 9 11 4 62 1 47 39 5 15 1 54 147 18 1 21 161 1 5 3 33 54 1 40 58 1 57 8 15 901
19.0 4 22 1 3 9 12 4 66 1 50 42 5 16 1 58 158 19 1 23 173 1 5 3 35 58 1 43 62 1 61 8 16 966
20.0 4 23 1 3 10 13 4 70 1 53 45 6 17 1 62 168 20 1 24 184 1 6 3 37 62 1 46 66 1 65 9 17 1028
21.0 5 24 2 3 11 14 5 75 2 56 47 6 18 2 65 178 21 2 26 195 2 6 3 40 65 2 49 70 2 68 9 18 1087
22.0 5 25 2 3 11 14 5 78 2 59 49 6 19 2 68 186 22 2 27 203 2 6 3 41 68 2 51 73 2 71 10 19 1134
23.0 5 27 2 3 12 15 5 84 2 63 53 7 21 2 73 200 24 2 29 219 2 7 3 44 73 2 55 79 2 77 10 21 1222
24.0 5 29 2 4 13 16 5 90 2 68 57 7 22 2 79 214 26 2 31 234 2 7 4 48 79 2 59 84 2 82 11 22 1308
25.0 6 31 2 4 14 18 6 96 2 72 61 8 23 2 84 229 27 2 33 250 2 8 4 51 84 2 63 90 2 88 12 23 1397
26.0 6 33 2 4 15 19 6 102 2 77 65 8 25 2 90 244 29 2 35 267 2 8 4 54 90 2 67 96 2 94 12 25 1489
27.0 7 35 2 4 16 20 7 109 2 82 69 9 27 2 95 259 31 2 38 284 2 9 4 58 95 2 71 102 2 100 13 27 1586
28.0 7 38 2 5 17 21 7 116 2 87 73 9 28 2 101 276 33 2 40 302 2 9 5 61 101 2 75 109 2 106 14 28 1687
29.0 8 40 3 5 18 23 8 123 3 93 78 10 30 3 108 293 35 3 43 321 3 10 5 65 108 3 80 115 3 113 15 30 1792
30.0 8 43 3 5 19 24 8 130 3 98 82 11 32 3 114 311 37 3 45 341 3 11 5 69 114 3 85 122 3 120 16 32 1902
31.0 8 45 3 6 20 25 8 138 3 104 87 11 34 3 121 330 39 3 48 361 3 11 6 73 121 3 90 130 3 127 17 34 2016
32.0 9 48 3 6 21 27 9 146 3 110 93 12 36 3 128 349 42 3 51 382 3 12 6 78 128 3 96 137 3 134 18 36 2135
33.0 9 51 3 6 22 28 9 155 3 117 98 13 38 3 136 370 44 3 54 404 3 13 6 82 136 3 101 145 3 142 19 38 2258
34.0 10 53 3 7 23 30 10 163 3 123 103 13 40 3 143 390 47 3 57 427 3 13 7 87 143 3 107 153 3 150 20 40 2385
35.0 11 56 4 7 25 32 11 172 4 130 109 14 42 4 151 412 49 4 60 450 4 14 7 91 151 4 113 162 4 158 21 42 2516
36.0 11 59 4 7 26 33 11 182 4 137 115 15 44 4 159 434 52 4 63 474 4 15 7 96 159 4 119 171 4 167 22 44 2650
37.0 12 62 4 8 27 35 12 190 4 143 120 15 46 4 167 453 54 4 66 496 4 15 8 101 167 4 124 178 4 174 23 46 2769
38.0 12 64 4 8 28 36 12 197 4 148 124 16 48 4 172 469 56 4 68 513 4 16 8 104 172 4 128 185 4 180 24 48 2868
39.0 12 66 4 8 29 37 12 203 4 153 128 17 50 4 178 485 58 4 70 530 4 17 8 108 178 4 133 191 4 186 25 50 2962
40.0 13 68 4 9 30 38 13 209 4 158 132 17 51 4 183 499 60 4 72 546 4 17 9 111 183 4 136 196 4 192 26 51 3049
41.0 13 70 4 9 31 39 13 214 4 162 135 17 52 4 188 511 61 4 74 559 4 17 9 114 188 4 140 201 4 197 26 52 3125
42.0 13 71 4 9 31 40 13 219 4 165 138 18 54 4 192 522 62 4 76 571 4 18 9 116 192 4 143 205 4 201 27 54 3191
43.0 14 73 5 9 32 41 14 222 5 168 141 18 54 5 195 531 64 5 77 581 5 18 9 118 195 5 145 209 5 204 27 54 3244
44.0 14 74 5 9 32 41 14 225 5 170 142 18 55 5 198 538 64 5 78 588 5 18 9 119 198 5 147 211 5 207 28 55 3285
45.0 14 74 5 9 32 42 14 227 5 171 144 19 56 5 199 542 65 5 79 593 5 19 9 120 199 5 148 213 5 209 28 56 3313
46.0 14 74 5 9 33 42 14 228 5 172 144 19 56 5 200 545 65 5 79 596 5 19 9 121 200 5 149 214 5 209 28 56 3328
47.0 14 75 5 9 33 42 14 228 5 172 144 19 56 5 200 545 65 5 79 596 5 19 9 121 200 5 149 214 5 210 28 56 3330
48.0 14 74 5 9 32 42 14 227 5 172 144 19 56 5 200 543 65 5 79 594 5 19 9 121 200 5 149 213 5 209 28 56 3318
49.0 14 74 5 9 32 41 14 226 5 170 143 18 55 5 198 539 64 5 78 590 5 18 9 120 198 5 147 212 5 207 28 55 3294
50.0 14 73 5 9 32 41 14 223 5 168 141 18 55 5 196 533 64 5 77 583 5 18 9 118 196 5 146 209 5 205 27 55 3256
51.0 14 73 5 9 32 41 14 222 5 168 141 18 54 5 195 531 64 5 77 581 5 18 9 118 195 5 145 209 5 204 27 54 3246
52.0 17 89 6 11 39 50 17 272 6 205 172 22 67 6 239 649 78 6 94 710 6 22 11 144 239 6 178 255 6 250 33 67 3966
53.0 17 90 6 11 39 51 17 275 6 208 174 22 67 6 241 657 79 6 95 719 6 22 11 146 241 6 180 258 6 253 34 67 4014
54.0 17 92 6 12 40 52 17 282 6 213 178 23 69 6 247 673 81 6 98 737 6 23 12 150 247 6 184 265 6 259 35 69 4114
55.0 18 95 6 12 42 53 18 291 6 220 184 24 71 6 255 694 83 6 101 759 6 24 12 154 255 6 190 273 6 267 36 71 4242
56.0 18 98 6 12 43 55 18 300 6 227 190 25 74 6 264 717 86 6 104 785 6 25 12 159 264 6 196 282 6 276 37 74 4384
57.0 19 101 6 13 44 57 19 311 6 234 196 25 76 6 272 741 89 6 108 811 6 25 13 165 272 6 203 292 6 285 38 76 4531
58.0 20 105 7 13 46 59 20 321 7 242 203 26 79 7 281 766 92 7 111 838 7 26 13 170 281 7 209 301 7 295 39 79 4680
59.0 20 108 7 14 47 61 20 331 7 250 209 27 81 7 290 790 95 7 115 865 7 27 14 176 290 7 216 311 7 304 41 81 4830
60.0 21 111 7 14 49 63 21 341 7 258 216 28 84 7 300 815 98 7 118 892 7 28 14 181 300 7 223 320 7 313 42 84 4980
61.0 22 115 7 14 50 65 22 352 7 265 222 29 86 7 309 840 100 7 122 918 7 29 14 187 309 7 230 330 7 323 43 86 5131
62.0 22 118 7 15 52 66 22 362 7 273 229 30 89 7 318 864 103 7 126 945 7 30 15 192 318 7 236 340 7 332 44 89 5281
63.0 23 122 8 15 53 68 23 372 8 281 235 30 91 8 327 889 106 8 129 972 8 30 15 197 327 8 243 349 8 342 46 91 5430
64.0 23 125 8 16 55 70 23 382 8 289 242 31 94 8 336 913 109 8 133 999 8 31 16 203 336 8 250 359 8 351 47 94 5580
65.0 24 128 8 16 56 72 24 393 8 296 248 32 96 8 345 937 112 8 136 1026 8 32 16 208 345 8 256 369 8 361 48 96 5729
66.0 25 132 8 16 58 74 25 403 8 304 255 33 99 8 353 962 115 8 140 1052 8 33 16 214 353 8 263 378 8 370 49 99 5878
67.0 25 135 8 17 59 76 25 413 8 312 261 34 101 8 363 986 118 8 143 1079 8 34 17 219 363 8 270 388 8 379 51 101 6028
68.0 26 138 9 17 61 78 26 424 9 320 268 35 104 9 372 1011 121 9 147 1107 9 35 17 225 372 9 277 398 9 389 52 104 6181
69.0 27 142 9 18 62 80 27 434 9 328 275 35 106 9 381 1037 124 9 151 1134 9 35 18 230 381 9 284 408 9 399 53 106 6335
70.0 27 145 9 18 64 82 27 445 9 336 281 36 109 9 390 1062 127 9 154 1162 9 36 18 236 390 9 291 418 9 409 54 109 6491
71.0 28 149 9 19 65 84 28 456 9 344 288 37 112 9 400 1088 130 9 158 1190 9 37 19 242 400 9 298 428 9 418 56 112 6649
72.0 29 152 10 19 67 86 29 467 10 352 295 38 114 10 409 1114 133 10 162 1219 10 38 19 248 409 10 305 438 10 429 57 114 6809
73.0 29 156 10 19 68 88 29 478 10 361 302 39 117 10 419 1141 136 10 166 1248 10 39 19 253 419 10 312 448 10 439 58 117 6970
74.0 30 160 10 20 70 90 30 489 10 369 309 40 120 10 429 1167 140 10 170 1277 10 40 20 259 429 10 319 459 10 449 60 120 7133
75.0 31 163 10 20 71 92 31 500 10 378 316 41 122 10 439 1194 143 10 174 1306 10 41 20 265 439 10 327 469 10 459 61 122 7298
76.0 31 167 10 21 73 94 31 511 10 386 324 42 125 10 449 1221 146 10 177 1336 10 42 21 271 449 10 334 480 10 470 63 125 7463
77.0 32 171 11 21 75 96 32 523 11 395 331 43 128 11 459 1249 149 11 181 1366 11 43 21 277 459 11 342 491 11 480 64 128 7630
78.0 33 175 11 22 76 98 33 534 11 404 338 44 131 11 469 1276 153 11 185 1396 11 44 22 284 469 11 349 502 11 491 65 131 7799
79.0 33 178 11 22 78 100 33 546 11 412 345 45 134 11 479 1304 156 11 189 1426 11 45 22 290 479 11 357 513 11 501 67 134 7968
80.0 34 182 11 23 80 102 34 558 11 421 353 46 137 11 489 1332 159 11 193 1457 11 46 23 296 489 11 364 524 11 512 68 137 8138
81.0 35 186 12 23 81 105 35 569 12 430 360 46 139 12 500 1360 163 12 198 1487 12 46 23 302 500 12 372 535 12 523 70 139 8309
82.0 36 190 12 24 83 107 36 581 12 439 368 47 142 12 510 1388 166 12 202 1518 12 47 24 308 510 12 380 546 12 534 71 142 8480
83.0 36 194 12 24 85 109 36 593 12 448 375 48 145 12 520 1416 169 12 206 1549 12 48 24 315 520 12 387 557 12 545 73 145 8652
84.0 37 197 12 25 86 111 37 605 12 457 383 49 148 12 531 1444 173 12 210 1580 12 49 25 321 531 12 395 568 12 555 74 148 8823
85.0 38 201 13 25 88 113 38 616 13 465 390 50 151 13 541 1472 176 13 214 1610 13 50 25 327 541 13 403 579 13 566 75 151 8995
86.0 38 205 13 26 90 115 38 628 13 474 397 51 154 13 551 1500 179 13 218 1641 13 51 26 333 551 13 410 590 13 577 77 154 9166
87.0 39 209 13 26 91 118 39 640 13 483 405 52 157 13 562 1528 183 13 222 1672 13 52 26 340 562 13 418 601 13 588 78 157 9337
88.0 40 213 13 27 93 120 40 652 13 492 412 53 160 13 572 1556 186 13 226 1702 13 53 27 346 572 13 425 612 13 598 80 160 9507
89.0 41 217 14 27 95 122 41 663 14 501 420 54 162 14 582 1583 189 14 230 1732 14 54 27 352 582 14 433 622 14 609 81 162 9676
90.0 41 220 14 28 96 124 41 675 14 509 427 55 165 14 592 1611 193 14 234 1762 14 55 28 358 592 14 441 633 14 619 83 165 9843
91.0 42 224 14 28 98 126 42 686 14 518 434 56 168 14 602 1638 196 14 238 1792 14 56 28 364 602 14 448 644 14 630 84 168 10009
92.0 43 228 14 28 100 128 43 697 14 526 441 57 171 14 612 1665 199 14 242 1821 14 57 28 370 612 14 455 654 14 640 85 171 10173
93.0 43 231 14 29 101 130 43 708 14 535 448 58 173 14 622 1691 202 14 246 1850 14 58 29 376 622 14 463 665 14 650 87 173 10334
94.0 44 235 15 29 103 132 44 719 15 543 455 59 176 15 631 1717 205 15 249 1879 15 59 29 382 631 15 470 675 15 660 88 176 10493
95.0 45 238 15 30 104 134 45 730 15 551 462 60 179 15 640 1743 209 15 253 1906 15 60 30 387 640 15 477 685 15 670 89 179 10649
96.0 45 242 15 30 106 136 45 740 15 559 468 60 181 15 650 1768 212 15 257 1934 15 60 30 393 650 15 483 695 15 680 91 181 10802
97.0 46 245 15 31 107 138 46 751 15 567 475 61 184 15 659 1792 214 15 260 1961 15 61 31 398 659 15 490 705 15 689 92 184 10952
98.0 47 248 16 31 109 140 47 760 16 574 481 62 186 16 667 1816 217 16 264 1987 16 62 31 404 667 16 497 714 16 698 93 186 11097
99.0 47 251 16 31 110 141 47 770 16 582 487 63 189 16 676 1839 220 16 267 2012 16 63 31 409 676 16 503 723 16 707 94 189 11238
100.0 48 255 16 32 111 143 48 779 16 589 493 64 191 16 684 1861 223 16 270 2036 16 64 32 414 684 16 509 732 16 716 95 191 11374
101.0 48 257 16 32 113 145 48 788 16 595 499 64 193 16 692 1883 225 16 274 2060 16 64 32 418 692 16 515 740 16 724 97 193 11505
102.0 49 260 16 33 114 146 49 797 16 602 504 65 195 16 699 1903 228 16 277 2082 16 65 33 423 699 16 521 748 16 732 98 195 11631
103.0 49 263 16 33 115 148 49 805 16 608 509 66 197 16 707 1923 230 16 279 2104 16 66 33 427 707 16 526 756 16 740 99 197 11751
104.0 50 266 17 33 116 149 50 813 17 614 514 66 199 17 714 1942 232 17 282 2124 17 66 33 431 714 17 531 763 17 747 100 199 11865
105.0 50 268 17 33 117 151 50 820 17 620 519 67 201 17 720 1959 234 17 285 2143 17 67 33 435 720 17 536 770 17 753 100 201 11972
106.0 51 270 17 34 118 152 51 827 17 625 523 68 203 17 726 1976 236 17 287 2161 17 68 34 439 726 17 540 777 17 760 101 203 12073
107.0 51 272 17 34 119 153 51 834 17 630 527 68 204 17 732 1991 238 17 289 2178 17 68 34 442 732 17 544 783 17 766 102 204 12166
108.0 51 274 17 34 120 154 51 840 17 634 531 69 206 17 737 2005 240 17 291 2193 17 69 34 445 737 17 548 788 17 771 103 206 12251
109.0 52 276 17 34 121 155 52 845 17 638 535 69 207 17 741 2017 241 17 293 2207 17 69 34 448 741 17 552 793 17 776 103 207 12328
110.0 52 277 17 35 121 156 52 850 17 642 537 69 208 17 746 2029 243 17 295 2219 17 69 35 451 746 17 555 798 17 780 104 208 12397
111.0 52 279 17 35 122 157 52 854 17 645 540 70 209 17 749 2038 244 17 296 2230 17 70 35 453 749 17 558 801 17 784 105 209 12457
112.0 52 280 17 35 122 157 52 857 17 647 542 70 210 17 752 2047 245 17 297 2239 17 70 35 455 752 17 560 805 17 787 105 210 12508
113.0 53 281 18 35 123 158 53 860 18 649 544 70 211 18 755 2054 246 18 298 2247 18 70 35 456 755 18 562 807 18 790 105 211 12550
114.0 53 282 18 35 123 158 53 862 18 651 546 70 211 18 757 2059 246 18 299 2253 18 70 35 458 757 18 563 810 18 792 106 211 12582
115.0 53 282 18 35 123 159 53 864 18 652 547 71 212 18 758 2063 247 18 300 2257 18 71 35 458 758 18 564 811 18 793 106 212 12605
116.0 53 282 18 35 124 159 53 865 18 653 547 71 212 18 759 2065 247 18 300 2259 18 71 35 459 759 18 565 812 18 794 106 212 12617
117.0 53 282 18 35 124 159 53 865 18 653 547 71 212 18 759 2065 247 18 300 2259 18 71 35 459 759 18 565 812 18 794 106 212 12619
118.0 53 282 18 35 123 159 53 864 18 653 547 71 212 18 758 2063 247 18 300 2257 18 71 35 459 758 18 564 811 18 794 106 212 12610
119.0 53 282 18 35 123 158 53 863 18 652 546 70 211 18 757 2060 247 18 299 2254 18 70 35 458 757 18 563 810 18 792 106 211 12591
120.0 53 281 18 35 123 158 53 861 18 650 545 70 211 18 755 2055 246 18 299 2249 18 70 35 457 755 18 562 808 18 791 105 211 12560
121.0 53 280 18 35 123 158 53 858 18 648 543 70 210 18 753 2049 245 18 298 2241 18 70 35 455 753 18 560 805 18 788 105 210 12519
122.0 52 279 17 35 122 157 52 854 17 645 541 70 209 17 750 2040 244 17 296 2232 17 70 35 453 750 17 558 802 17 785 105 209 12467
123.0 52 278 17 35 121 156 52 850 17 642 538 69 208 17 746 2030 243 17 295 2220 17 69 35 451 746 17 555 798 17 781 104 208 12403
124.0 52 276 17 34 121 155 52 845 17 638 535 69 207 17 741 2017 241 17 293 2207 17 69 34 448 741 17 552 793 17 776 103 207 12329
125.0 51 274 17 34 120 154 51 839 17 634 531 68 205 17 736 2004 240 17 291 2192 17 68 34 445 736 17 548 788 17 771 103 205 12244
126.0 51 272 17 34 119 153 51 832 17 629 527 68 204 17 731 1988 238 17 289 2175 17 68 34 442 731 17 544 782 17 765 102 204 12147
127.0 51 269 17 34 118 152 51 825 17 623 522 67 202 17 724 1970 236 17 286 2155 17 67 34 438 724 17 539 775 17 758 101 202 12040
128.0 50 267 17 33 117 150 50 817 17 617 517 67 200 17 717 1951 233 17 283 2134 17 67 33 434 717 17 534 767 17 750 100 200 11922
129.0 49 264 16 33 115 148 49 808 16 610 511 66 198 16 709 1930 231 16 280 2111 16 66 33 429 709 16 528 759 16 742 99 198 11794
130.0 49 261 16 33 114 147 49 799 16 603 505 65 196 16 701 1907 228 16 277 2087 16 65 33 424 701 16 522 750 16 734 98 196 11655
131.0 48 257 16 32 113 145 48 789 16 595 499 64 193 16 692 1883 225 16 274 2060 16 64 32 418 692 16 515 740 16 724 97 193 11507
132.0 48 254 16 32 111 143 48 778 16 587 492 63 190 16 682 1857 222 16 270 2032 16 63 32 413 682 16 508 730 16 714 95 190 11348
133.0 47 250 16 31 109 141 47 766 16 579 485 63 188 16 672 1830 219 16 266 2002 16 63 31 407 672 16 500 719 16 704 94 188 11181
134.0 46 246 15 31 108 139 46 754 15 569 477 62 185 15 662 1801 215 15 262 1970 15 62 31 400 662 15 492 708 15 693 92 185 11004
135.0 45 242 15 30 106 136 45 741 15 560 469 61 182 15 651 1770 212 15 257 1937 15 61 30 393 651 15 484 696 15 681 91 182 10819
136.0 45 238 15 30 104 134 45 728 15 550 461 59 178 15 639 1739 208 15 253 1902 15 59 30 386 639 15 476 684 15 669 89 178 10626
137.0 44 233 15 29 102 131 44 714 15 539 452 58 175 15 627 1706 204 15 248 1866 15 58 29 379 627 15 467 671 15 656 87 175 10425
138.0 43 229 14 29 100 129 43 700 14 529 443 57 171 14 614 1672 200 14 243 1829 14 57 29 372 614 14 457 657 14 643 86 171 10217
139.0 42 224 14 28 98 126 42 685 14 518 434 56 168 14 602 1637 196 14 238 1791 14 56 28 364 602 14 448 643 14 629 84 168 10002
140.0 41 219 14 27 96 123 41 670 14 506 424 55 164 14 588 1601 192 14 233 1751 14 55 27 356 588 14 438 629 14 616 82 164 9781
141.0 40 214 13 27 94 120 40 655 13 494 414 53 160 13 575 1564 187 13 227 1711 13 53 27 347 575 13 428 615 13 601 80 160 9555
142.0 39 209 13 26 91 117 39 639 13 482 404 52 156 13 561 1526 183 13 222 1669 13 52 26 339 561 13 417 600 13 587 78 156 9324
143.0 38 203 13 25 89 114 38 623 13 470 394 51 153 13 547 1487 178 13 216 1627 13 51 25 330 547 13 407 585 13 572 76 153 9089
144.0 37 198 12 25 87 111 37 606 12 458 384 50 149 12 532 1448 173 12 210 1584 12 50 25 322 532 12 396 569 12 557 74 149 8849
145.0 36 193 12 24 84 108 36 590 12 445 373 48 144 12 518 1408 169 12 205 1541 12 48 24 313 518 12 385 554 12 542 72 144 8607
146.0 35 187 12 23 82 105 35 573 12 433 363 47 140 12 503 1368 164 12 199 1497 12 47 23 304 503 12 374 538 12 526 70 140 8362
147.0 34 182 11 23 79 102 34 556 11 420 352 45 136 11 488 1328 159 11 193 1453 11 45 23 295 488 11 363 522 11 511 68 136 8116
148.0 33 176 11 22 77 99 33 539 11 407 341 44 132 11 473 1287 154 11 187 1409 11 44 22 286 473 11 352 506 11 495 66 132 7868
149.0 32 171 11 21 75 96 32 522 11 394 330 43 128 11 458 1247 149 11 181 1364 11 43 21 277 458 11 341 490 11 480 64 128 7619
150.0 31 165 10 21 72 93 31 505 10 381 320 41 124 10 443 1206 144 10 175 1320 10 41 21 268 443 10 330 474 10 464 62 124 7371
151.0 30 159 10 20 70 90 30 488 10 369 309 40 120 10 428 1166 139 10 169 1275 10 40 20 259 428 10 319 458 10 448 60 120 7123
152.0 29 154 10 19 67 87 29 471 10 356 298 38 115 10 413 1125 135 10 163 1231 10 38 19 250 413 10 308 442 10 433 58 115 6875
153.0 28 148 9 19 65 83 28 454 9 343 287 37 111 9 399 1085 130 9 158 1187 9 37 19 241 399 9 297 427 9 417 56 111 6630
154.0 27 143 9 18 63 80 27 438 9 330 277 36 107 9 384 1045 125 9 152 1143 9 36 18 232 384 9 286 411 9 402 54 107 6386
155.0 26 138 9 17 60 77 26 421 9 318 266 34 103 9 370 1006 120 9 146 1100 9 34 17 223 370 9 275 395 9 387 52 103 6145
156.0 25 132 8 17 58 74 25 405 8 306 256 33 99 8 355 967 116 8 140 1058 8 33 17 215 355 8 264 380 8 372 50 99 5907
157.0 24 127 8 16 56 71 24 389 8 294 246 32 95 8 341 928 111 8 135 1016 8 32 16 206 341 8 254 365 8 357 48 95 5673
158.0 23 122 8 15 53 69 23 373 8 282 236 30 91 8 327 891 107 8 129 974 8 30 15 198 327 8 244 350 8 343 46 91 5442
159.0 22 117 7 15 51 66 22 357 7 270 226 29 88 7 314 853 102 7 124 934 7 29 15 190 314 7 233 336 7 328 44 88 5216
160.0 21 112 7 14 49 63 21 342 7 258 217 28 84 7 300 817 98 7 119 894 7 28 14 182 300 7 223 321 7 314 42 84 4994
161.0 20 107 7 13 47 60 20 327 7 247 207 27 80 7 287 782 94 7 114 855 7 27 13 174 287 7 214 307 7 301 40 80 4777
162.0 19 102 6 13 45 57 19 313 6 236 198 26 77 6 275 747 89 6 109 817 6 26 13 166 275 6 204 294 6 287 38 77 4565
163.0 18 98 6 12 43 55 18 299 6 226 189 24 73 6 262 713 85 6 104 780 6 24 12 158 262 6 195 280 6 274 37 73 4358
164.0 17 93 6 12 41 52 17 285 6 215 180 23 70 6 250 680 81 6 99 744 6 23 12 151 250 6 186 267 6 262 35 70 4157
165.0 17 89 6 11 39 50 17 271 6 205 172 22 66 6 238 648 78 6 94 709 6 22 11 144 238 6 177 255 6 249 33 66 3961
166.0 16 84 5 11 37 47 16 258 5 195 164 21 63 5 227 617 74 5 90 675 5 21 11 137 227 5 169 243 5 237 32 63 3772
167.0 15 80 5 10 35 45 15 246 5 186 156 20 60 5 216 587 70 5 85 642 5 20 10 130 216 5 161 231 5 226 30 60 3588
168.0 14 76 5 10 33 43 14 234 5 177 148 19 57 5 205 558 67 5 81 611 5 19 10 124 205 5 153 219 5 215 29 57 3411
169.0 14 72 5 9 32 41 14 222 5 168 140 18 54 5 195 530 63 5 77 580 5 18 9 118 195 5 145 208 5 204 27 54 3240
170.0 13 69 4 9 30 39 13 211 4 159 133 17 52 4 185 503 60 4 73 550 4 17 9 112 185 4 138 198 4 193 26 52 3074
171.0 12 65 4 8 29 37 12 200 4 151 126 16 49 4 175 477 57 4 69 522 4 16 8 106 175 4 130 188 4 183 24 49 2915
172.0 12 62 4 8 27 35 12 189 4 143 120 15 46 4 166 452 54 4 66 495 4 15 8 100 166 4 124 178 4 174 23 46 2763
173.0 11 59 4 7 26 33 11 179 4 135 113 15 44 4 157 428 51 4 62 468 4 15 7 95 157 4 117 168 4 165 22 44 2616
174.0 10 55 3 7 24 31 10 170 3 128 107 14 42 3 149 405 48 3 59 443 3 14 7 90 149 3 111 159 3 156 21 42 2475
175.0 10 52 3 7 23 29 10 160 3 121 101 13 39 3 141 383 46 3 56 419 3 13 7 85 141 3 105 151 3 147 20 39 2340
176.0 9 49 3 6 22 28 9 152 3 114 96 12 37 3 133 362 43 3 53 396 3 12 6 80 133 3 99 142 3 139 19 37 2211
177.0 9 47 3 6 20 26 9 143 3 108 91 12 35 3 126 342 41 3 50 374 3 12 6 76 126 3 93 134 3 131 18 35 2088
178.0 8 44 3 6 19 25 8 135 3 102 85 11 33 3 118 322 39 3 47 353 3 11 6 72 118 3 88 127 3 124 17 33 1970
179.0 8 42 3 5 18 23 8 127 3 96 81 10 31 3 112 304 36 3 44 333 3 10 5 68 112 3 83 120 3 117 16 31 1858
180.0 7 39 2 5 17 22 7 120 2 91 76 10 29 2 105 287 34 2 42 313 2 10 5 64 105 2 78 113 2 110 15 29 1751
181.0 7 37 2 5 16 21 7 113 2 85 72 9 28 2 99 270 32 2 39 295 2 9 5 60 99 2 74 106 2 104 14 28 1650
182.0 7 35 2 4 15 20 7 106 2 80 67 9 26 2 93 254 30 2 37 278 2 9 4 56 93 2 70 100 2 98 13 26 1553
183.0 6 33 2 4 14 18 6 100 2 76 63 8 25 2 88 239 29 2 35 262 2 8 4 53 88 2 65 94 2 92 12 25 1461
184.0 6 31 2 4 13 17 6 94 2 71 60 8 23 2 83 225 27 2 33 246 2 8 4 50 83 2 62 88 2 86 12 23 1374
185.0 5 29 2 4 13 16 5 89 2 67 56 7 22 2 78 211 25 2 31 231 2 7 4 47 78 2 58 83 2 81 11 22 1292
186.0 5 27 2 3 12 15 5 83 2 63 53 7 20 2 73 199 24 2 29 217 2 7 3 44 73 2 54 78 2 76 10 20 1214
187.0 5 26 2 3 11 14 5 78 2 59 49 6 19 2 69 186 22 2 27 204 2 6 3 41 69 2 51 73 2 72 10 19 1140
188.0 4 24 1 3 10 13 4 73 1 55 46 6 18 1 64 175 21 1 25 192 1 6 3 39 64 1 48 69 1 67 9 18 1070
189.0 4 22 1 3 10 13 4 69 1 52 44 6 17 1 60 164 20 1 24 180 1 6 3 36 60 1 45 65 1 63 8 17 1004
190.0 4 21 1 3 9 12 4 65 1 49 41 5 16 1 57 154 18 1 22 169 1 5 3 34 57 1 42 61 1 59 8 16 941
191.0 4 20 1 2 9 11 4 60 1 46 38 5 15 1 53 144 17 1 21 158 1 5 2 32 53 1 39 57 1 56 7 15 883
192.0 3 19 1 2 8 10 3 57 1 43 36 5 14 1 50 135 16 1 20 148 1 5 2 30 50 1 37 53 1 52 7 14 827
193.0 3 17 1 2 8 10 3 53 1 40 34 4 13 1 47 127 15 1 18 139 1 4 2 28 47 1 35 50 1 49 7 13 775
194.0 3 16 1 2 7 9 3 50 1 38 31 4 12 1 44 119 14 1 17 130 1 4 2 26 44 1 32 47 1 46 6 12 726
195.0 3 15 1 2 7 9 3 47 1 35 29 4 11 1 41 111 13 1 16 122 1 4 2 25 41 1 30 44 1 43 6 11 679
196.0 3 14 1 2 6 8 3 44 1 33 28 4 11 1 38 104 12 1 15 114 1 4 2 23 38 1 28 41 1 40 5 11 636
197.0 2 13 1 2 6 7 2 41 1 31 26 3 10 1 36 97 12 1 14 106 1 3 2 22 36 1 27 38 1 37 5 10 595
198.0 2 12 1 2 5 7 2 38 1 29 24 3 9 1 33 91 11 1 13 100 1 3 2 20 33 1 25 36 1 35 5 9 556
199.0 2 12 1 1 5 7 2 36 1 27 23 3 9 1 31 85 10 1 12 93 1 3 1 19 31 1 23 33 1 33 4 9 520
200.0 2 11 1 1 5 6 2 33 1 25 21 3 8 1 29 80 10 1 12 87 1 3 1 18 29 1 22 31 1 31 4 8 486
201.0 2 10 1 1 4 6 2 31 1 24 20 3 8 1 27 74 9 1 11 81 1 3 1 17 27 1 20 29 1 29 4 8 454
202.0 2 9 1 1 4 5 2 29 1 22 18 2 7 1 26 69 8 1 10 76 1 2 1 15 26 1 19 27 1 27 4 7 424
203.0 2 9 1 1 4 5 2 27 1 21 17 2 7 1 24 65 8 1 9 71 1 2 1 14 24 1 18 25 1 25 3 7 396
204.0 2 8 1 1 4 5 2 25 1 19 16 2 6 1 22 61 7 1 9 66 1 2 1 13 22 1 17 24 1 23 3 6 370
205.0 1 8 0 1 3 4 1 24 0 18 15 2 6 0 21 57 7 0 8 62 0 2 1 13 21 0 15 22 0 22 3 6 346
206.0 1 7 0 1 3 4 1 22 0 17 14 2 5 0 19 53 6 0 8 58 0 2 1 12 19 0 14 21 0 20 3 5 323
207.0 1 7 0 1 3 4 1 21 0 16 13 2 5 0 18 49 6 0 7 54 0 2 1 11 18 0 13 19 0 19 3 5 301
208.0 1 6 0 1 3 4 1 19 0 15 12 2 5 0 17 46 5 0 7 50 0 2 1 10 17 0 13 18 0 18 2 5 281
209.0 1 6 0 1 3 3 1 18 0 14 11 1 4 0 16 43 5 0 6 47 0 1 1 10 16 0 12 17 0 16 2 4 262
210.0 1 5 0 1 2 3 1 17 0 13 11 1 4 0 15 40 5 0 6 44 0 1 1 9 15 0 11 16 0 15 2 4 244
211.0 1 5 0 1 2 3 1 16 0 12 10 1 4 0 14 37 4 0 5 41 0 1 1 8 14 0 10 15 0 14 2 4 228
212.0 1 5 0 1 2 3 1 15 0 11 9 1 4 0 13 35 4 0 5 38 0 1 1 8 13 0 10 14 0 13 2 4 212
213.0 1 4 0 1 2 2 1 14 0 10 9 1 3 0 12 32 4 0 5 35 0 1 1 7 12 0 9 13 0 12 2 3 198
214.0 1 4 0 1 2 2 1 13 0 10 8 1 3 0 11 30 4 0 4 33 0 1 1 7 11 0 8 12 0 12 2 3 184
215.0 1 4 0 0 2 2 1 12 0 9 7 1 3 0 10 28 3 0 4 31 0 1 0 6 10 0 8 11 0 11 1 3 172
216.0 1 4 0 0 2 2 1 11 0 8 7 1 3 0 10 26 3 0 4 29 0 1 0 6 10 0 7 10 0 10 1 3 160
217.0 1 3 0 0 1 2 1 10 0 8 6 1 3 0 9 24 3 0 4 27 0 1 0 5 9 0 7 10 0 9 1 3 149
218.0 1 3 0 0 1 2 1 10 0 7 6 1 2 0 8 23 3 0 3 25 0 1 0 5 8 0 6 9 0 9 1 2 139
219.0 1 3 0 0 1 2 1 9 0 7 6 1 2 0 8 21 3 0 3 23 0 1 0 5 8 0 6 8 0 8 1 2 129
220.0 1 3 0 0 1 2 1 8 0 6 5 1 2 0 7 20 2 0 3 22 0 1 0 4 7 0 5 8 0 8 1 2 121
221.0 0 3 0 0 1 1 0 8 0 6 5 1 2 0 7 18 2 0 3 20 0 1 0 4 7 0 5 7 0 7 1 2 112
222.0 0 2 0 0 1 1 0 7 0 5 5 1 2 0 6 17 2 0 2 19 0 1 0 4 6 0 5 7 0 7 1 2 104
223.0 0 2 0 0 1 1 0 7 0 5 4 1 2 0 6 16 2 0 2 17 0 1 0 4 6 0 4 6 0 6 1 2 97
224.0 0 2 0 0 1 1 0 6 0 5 4 1 2 0 5 15 2 0 2 16 0 1 0 3 5 0 4 6 0 6 1 2 91
225.0 0 2 0 0 1 1 0 6 0 4 4 0 1 0 5 14 2 0 2 15 0 0 0 3 5 0 4 5 0 5 1 1 84
226.0 0 2 0 0 1 1 0 5 0 4 3 0 1 0 5 13 2 0 2 14 0 0 0 3 5 0 4 5 0 5 1 1 78
227.0 0 2 0 0 1 1 0 5 0 4 3 0 1 0 4 12 1 0 2 13 0 0 0 3 4 0 3 5 0 5 1 1 73
228.0 0 2 0 0 1 1 0 5 0 4 3 0 1 0 4 11 1 0 2 12 0 0 0 2 4 0 3 4 0 4 1 1 68
229.0 0 1 0 0 1 1 0 4 0 3 3 0 1 0 4 10 1 0 2 11 0 0 0 2 4 0 3 4 0 4 1 1 63
230.0 0 1 0 0 1 1 0 4 0 3 3 0 1 0 4 10 1 0 1 11 0 0 0 2 4 0 3 4 0 4 0 1 59
231.0 0 1 0 0 1 1 0 4 0 3 2 0 1 0 3 9 1 0 1 10 0 0 0 2 3 0 2 4 0 3 0 1 55
232.0 0 1 0 0 0 1 0 3 0 3 2 0 1 0 3 8 1 0 1 9 0 0 0 2 3 0 2 3 0 3 0 1 51
233.0 0 1 0 0 0 1 0 3 0 2 2 0 1 0 3 8 1 0 1 8 0 0 0 2 3 0 2 3 0 3 0 1 47
234.0 0 1 0 0 0 1 0 3 0 2 2 0 1 0 3 7 1 0 1 8 0 0 0 2 3 0 2 3 0 3 0 1 44
235.0 0 1 0 0 0 1 0 3 0 2 2 0 1 0 2 7 1 0 1 7 0 0 0 1 2 0 2 3 0 3 0 1 41
236.0 0 1 0 0 0 0 0 3 0 2 2 0 1 0 2 6 1 0 1 7 0 0 0 1 2 0 2 2 0 2 0 1 38
237.0 0 1 0 0 0 0 0 2 0 2 2 0 1 0 2 6 1 0 1 6 0 0 0 1 2 0 2 2 0 2 0 1 35
238.0 0 1 0 0 0 0 0 2 0 2 1 0 1 0 2 5 1 0 1 6 0 0 0 1 2 0 1 2 0 2 0 1 33
239.0 0 1 0 0 0 0 0 2 0 2 1 0 1 0 2 5 1 0 1 5 0 0 0 1 2 0 1 2 0 2 0 1 31
240.0 0 1 0 0 0 0 0 2 0 1 1 0 0 0 2 5 1 0 1 5 0 0 0 1 2 0 1 2 0 2 0 0 28
241.0 0 1 0 0 0 0 0 2 0 1 1 0 0 0 2 4 1 0 1 5 0 0 0 1 2 0 1 2 0 2 0 0 26
242.0 0 1 0 0 0 0 0 2 0 1 1 0 0 0 1 4 0 0 1 4 0 0 0 1 1 0 1 2 0 2 0 0 25
243.0 0 1 0 0 0 0 0 2 0 1 1 0 0 0 1 4 0 0 1 4 0 0 0 1 1 0 1 1 0 1 0 0 23
244.0 0 0 0 0 0 0 0 1 0 1 1 0 0 0 1 3 0 0 1 4 0 0 0 1 1 0 1 1 0 1 0 0 21
245.0 0 0 0 0 0 0 0 1 0 1 1 0 0 0 1 3 0 0 0 4 0 0 0 1 1 0 1 1 0 1 0 0 20
246.0 0 0 0 0 0 0 0 1 0 1 1 0 0 0 1 3 0 0 0 3 0 0 0 1 1 0 1 1 0 1 0 0 18
247.0 0 0 0 0 0 0 0 1 0 1 1 0 0 0 1 3 0 0 0 3 0 0 0 1 1 0 1 1 0 1 0 0 17
248.0 0 0 0 0 0 0 0 1 0 1 1 0 0 0 1 3 0 0 0 3 0 0 0 1 1 0 1 1 0 1 0 0 16
249.0 0 0 0 0 0 0 0 1 0 1 1 0 0 0 1 2 0 0 0 3 0 0 0 1 1 0 1 1 0 1 0 0 15
250.0 0 0 0 0 0 0 0 1 0 1 1 0 0 0 1 2 0 0 0 2 0 0 0 0 1 0 1 1 0 1 0 0 14
251.0 0 0 0 0 0 0 0 1 0 1 1 0 0 0 1 2 0 0 0 2 0 0 0 0 1 0 1 1 0 1 0 0 13
252.0 0 0 0 0 0 0 0 1 0 1 1 0 0 0 1 2 0 0 0 2 0 0 0 0 1 0 1 1 0 1 0 0 12
253.0 0 0 0 0 0 0 0 1 0 1 0 0 0 0 1 2 0 0 0 2 0 0 0 0 1 0 0 1 0 1 0 0 11
254.0 0 0 0 0 0 0 0 1 0 1 0 0 0 0 1 2 0 0 0 2 0 0 0 0 1 0 0 1 0 1 0 0 10
255.0 0 0 0 0 0 0 0 1 0 0 0 0 0 0 1 2 0 0 0 2 0 0 0 0 1 0 0 1 0 1 0 0 9
256.0 0 0 0 0 0 0 0 1 0 0 0 0 0 0 1 1 0 0 0 2 0 0 0 0 1 0 0 1 0 1 0 0 9
257.0 0 0 0 0 0 0 0 1 0 0 0 0 0 0 0 1 0 0 0 1 0 0 0 0 0 0 0 1 0 1 0 0 8
258.0 0 0 0 0 0 0 0 1 0 0 0 0 0 0 0 1 0 0 0 1 0 0 0 0 0 0 0 0 0 0 0 0 8
259.0 0 0 0 0 0 0 0 0 0 0 0 0 0 0 0 1 0 0 0 1 0 0 0 0 0 0 0 0 0 0 0 0 7
260.0 0 0 0 0 0 0 0 0 0 0 0 0 0 0 0 1 0 0 0 1 0 0 0 0 0 0 0 0 0 0 0 0 7
261.0 0 0 0 0 0 0 0 0 0 0 0 0 0 0 0 1 0 0 0 1 0 0 0 0 0 0 0 0 0 0 0 0 6
262.0 0 0 0 0 0 0 0 0 0 0 0 0 0 0 0 1 0 0 0 1 0 0 0 0 0 0 0 0 0 0 0 0 6
263.0 0 0 0 0 0 0 0 0 0 0 0 0 0 0 0 1 0 0 0 1 0 0 0 0 0 0 0 0 0 0 0 0 5
264.0 0 0 0 0 0 0 0 0 0 0 0 0 0 0 0 1 0 0 0 1 0 0 0 0 0 0 0 0 0 0 0 0 5
265.0 0 0 0 0 0 0 0 0 0 0 0 0 0 0 0 1 0 0 0 1 0 0 0 0 0 0 0 0 0 0 0 0 5
266.0 0 0 0 0 0 0 0 0 0 0 0 0 0 0 0 1 0 0 0 1 0 0 0 0 0 0 0 0 0 0 0 0 4
267.0 0 0 0 0 0 0 0 0 0 0 0 0 0 0 0 1 0 0 0 1 0 0 0 0 0 0 0 0 0 0 0 0 4
268.0 0 0 0 0 0 0 0 0 0 0 0 0 0 0 0 1 0 0 0 1 0 0 0 0 0 0 0 0 0 0 0 0 4
269.0 0 0 0 0 0 0 0 0 0 0 0 0 0 0 0 1 0 0 0 1 0 0 0 0 0 0 0 0 0 0 0 0 3
270.0 0 0 0 0 0 0 0 0 0 0 0 0 0 0 0 1 0 0 0 1 0 0 0 0 0 0 0 0 0 0 0 0 3
271.0 0 0 0 0 0 0 0 0 0 0 0 0 0 0 0 0 0 0 0 1 0 0 0 0 0 0 0 0 0 0 0 0 3
272.0 0 0 0 0 0 0 0 0 0 0 0 0 0 0 0 0 0 0 0 0 0 0 0 0 0 0 0 0 0 0 0 0 3
273.0 0 0 0 0 0 0 0 0 0 0 0 0 0 0 0 0 0 0 0 0 0 0 0 0 0 0 0 0 0 0 0 0 3
274.0 0 0 0 0 0 0 0 0 0 0 0 0 0 0 0 0 0 0 0 0 0 0 0 0 0 0 0 0 0 0 0 0 2
275.0 0 0 0 0 0 0 0 0 0 0 0 0 0 0 0 0 0 0 0 0 0 0 0 0 0 0 0 0 0 0 0 0 2
276.0 0 0 0 0 0 0 0 0 0 0 0 0 0 0 0 0 0 0 0 0 0 0 0 0 0 0 0 0 0 0 0 0 2
277.0 0 0 0 0 0 0 0 0 0 0 0 0 0 0 0 0 0 0 0 0 0 0 0 0 0 0 0 0 0 0 0 0 2
278.0 0 0 0 0 0 0 0 0 0 0 0 0 0 0 0 0 0 0 0 0 0 0 0 0 0 0 0 0 0 0 0 0 2
279.0 0 0 0 0 0 0 0 0 0 0 0 0 0 0 0 0 0 0 0 0 0 0 0 0 0 0 0 0 0 0 0 0 2
280.0 0 0 0 0 0 0 0 0 0 0 0 0 0 0 0 0 0 0 0 0 0 0 0 0 0 0 0 0 0 0 0 0 1
281.0 0 0 0 0 0 0 0 0 0 0 0 0 0 0 0 0 0 0 0 0 0 0 0 0 0 0 0 0 0 0 0 0 1
282.0 0 0 0 0 0 0 0 0 0 0 0 0 0 0 0 0 0 0 0 0 0 0 0 0 0 0 0 0 0 0 0 0 1
283.0 0 0 0 0 0 0 0 0 0 0 0 0 0 0 0 0 0 0 0 0 0 0 0 0 0 0 0 0 0 0 0 0 1
284.0 0 0 0 0 0 0 0 0 0 0 0 0 0 0 0 0 0 0 0 0 0 0 0 0 0 0 0 0 0 0 0 0 1
285.0 0 0 0 0 0 0 0 0 0 0 0 0 0 0 0 0 0 0 0 0 0 0 0 0 0 0 0 0 0 0 0 0 1
286.0 0 0 0 0 0 0 0 0 0 0 0 0 0 0 0 0 0 0 0 0 0 0 0 0 0 0 0 0 0 0 0 0 1
287.0 0 0 0 0 0 0 0 0 0 0 0 0 0 0 0 0 0 0 0 0 0 0 0 0 0 0 0 0 0 0 0 0 1
288.0 0 0 0 0 0 0 0 0 0 0 0 0 0 0 0 0 0 0 0 0 0 0 0 0 0 0 0 0 0 0 0 0 1
289.0 0 0 0 0 0 0 0 0 0 0 0 0 0 0 0 0 0 0 0 0 0 0 0 0 0 0 0 0 0 0 0 0 1
290.0 0 0 0 0 0 0 0 0 0 0 0 0 0 0 0 0 0 0 0 0 0 0 0 0 0 0 0 0 0 0 0 0 1
291.0 0 0 0 0 0 0 0 0 0 0 0 0 0 0 0 0 0 0 0 0 0 0 0 0 0 0 0 0 0 0 0 0 1
292.0 0 0 0 0 0 0 0 0 0 0 0 0 0 0 0 0 0 0 0 0 0 0 0 0 0 0 0 0 0 0 0 0 1
293.0 0 0 0 0 0 0 0 0 0 0 0 0 0 0 0 0 0 0 0 0 0 0 0 0 0 0 0 0 0 0 0 0 1
294.0 0 0 0 0 0 0 0 0 0 0 0 0 0 0 0 0 0 0 0 0 0 0 0 0 0 0 0 0 0 0 0 0 1
295.0 0 0 0 0 0 0 0 0 0 0 0 0 0 0 0 0 0 0 0 0 0 0 0 0 0 0 0 0 0 0 0 0 0
296.0 0 0 0 0 0 0 0 0 0 0 0 0 0 0 0 0 0 0 0 0 0 0 0 0 0 0 0 0 0 0 0 0 0
297.0 0 0 0 0 0 0 0 0 0 0 0 0 0 0 0 0 0 0 0 0 0 0 0 0 0 0 0 0 0 0 0 0 0
298.0 0 0 0 0 0 0 0 0 0 0 0 0 0 0 0 0 0 0 0 0 0 0 0 0 0 0 0 0 0 0 0 0 0
299.0 0 0 0 0 0 0 0 0 0 0 0 0 0 0 0 0 0 0 0 0 0 0 0 0 0 0 0 0 0 0 0 0 0
300.0 0 0 0 0 0 0 0 0 0 0 0 0 0 0 0 0 0 0 0 0 0 0 0 0 0 0 0 0 0 0 0 0 0
301.0 0 0 0 0 0 0 0 0 0 0 0 0 0 0 0 0 0 0 0 0 0 0 0 0 0 0 0 0 0 0 0 0 0
302.0 0 0 0 0 0 0 0 0 0 0 0 0 0 0 0 0 0 0 0 0 0 0 0 0 0 0 0 0 0 0 0 0 0
303.0 0 0 0 0 0 0 0 0 0 0 0 0 0 0 0 0 0 0 0 0 0 0 0 0 0 0 0 0 0 0 0 0 0
304.0 0 0 0 0 0 0 0 0 0 0 0 0 0 0 0 0 0 0 0 0 0 0 0 0 0 0 0 0 0 0 0 0 0
305.0 0 0 0 0 0 0 0 0 0 0 0 0 0 0 0 0 0 0 0 0 0 0 0 0 0 0 0 0 0 0 0 0 0
306.0 0 0 0 0 0 0 0 0 0 0 0 0 0 0 0 0 0 0 0 0 0 0 0 0 0 0 0 0 0 0 0 0 0
307.0 0 0 0 0 0 0 0 0 0 0 0 0 0 0 0 0 0 0 0 0 0 0 0 0 0 0 0 0 0 0 0 0 0
308.0 0 0 0 0 0 0 0 0 0 0 0 0 0 0 0 0 0 0 0 0 0 0 0 0 0 0 0 0 0 0 0 0 0
309.0 0 0 0 0 0 0 0 0 0 0 0 0 0 0 0 0 0 0 0 0 0 0 0 0 0 0 0 0 0 0 0 0 0
310.0 0 0 0 0 0 0 0 0 0 0 0 0 0 0 0 0 0 0 0 0 0 0 0 0 0 0 0 0 0 0 0 0 0
311.0 0 0 0 0 0 0 0 0 0 0 0 0 0 0 0 0 0 0 0 0 0 0 0 0 0 0 0 0 0 0 0 0 0
312.0 0 0 0 0 0 0 0 0 0 0 0 0 0 0 0 0 0 0 0 0 0 0 0 0 0 0 0 0 0 0 0 0 0
313.0 0 0 0 0 0 0 0 0 0 0 0 0 0 0 0 0 0 0 0 0 0 0 0 0 0 0 0 0 0 0 0 0 0
314.0 0 0 0 0 0 0 0 0 0 0 0 0 0 0 0 0 0 0 0 0 0 0 0 0 0 0 0 0 0 0 0 0 0
315.0 0 0 0 0 0 0 0 0 0 0 0 0 0 0 0 0 0 0 0 0 0 0 0 0 0 0 0 0 0 0 0 0 0
316.0 0 0 0 0 0 0 0 0 0 0 0 0 0 0 0 0 0 0 0 0 0 0 0 0 0 0 0 0 0 0 0 0 0
317.0 0 0 0 0 0 0 0 0 0 0 0 0 0 0 0 0 0 0 0 0 0 0 0 0 0 0 0 0 0 0 0 0 0
318.0 0 0 0 0 0 0 0 0 0 0 0 0 0 0 0 0 0 0 0 0 0 0 0 0 0 0 0 0 0 0 0 0 0
319.0 0 0 0 0 0 0 0 0 0 0 0 0 0 0 0 0 0 0 0 0 0 0 0 0 0 0 0 0 0 0 0 0 0
320.0 0 0 0 0 0 0 0 0 0 0 0 0 0 0 0 0 0 0 0 0 0 0 0 0 0 0 0 0 0 0 0 0 0
321.0 0 0 0 0 0 0 0 0 0 0 0 0 0 0 0 0 0 0 0 0 0 0 0 0 0 0 0 0 0 0 0 0 0
322.0 0 0 0 0 0 0 0 0 0 0 0 0 0 0 0 0 0 0 0 0 0 0 0 0 0 0 0 0 0 0 0 0 0
323.0 0 0 0 0 0 0 0 0 0 0 0 0 0 0 0 0 0 0 0 0 0 0 0 0 0 0 0 0 0 0 0 0 0
324.0 0 0 0 0 0 0 0 0 0 0 0 0 0 0 0 0 0 0 0 0 0 0 0 0 0 0 0 0 0 0 0 0 0
325.0 0 0 0 0 0 0 0 0 0 0 0 0 0 0 0 0 0 0 0 0 0 0 0 0 0 0 0 0 0 0 0 0 0
326.0 0 0 0 0 0 0 0 0 0 0 0 0 0 0 0 0 0 0 0 0 0 0 0 0 0 0 0 0 0 0 0 0 0
327.0 0 0 0 0 0 0 0 0 0 0 0 0 0 0 0 0 0 0 0 0 0 0 0 0 0 0 0 0 0 0 0 0 0
328.0 0 0 0 0 0 0 0 0 0 0 0 0 0 0 0 0 0 0 0 0 0 0 0 0 0 0 0 0 0 0 0 0 0
329.0 0 0 0 0 0 0 0 0 0 0 0 0 0 0 0 0 0 0 0 0 0 0 0 0 0 0 0 0 0 0 0 0 0
330.0 0 0 0 0 0 0 0 0 0 0 0 0 0 0 0 0 0 0 0 0 0 0 0 0 0 0 0 0 0 0 0 0 0
331.0 0 0 0 0 0 0 0 0 0 0 0 0 0 0 0 0 0 0 0 0 0 0 0 0 0 0 0 0 0 0 0 0 0
332.0 0 0 0 0 0 0 0 0 0 0 0 0 0 0 0 0 0 0 0 0 0 0 0 0 0 0 0 0 0 0 0 0 0
333.0 0 0 0 0 0 0 0 0 0 0 0 0 0 0 0 0 0 0 0 0 0 0 0 0 0 0 0 0 0 0 0 0 0
334.0 0 0 0 0 0 0 0 0 0 0 0 0 0 0 0 0 0 0 0 0 0 0 0 0 0 0 0 0 0 0 0 0 0
335.0 0 0 0 0 0 0 0 0 0 0 0 0 0 0 0 0 0 0 0 0 0 0 0 0 0 0 0 0 0 0 0 0 0
336.0 0 0 0 0 0 0 0 0 0 0 0 0 0 0 0 0 0 0 0 0 0 0 0 0 0 0 0 0 0 0 0 0 0
337.0 0 0 0 0 0 0 0 0 0 0 0 0 0 0 0 0 0 0 0 0 0 0 0 0 0 0 0 0 0 0 0 0 0
338.0 0 0 0 0 0 0 0 0 0 0 0 0 0 0 0 0 0 0 0 0 0 0 0 0 0 0 0 0 0 0 0 0 0
339.0 0 0 0 0 0 0 0 0 0 0 0 0 0 0 0 0 0 0 0 0 0 0 0 0 0 0 0 0 0 0 0 0 0
340.0 0 0 0 0 0 0 0 0 0 0 0 0 0 0 0 0 0 0 0 0 0 0 0 0 0 0 0 0 0 0 0 0 0
341.0 0 0 0 0 0 0 0 0 0 0 0 0 0 0 0 0 0 0 0 0 0 0 0 0 0 0 0 0 0 0 0 0 0
342.0 0 0 0 0 0 0 0 0 0 0 0 0 0 0 0 0 0 0 0 0 0 0 0 0 0 0 0 0 0 0 0 0 0
343.0 0 0 0 0 0 0 0 0 0 0 0 0 0 0 0 0 0 0 0 0 0 0 0 0 0 0 0 0 0 0 0 0 0
344.0 0 0 0 0 0 0 0 0 0 0 0 0 0 0 0 0 0 0 0 0 0 0 0 0 0 0 0 0 0 0 0 0 0
345.0 0 0 0 0 0 0 0 0 0 0 0 0 0 0 0 0 0 0 0 0 0 0 0 0 0 0 0 0 0 0 0 0 0
346.0 0 0 0 0 0 0 0 0 0 0 0 0 0 0 0 0 0 0 0 0 0 0 0 0 0 0 0 0 0 0 0 0 0
347.0 0 0 0 0 0 0 0 0 0 0 0 0 0 0 0 0 0 0 0 0 0 0 0 0 0 0 0 0 0 0 0 0 0
348.0 0 0 0 0 0 0 0 0 0 0 0 0 0 0 0 0 0 0 0 0 0 0 0 0 0 0 0 0 0 0 0 0 0
349.0 0 0 0 0 0 0 0 0 0 0 0 0 0 0 0 0 0 0 0 0 0 0 0 0 0 0 0 0 0 0 0 0 0
350.0 0 0 0 0 0 0 0 0 0 0 0 0 0 0 0 0 0 0 0 0 0 0 0 0 0 0 0 0 0 0 0 0 0
351.0 0 0 0 0 0 0 0 0 0 0 0 0 0 0 0 0 0 0 0 0 0 0 0 0 0 0 0 0 0 0 0 0 0
352.0 0 0 0 0 0 0 0 0 0 0 0 0 0 0 0 0 0 0 0 0 0 0 0 0 0 0 0 0 0 0 0 0 0
353.0 0 0 0 0 0 0 0 0 0 0 0 0 0 0 0 0 0 0 0 0 0 0 0 0 0 0 0 0 0 0 0 0 0
354.0 0 0 0 0 0 0 0 0 0 0 0 0 0 0 0 0 0 0 0 0 0 0 0 0 0 0 0 0 0 0 0 0 0
355.0 0 0 0 0 0 0 0 0 0 0 0 0 0 0 0 0 0 0 0 0 0 0 0 0 0 0 0 0 0 0 0 0 0
356.0 0 0 0 0 0 0 0 0 0 0 0 0 0 0 0 0 0 0 0 0 0 0 0 0 0 0 0 0 0 0 0 0 0
357.0 0 0 0 0 0 0 0 0 0 0 0 0 0 0 0 0 0 0 0 0 0 0 0 0 0 0 0 0 0 0 0 0 0
358.0 0 0 0 0 0 0 0 0 0 0 0 0 0 0 0 0 0 0 0 0 0 0 0 0 0 0 0 0 0 0 0 0 0
359.0 0 0 0 0 0 0 0 0 0 0 0 0 0 0 0 0 0 0 0 0 0 0 0 0 0 0 0 0 0 0 0 0 0
360.0 0 0 0 0 0 0 0 0 0 0 0 0 0 0 0 0 0 0 0 0 0 0 0 0 0 0 0 0 0 0 0 0 0
361.0 0 0 0 0 0 0 0 0 0 0 0 0 0 0 0 0 0 0 0 0 0 0 0 0 0 0 0 0 0 0 0 0 0
362.0 0 0 0 0 0 0 0 0 0 0 0 0 0 0 0 0 0 0 0 0 0 0 0 0 0 0 0 0 0 0 0 0 0
363.0 0 0 0 0 0 0 0 0 0 0 0 0 0 0 0 0 0 0 0 0 0 0 0 0 0 0 0 0 0 0 0 0 0
364.0 0 0 0 0 0 0 0 0 0 0 0 0 0 0 0 0 0 0 0 0 0 0 0 0 0 0 0 0 0 0 0 0 0
365.0 0 0 0 0 0 0 0 0 0 0 0 0 0 0 0 0 0 0 0 0 0 0 0 0 0 0 0 0 0 0 0 0 0
