Covid-19 Population Estimated by PSD Model @ CDS/IISc
Day AN AP AR AS BR CH CT DL GA GJ HR HP JK JH KA KL LA LD MP MH MN OR PY PB RJ SK TN TG TR UP UT WB Total
0.0 3 17 1 2 7 9 3 51 1 38 32 4 12 1 45 121 14 1 18 132 1 4 2 27 45 1 33 48 1 47 6 12 740
1.0 4 20 1 3 9 11 4 62 1 47 39 5 15 1 55 149 18 1 22 163 1 5 3 33 55 1 41 59 1 57 8 15 910
2.0 4 24 1 3 10 13 4 73 1 55 46 6 18 1 64 174 21 1 25 190 1 6 3 39 64 1 48 68 1 67 9 18 1062
3.0 5 27 2 3 12 15 5 83 2 63 53 7 20 2 73 199 24 2 29 218 2 7 3 44 73 2 54 78 2 77 10 20 1216
4.0 6 31 2 4 14 17 6 95 2 72 60 8 23 2 83 226 27 2 33 248 2 8 4 50 83 2 62 89 2 87 12 23 1383
5.0 7 35 2 4 15 20 7 108 2 81 68 9 26 2 94 257 31 2 37 281 2 9 4 57 94 2 70 101 2 99 13 26 1570
6.0 7 40 2 5 17 22 7 122 2 92 77 10 30 2 107 291 35 2 42 319 2 10 5 65 107 2 80 115 2 112 15 30 1780
7.0 8 45 3 6 20 25 8 138 3 104 88 11 34 3 121 330 40 3 48 361 3 11 6 73 121 3 90 130 3 127 17 34 2018
8.0 10 51 3 6 22 29 10 157 3 118 99 13 38 3 137 374 45 3 54 409 3 13 6 83 137 3 102 147 3 144 19 38 2286
9.0 11 58 4 7 25 33 11 177 4 134 112 14 43 4 156 423 51 4 62 463 4 14 7 94 156 4 116 166 4 163 22 43 2588
10.0 12 65 4 8 29 37 12 201 4 151 127 16 49 4 176 479 57 4 70 524 4 16 8 106 176 4 131 188 4 184 25 49 2927
11.0 14 74 5 9 32 42 14 227 5 171 143 19 56 5 199 541 65 5 79 592 5 19 9 120 199 5 148 213 5 208 28 56 3307
12.0 16 84 5 10 37 47 16 256 5 193 162 21 63 5 224 611 73 5 89 668 5 21 10 136 224 5 167 240 5 235 31 63 3733
13.0 18 94 6 12 41 53 18 288 6 218 182 24 71 6 253 689 82 6 100 753 6 24 12 153 253 6 188 271 6 265 35 71 4208
14.0 20 106 7 13 46 60 20 325 7 245 205 27 80 7 285 775 93 7 113 848 7 27 13 172 285 7 212 305 7 298 40 80 4738
15.0 22 119 7 15 52 67 22 365 7 276 231 30 89 7 320 872 104 7 127 954 7 30 15 194 320 7 238 343 7 335 45 89 5328
16.0 25 134 8 17 58 75 25 409 8 309 259 33 100 8 359 977 117 8 142 1069 8 33 17 217 359 8 267 384 8 376 50 100 5972
17.0 28 149 9 19 65 84 28 457 9 345 289 37 112 9 401 1091 130 9 158 1193 9 37 19 242 401 9 298 429 9 419 56 112 6665
18.0 31 166 10 21 72 93 31 507 10 383 321 41 124 10 445 1212 145 10 176 1326 10 41 21 269 445 10 331 476 10 466 62 124 7405
19.0 34 183 11 23 80 103 34 561 11 424 355 46 137 11 492 1340 160 11 195 1466 11 46 23 298 492 11 366 527 11 515 69 137 8189
20.0 38 202 13 25 88 113 38 618 13 466 391 50 151 13 542 1475 176 13 214 1613 13 50 25 328 542 13 403 580 13 567 76 151 9011
21.0 41 221 14 28 97 124 41 676 14 511 428 55 166 14 594 1615 193 14 235 1767 14 55 28 359 594 14 442 635 14 621 83 166 9870
22.0 45 241 15 30 106 136 45 739 15 558 467 60 181 15 648 1764 211 15 256 1929 15 60 30 392 648 15 482 693 15 678 90 181 10777
23.0 49 263 16 33 115 148 49 805 16 608 509 66 197 16 706 1922 230 16 279 2103 16 66 33 427 706 16 526 756 16 739 99 197 11746
24.0 54 286 18 36 125 161 54 875 18 661 554 71 214 18 768 2090 250 18 304 2286 18 71 36 464 768 18 572 822 18 804 107 214 12772
25.0 58 310 19 39 136 174 58 950 19 717 601 78 233 19 833 2267 271 19 329 2481 19 78 39 504 833 19 620 891 19 872 116 233 13856
26.0 63 336 21 42 147 189 63 1028 21 776 650 84 252 21 902 2455 294 21 357 2685 21 84 42 545 902 21 671 965 21 944 126 252 15000
27.0 68 363 23 45 159 204 68 1110 23 839 703 91 272 23 975 2652 317 23 385 2901 23 91 45 589 975 23 725 1043 23 1020 136 272 16204
28.0 73 391 24 49 171 220 73 1197 24 904 758 98 293 24 1051 2859 342 24 415 3128 24 98 49 635 1051 24 782 1124 24 1100 147 293 17472
29.0 79 421 26 53 184 237 79 1289 26 973 815 105 316 26 1131 3077 368 26 447 3366 26 105 53 684 1131 26 842 1210 26 1183 158 316 18804
30.0 85 452 28 57 198 254 85 1384 28 1045 876 113 339 28 1215 3306 396 28 480 3617 28 113 57 735 1215 28 904 1300 28 1271 170 339 20202
31.0 91 485 30 61 212 273 91 1485 30 1121 939 121 364 30 1303 3546 424 30 515 3879 30 121 61 788 1303 30 970 1394 30 1364 182 364 21669
32.0 97 519 32 65 227 292 97 1590 32 1201 1006 130 389 32 1395 3797 454 32 552 4154 32 130 65 844 1395 32 1038 1493 32 1460 195 389 23204
33.0 104 555 35 69 243 312 104 1700 35 1284 1076 139 416 35 1492 4060 486 35 590 4441 35 139 69 902 1492 35 1110 1596 35 1561 208 416 24809
34.0 111 593 37 74 259 333 111 1815 37 1371 1148 148 444 37 1593 4334 519 37 630 4741 37 148 74 963 1593 37 1185 1704 37 1667 222 444 26485
35.0 118 632 39 79 276 355 118 1935 39 1461 1224 158 474 39 1698 4620 553 39 671 5054 39 158 79 1027 1698 39 1264 1816 39 1777 237 474 28231
36.0 126 672 42 84 294 378 126 2059 42 1555 1303 168 504 42 1807 4917 588 42 714 5379 42 168 84 1093 1807 42 1345 1933 42 1891 252 504 30049
37.0 134 714 45 89 312 402 134 2187 45 1652 1384 179 536 45 1919 5223 625 45 759 5714 45 179 89 1161 1919 45 1428 2053 45 2009 268 536 31916
38.0 142 757 47 95 331 426 142 2317 47 1750 1466 189 567 47 2033 5533 662 47 804 6053 47 189 95 1230 2033 47 1513 2175 47 2128 284 567 33812
39.0 150 800 50 100 350 450 150 2449 50 1849 1549 200 600 50 2149 5847 700 50 850 6397 50 200 100 1299 2149 50 1599 2299 50 2249 300 600 35730
40.0 158 843 53 105 369 474 158 2581 53 1949 1633 211 632 53 2265 6163 737 53 895 6742 53 211 105 1369 2265 53 1685 2423 53 2370 316 632 37660
41.0 166 886 55 111 388 498 166 2713 55 2049 1716 221 664 55 2381 6478 775 55 941 7087 55 221 111 1440 2381 55 1772 2547 55 2492 332 664 39589
42.0 174 929 58 116 406 522 174 2844 58 2148 1800 232 697 58 2496 6792 813 58 987 7430 58 232 116 1509 2496 58 1858 2670 58 2612 348 697 41505
43.0 182 971 61 121 425 546 182 2974 61 2246 1881 243 728 61 2610 7101 850 61 1032 7769 61 243 121 1578 2610 61 1942 2792 61 2731 364 728 43395
44.0 190 1013 63 127 443 570 190 3101 63 2341 1962 253 759 63 2721 7404 886 63 1076 8100 63 253 127 1645 2721 63 2025 2911 63 2848 380 759 45246
45.0 197 1053 66 132 461 592 197 3224 66 2435 2040 263 790 66 2829 7698 921 66 1119 8422 66 263 132 1711 2829 66 2106 3027 66 2961 395 790 47045
46.0 205 1092 68 136 478 614 205 3343 68 2524 2115 273 819 68 2934 7982 955 68 1160 8732 68 273 136 1774 2934 68 2183 3138 68 3070 409 819 48779
47.0 212 1129 71 141 494 635 212 3456 71 2610 2187 282 846 71 3033 8253 988 71 1199 9029 71 282 141 1834 3033 71 2257 3245 71 3174 423 846 50434
48.0 218 1164 73 145 509 655 218 3564 73 2691 2255 291 873 73 3127 8509 1018 73 1236 9309 73 291 145 1891 3127 73 2327 3345 73 3273 436 873 52001
49.0 224 1196 75 150 523 673 224 3664 75 2767 2318 299 897 75 3215 8749 1047 75 1271 9572 75 299 150 1944 3215 75 2393 3440 75 3365 449 897 53466
50.0 230 1227 77 153 537 690 230 3757 77 2837 2377 307 920 77 3297 8971 1073 77 1303 9814 77 307 153 1993 3297 77 2453 3527 77 3450 460 920 54820
51.0 236 1256 79 157 550 707 236 3847 79 2905 2434 314 942 79 3376 9185 1099 79 1335 10049 79 314 157 2041 3376 79 2512 3611 79 3533 471 942 56133
52.0 244 1299 81 162 568 731 244 3978 81 3004 2517 325 974 81 3491 9499 1137 81 1380 10392 81 325 162 2111 3491 81 2598 3735 81 3653 487 974 58047
53.0 251 1341 84 168 587 754 251 4106 84 3101 2598 335 1006 84 3603 9805 1173 84 1425 10727 84 335 168 2179 3603 84 2682 3855 84 3771 503 1006 59918
54.0 259 1383 86 173 605 778 259 4235 86 3198 2679 346 1037 86 3716 10112 1210 86 1469 11063 86 346 173 2247 3716 86 2766 3976 86 3889 519 1037 61796
55.0 267 1426 89 178 624 802 267 4366 89 3297 2762 356 1069 89 3831 10425 1247 89 1515 11405 89 356 178 2317 3831 89 2851 4099 89 4009 535 1069 63706
56.0 275 1469 92 184 643 826 275 4500 92 3398 2847 367 1102 92 3949 10744 1286 92 1561 11754 92 367 184 2388 3949 92 2938 4224 92 4132 551 1102 65656
57.0 284 1514 95 189 662 852 284 4636 95 3501 2933 378 1135 95 4068 11070 1325 95 1608 12111 95 378 189 2460 4068 95 3028 4352 95 4258 568 1135 67651
58.0 292 1559 97 195 682 877 292 4776 97 3606 3021 390 1170 97 4191 11403 1364 97 1657 12475 97 390 195 2534 4191 97 3119 4483 97 4386 585 1170 69687
59.0 301 1606 100 201 703 903 301 4918 100 3714 3111 401 1204 100 4316 11743 1405 100 1706 12847 100 401 201 2610 4316 100 3212 4617 100 4516 602 1204 71762
60.0 310 1653 103 207 723 930 310 5063 103 3823 3203 413 1240 103 4443 12088 1446 103 1756 13225 103 413 207 2686 4443 103 3306 4753 103 4649 620 1240 73873
61.0 319 1701 106 213 744 957 319 5210 106 3934 3296 425 1276 106 4572 12439 1488 106 1807 13609 106 425 213 2764 4572 106 3402 4891 106 4784 638 1276 76017
62.0 328 1750 109 219 766 984 328 5359 109 4046 3390 437 1312 109 4702 12795 1531 109 1859 13998 109 437 219 2843 4702 109 3499 5030 109 4921 656 1312 78191
63.0 337 1799 112 225 787 1012 337 5509 112 4160 3485 450 1349 112 4835 13155 1574 112 1911 14392 112 450 225 2923 4835 112 3598 5172 112 5060 675 1349 80390
64.0 347 1849 116 231 809 1040 347 5662 116 4275 3582 462 1387 116 4968 13518 1618 116 1964 14789 116 462 231 3004 4968 116 3697 5315 116 5199 693 1387 82613
65.0 356 1899 119 237 831 1068 356 5815 119 4391 3679 475 1424 119 5103 13885 1661 119 2018 15191 119 475 237 3086 5103 119 3798 5459 119 5340 712 1424 84855
66.0 366 1950 122 244 853 1097 366 5971 122 4509 3778 487 1462 122 5240 14258 1706 122 2072 15599 122 487 244 3169 5240 122 3900 5606 122 5484 731 1462 87134
67.0 375 2002 125 250 876 1126 375 6131 125 4630 3879 501 1502 125 5381 14640 1752 125 2127 16017 125 501 250 3253 5381 125 4004 5756 125 5631 751 1502 89468
68.0 385 2055 128 257 899 1156 385 6295 128 4753 3983 514 1542 128 5524 15031 1799 128 2184 16444 128 514 257 3340 5524 128 4111 5910 128 5781 771 1542 91855
69.0 396 2110 132 264 923 1187 396 6462 132 4880 4088 528 1583 132 5671 15430 1846 132 2242 16881 132 528 264 3429 5671 132 4220 6067 132 5935 791 1583 94295
70.0 406 2166 135 271 948 1218 406 6633 135 5009 4196 541 1624 135 5821 15838 1895 135 2301 17327 135 541 271 3520 5821 135 4332 6227 135 6092 812 1624 96788
71.0 417 2223 139 278 972 1250 417 6807 139 5140 4307 556 1667 139 5974 16254 1945 139 2362 17783 139 556 278 3612 5974 139 4446 6391 139 6252 834 1667 99333
72.0 428 2281 143 285 998 1283 428 6985 143 5275 4419 570 1711 143 6130 16679 1996 143 2424 18248 143 570 285 3707 6130 143 4562 6558 143 6415 855 1711 101930
73.0 439 2340 146 293 1024 1316 439 7167 146 5412 4534 585 1755 146 6289 17113 2048 146 2486 18722 146 585 293 3803 6289 146 4680 6728 146 6582 878 1755 104578
74.0 450 2401 150 300 1050 1350 450 7352 150 5551 4651 600 1800 150 6452 17554 2101 150 2551 19205 150 600 300 3901 6452 150 4801 6902 150 6752 900 1800 107277
75.0 462 2462 154 308 1077 1385 462 7540 154 5694 4770 616 1847 154 6617 18004 2154 154 2616 19697 154 616 308 4001 6617 154 4924 7079 154 6925 923 1847 110027
76.0 473 2525 158 316 1105 1420 473 7732 158 5839 4892 631 1894 158 6785 18462 2209 158 2683 20198 158 631 316 4103 6785 158 5050 7259 158 7101 947 1894 112826
77.0 485 2588 162 324 1132 1456 485 7927 162 5986 5015 647 1941 162 6957 18928 2265 162 2750 20708 162 647 324 4206 6957 162 5177 7442 162 7280 971 1941 115673
78.0 497 2653 166 332 1161 1492 497 8126 166 6136 5141 663 1990 166 7131 19402 2322 166 2819 21226 166 663 332 4312 7131 166 5307 7628 166 7462 995 1990 118568
79.0 510 2719 170 340 1190 1530 510 8327 170 6288 5268 680 2039 170 7308 19884 2379 170 2889 21753 170 680 340 4419 7308 170 5438 7817 170 7648 1020 2039 121510
80.0 522 2786 174 348 1219 1567 522 8532 174 6443 5398 696 2089 174 7487 20372 2438 174 2960 22288 174 696 348 4527 7487 174 5572 8010 174 7836 1045 2089 124498
81.0 535 2854 178 357 1249 1605 535 8740 178 6599 5529 713 2140 178 7670 20869 2497 178 3032 22831 178 713 357 4637 7670 178 5708 8205 178 8026 1070 2140 127531
82.0 548 2923 183 365 1279 1644 548 8951 183 6759 5663 731 2192 183 7855 21372 2557 183 3105 23381 183 731 365 4749 7855 183 5845 8403 183 8220 1096 2192 130606
83.0 561 2992 187 374 1309 1683 561 9164 187 6920 5798 748 2244 187 8042 21882 2618 187 3179 23939 187 748 374 4863 8042 187 5985 8603 187 8416 1122 2244 133723
84.0 574 3063 191 383 1340 1723 574 9381 191 7083 5935 766 2297 191 8232 22399 2680 191 3254 24504 191 766 383 4977 8232 191 6126 8806 191 8615 1149 2297 136880
85.0 588 3135 196 392 1371 1763 588 9600 196 7249 6073 784 2351 196 8424 22921 2743 196 3330 25077 196 784 392 5094 8424 196 6269 9012 196 8816 1175 2351 140076
86.0 601 3207 200 401 1403 1804 601 9821 200 7416 6213 802 2405 200 8619 23450 2806 200 3407 25655 200 802 401 5211 8619 200 6414 9220 200 9019 1203 2405 143308
87.0 615 3280 205 410 1435 1845 615 10045 205 7585 6355 820 2460 205 8815 23985 2870 205 3485 26240 205 820 410 5330 8815 205 6560 9430 205 9225 1230 2460 146574
88.0 629 3354 210 419 1467 1887 629 10271 210 7756 6498 838 2515 210 9013 24525 2935 210 3563 26830 210 838 419 5450 9013 210 6708 9642 210 9433 1258 2515 149872
89.0 643 3428 214 429 1500 1928 643 10499 214 7928 6642 857 2571 214 9213 25069 3000 214 3643 27426 214 857 429 5571 9213 214 6857 9856 214 9642 1286 2571 153200
90.0 657 3503 219 438 1533 1971 657 10729 219 8101 6788 876 2628 219 9415 25618 3065 219 3722 28027 219 876 438 5693 9415 219 7007 10072 219 9853 1314 2628 156556
91.0 671 3579 224 447 1566 2013 671 10961 224 8276 6934 895 2684 224 9618 26171 3132 224 3803 28632 224 895 447 5816 9618 224 7158 10290 224 10066 1342 2684 159935
92.0 685 3655 228 457 1599 2056 685 11194 228 8452 7082 914 2741 228 9823 26728 3198 228 3884 29241 228 914 457 5939 9823 228 7310 10508 228 10280 1371 2741 163336
93.0 700 3732 233 466 1633 2099 700 11428 233 8629 7230 933 2799 233 10029 27287 3265 233 3965 29853 233 933 466 6064 10029 233 7463 10728 233 10495 1399 2799 166756
94.0 714 3808 238 476 1666 2142 714 11663 238 8807 7379 952 2856 238 10235 27849 3332 238 4046 30468 238 952 476 6189 10235 238 7617 10949 238 10711 1428 2856 170190
95.0 729 3886 243 486 1700 2186 729 11900 243 8985 7528 971 2914 243 10442 28413 3400 243 4128 31085 243 971 486 6314 10442 243 7771 11171 243 10928 1457 2914 173636
96.0 743 3963 248 495 1734 2229 743 12136 248 9164 7678 991 2972 248 10650 28978 3468 248 4211 31703 248 991 495 6440 10650 248 7926 11393 248 11146 1486 2972 177090
97.0 758 4040 253 505 1768 2273 758 12373 253 9343 7828 1010 3030 253 10858 29544 3535 253 4293 32322 253 1010 505 6565 10858 253 8080 11616 253 11363 1515 3030 180548
98.0 772 4118 257 515 1801 2316 772 12610 257 9522 7978 1029 3088 257 11066 30110 3603 257 4375 32941 257 1029 515 6691 11066 257 8235 11838 257 11581 1544 3088 184006
99.0 787 4195 262 524 1835 2360 787 12847 262 9701 8128 1049 3146 262 11274 30675 3671 262 4457 33559 262 1049 524 6817 11274 262 8390 12060 262 11798 1573 3146 187460
100.0 801 4272 267 534 1869 2403 801 13083 267 9879 8277 1068 3204 267 11481 31239 3738 267 4539 34176 267 1068 534 6942 11481 267 8544 12282 267 12015 1602 3204 190905
101.0 815 4349 272 544 1903 2446 815 13318 272 10057 8426 1087 3262 272 11687 31801 3805 272 4621 34790 272 1087 544 7067 11687 272 8698 12503 272 12231 1631 3262 194337
102.0 830 4425 277 553 1936 2489 830 13552 277 10233 8574 1106 3319 277 11893 32359 3872 277 4702 35402 277 1106 553 7191 11893 277 8850 12722 277 12446 1659 3319 197751
103.0 844 4501 281 563 1969 2532 844 13785 281 10409 8721 1125 3376 281 12097 32914 3938 281 4782 36009 281 1125 563 7314 12097 281 9002 12941 281 12659 1688 3376 201141
104.0 858 4576 286 572 2002 2574 858 14015 286 10583 8867 1144 3432 286 12299 33464 4004 286 4862 36610 286 1144 572 7437 12299 286 9153 13157 286 12871 1716 3432 204504
105.0 872 4651 291 581 2035 2616 872 14243 291 10755 9011 1163 3488 291 12499 34009 4069 291 4941 37206 291 1163 581 7558 12499 291 9302 13371 291 13080 1744 3488 207833
106.0 886 4724 295 591 2067 2657 886 14469 295 10925 9154 1181 3543 295 12697 34547 4134 295 5020 37795 295 1181 591 7677 12697 295 9449 13583 295 13287 1772 3543 211123
107.0 899 4797 300 600 2099 2698 899 14691 300 11093 9294 1199 3598 300 12892 35078 4197 300 5097 38376 300 1199 600 7795 12892 300 9594 13792 300 13492 1799 3598 214368
108.0 913 4869 304 609 2130 2739 913 14910 304 11259 9433 1217 3651 304 13084 35601 4260 304 5173 38948 304 1217 609 7911 13084 304 9737 13997 304 13693 1826 3651 217564
109.0 926 4939 309 617 2161 2778 926 15125 309 11421 9569 1235 3704 309 13273 36115 4321 309 5247 39510 309 1235 617 8026 13273 309 9878 14199 309 13890 1852 3704 220703
110.0 939 5008 313 626 2191 2817 939 15336 313 11580 9702 1252 3756 313 13458 36619 4382 313 5321 40061 313 1252 626 8137 13458 313 10015 14397 313 14084 1878 3756 223780
111.0 952 5075 317 634 2220 2855 952 15542 317 11736 9833 1269 3806 317 13639 37111 4441 317 5392 40600 317 1269 634 8247 13639 317 10150 14591 317 14273 1903 3806 226790
112.0 964 5141 321 643 2249 2892 964 15743 321 11888 9960 1285 3856 321 13816 37591 4498 321 5462 41126 321 1285 643 8354 13816 321 10281 14780 321 14458 1928 3856 229725
113.0 976 5205 325 651 2277 2928 976 15939 325 12036 10084 1301 3903 325 13987 38059 4554 325 5530 41637 325 1301 651 8457 13987 325 10409 14963 325 14638 1952 3903 232581
114.0 987 5267 329 658 2304 2962 987 16129 329 12179 10204 1317 3950 329 14154 38512 4608 329 5596 42132 329 1317 658 8558 14154 329 10533 15141 329 14812 1975 3950 235349
115.0 999 5326 333 666 2330 2996 999 16312 333 12317 10320 1332 3995 333 14315 38950 4661 333 5659 42612 333 1332 666 8655 14315 333 10653 15314 333 14981 1997 3995 238026
116.0 1010 5384 337 673 2356 3029 1010 16489 337 12451 10432 1346 4038 337 14470 39372 4711 337 5721 43073 337 1346 673 8749 14470 337 10768 15479 337 15143 2019 4038 240604
117.0 1020 5439 340 680 2380 3060 1020 16658 340 12579 10539 1360 4080 340 14619 39776 4760 340 5779 43516 340 1360 680 8839 14619 340 10879 15639 340 15299 2040 4080 243077
118.0 1030 5492 343 687 2403 3089 1030 16820 343 12701 10641 1373 4119 343 14761 40163 4806 343 5836 43939 343 1373 687 8925 14761 343 10985 15791 343 15447 2060 4119 245440
119.0 1039 5543 346 693 2425 3118 1039 16974 346 12817 10739 1386 4157 346 14896 40530 4850 346 5889 44341 346 1386 693 9007 14896 346 11085 15935 346 15589 2078 4157 247686
120.0 1048 5590 349 699 2446 3144 1048 17120 349 12927 10831 1398 4193 349 15023 40878 4891 349 5940 44721 349 1398 699 9084 15023 349 11180 16072 349 15722 2096 4193 249809
121.0 1057 5635 352 704 2465 3170 1057 17257 352 13030 10917 1409 4226 352 15143 41204 4930 352 5987 45078 352 1409 704 9157 15143 352 11270 16200 352 15848 2113 4226 251805
122.0 1064 5676 355 710 2483 3193 1064 17384 355 13127 10998 1419 4257 355 15255 41509 4967 355 6031 45412 355 1419 710 9224 15255 355 11353 16320 355 15965 2129 4257 253666
123.0 1072 5715 357 714 2500 3215 1072 17502 357 13216 11073 1429 4286 357 15359 41791 5001 357 6072 45720 357 1429 714 9287 15359 357 11430 16431 357 16073 2143 4286 255389
124.0 1078 5750 359 719 2516 3235 1078 17610 359 13298 11141 1438 4313 359 15454 42049 5032 359 6110 46002 359 1438 719 9344 15454 359 11501 16532 359 16173 2156 4313 256967
125.0 1084 5782 361 723 2530 3253 1084 17708 361 13372 11203 1446 4337 361 15540 42283 5060 361 6144 46258 361 1446 723 9396 15540 361 11565 16624 361 16263 2168 4337 258396
126.0 1090 5811 363 726 2542 3269 1090 17796 363 13438 11259 1453 4358 363 15617 42492 5084 363 6174 46487 363 1453 726 9443 15617 363 11622 16706 363 16343 2179 4358 259672
127.0 1094 5836 365 729 2553 3283 1094 17872 365 13495 11307 1459 4377 365 15684 42675 5106 365 6201 46687 365 1459 729 9483 15684 365 11672 16778 365 16413 2188 4377 260790
128.0 1098 5857 366 732 2563 3295 1098 17938 366 13545 11348 1464 4393 366 15741 42831 5125 366 6223 46858 366 1464 732 9518 15741 366 11715 16840 366 16474 2196 4393 261746
129.0 1102 5875 367 734 2570 3305 1102 17992 367 13586 11383 1469 4406 367 15789 42961 5141 367 6242 47000 367 1469 734 9547 15789 367 11750 16890 367 16523 2203 4406 262536
130.0 1104 5889 368 736 2576 3312 1104 18035 368 13618 11410 1472 4417 368 15826 43062 5153 368 6257 47111 368 1472 736 9569 15826 368 11778 16930 368 16562 2208 4417 263158
131.0 1106 5899 369 737 2581 3318 1106 18065 369 13641 11429 1475 4424 369 15853 43136 5162 369 6268 47192 369 1475 737 9586 15853 369 11798 16959 369 16591 2212 4424 263609
132.0 1107 5905 369 738 2583 3322 1107 18084 369 13656 11441 1476 4429 369 15870 43181 5167 369 6274 47241 369 1476 738 9596 15870 369 11810 16977 369 16608 2214 4429 263885
133.0 1108 5907 369 738 2584 3323 1108 18091 369 13661 11446 1477 4431 369 15876 43198 5169 369 6277 47259 369 1477 738 9599 15876 369 11815 16984 369 16614 2215 4431 263986
134.0 1107 5906 369 738 2584 3322 1107 18086 369 13657 11442 1476 4429 369 15871 43185 5167 369 6275 47245 369 1476 738 9597 15871 369 11811 16979 369 16610 2215 4429 263909
135.0 1106 5900 369 737 2581 3319 1106 18069 369 13644 11431 1475 4425 369 15856 43143 5162 369 6269 47200 369 1475 737 9587 15856 369 11800 16962 369 16594 2212 4425 263654
136.0 1104 5890 368 736 2577 3313 1104 18039 368 13621 11412 1473 4418 368 15830 43072 5154 368 6258 47122 368 1473 736 9572 15830 368 11780 16934 368 16566 2209 4418 263220
137.0 1102 5877 367 735 2571 3306 1102 17997 367 13589 11386 1469 4407 367 15793 42972 5142 367 6244 47012 367 1469 735 9549 15793 367 11753 16895 367 16528 2204 4407 262606
138.0 1099 5859 366 732 2563 3296 1099 17942 366 13548 11351 1465 4394 366 15745 42842 5126 366 6225 46870 366 1465 732 9521 15745 366 11718 16844 366 16478 2197 4394 261814
139.0 1094 5837 365 730 2554 3283 1094 17876 365 13498 11309 1459 4378 365 15687 42684 5107 365 6202 46697 365 1459 730 9485 15687 365 11674 16782 365 16417 2189 4378 260844
140.0 1090 5811 363 726 2542 3269 1090 17797 363 13439 11260 1453 4359 363 15618 42496 5085 363 6175 46491 363 1453 726 9444 15618 363 11623 16708 363 16345 2179 4359 259698
141.0 1084 5782 361 723 2530 3252 1084 17707 361 13371 11202 1445 4336 361 15539 42280 5059 361 6143 46255 361 1445 723 9396 15539 361 11564 16623 361 16261 2168 4336 258377
142.0 1078 5748 359 719 2515 3234 1078 17605 359 13293 11138 1437 4311 359 15449 42036 5030 359 6108 45988 359 1437 719 9341 15449 359 11497 16527 359 16168 2156 4311 256884
143.0 1071 5711 357 714 2499 3213 1071 17491 357 13207 11066 1428 4283 357 15349 41764 4997 357 6068 45690 357 1428 714 9281 15349 357 11423 16420 357 16063 2142 4283 255222
144.0 1063 5670 354 709 2481 3190 1063 17365 354 13113 10986 1418 4253 354 15239 41465 4962 354 6025 45363 354 1418 709 9214 15239 354 11341 16302 354 15948 2126 4253 253394
145.0 1055 5626 352 703 2461 3165 1055 17229 352 13010 10900 1406 4219 352 15119 41139 4923 352 5977 45007 352 1406 703 9142 15119 352 11252 16174 352 15823 2110 4219 251405
146.0 1046 5578 349 697 2440 3138 1046 17082 349 12899 10807 1394 4183 349 14990 40788 4881 349 5926 44622 349 1394 697 9064 14990 349 11156 16036 349 15688 2092 4183 249257
147.0 1036 5526 345 691 2418 3109 1036 16924 345 12780 10707 1382 4145 345 14852 40411 4836 345 5872 44210 345 1382 691 8980 14852 345 11053 15888 345 15543 2072 4145 246956
148.0 1026 5472 342 684 2394 3078 1026 16756 342 12653 10601 1368 4104 342 14705 40010 4788 342 5813 43772 342 1368 684 8891 14705 342 10943 15731 342 15389 2052 4104 244508
149.0 1015 5414 338 677 2368 3045 1015 16579 338 12519 10489 1353 4060 338 14549 39586 4737 338 5752 43308 338 1353 677 8797 14549 338 10827 15564 338 15226 2030 4060 241917
150.0 1004 5352 335 669 2342 3011 1004 16392 335 12378 10370 1338 4014 335 14385 39140 4683 335 5687 42820 335 1338 669 8698 14385 335 10705 15388 335 15054 2007 4014 239189
151.0 992 5289 331 661 2314 2975 992 16196 331 12230 10246 1322 3966 331 14213 38672 4627 331 5619 42308 331 1322 661 8594 14213 331 10577 15204 331 14874 1983 3966 236330
152.0 979 5222 326 653 2285 2937 979 15992 326 12075 10117 1305 3916 326 14033 38184 4569 326 5548 41774 326 1305 653 8485 14033 326 10444 15013 326 14686 1958 3916 233347
153.0 966 5152 322 644 2254 2898 966 15779 322 11915 9983 1288 3864 322 13847 37677 4508 322 5474 41219 322 1288 644 8373 13847 322 10305 14813 322 14491 1932 3864 230247
154.0 953 5081 318 635 2223 2858 953 15559 318 11749 9844 1270 3810 318 13654 37151 4445 318 5398 40644 318 1270 635 8256 13654 318 10161 14607 318 14289 1905 3810 227036
155.0 939 5006 313 626 2190 2816 939 15332 313 11577 9700 1252 3755 313 13455 36609 4381 313 5319 40051 313 1252 626 8135 13455 313 10013 14393 313 14080 1877 3755 223722
156.0 924 4930 308 616 2157 2773 924 15098 308 11401 9552 1233 3698 308 13249 36051 4314 308 5238 39440 308 1233 616 8011 13249 308 9860 14174 308 13866 1849 3698 220311
157.0 910 4852 303 606 2123 2729 910 14858 303 11220 9400 1213 3639 303 13039 35478 4245 303 5155 38814 303 1213 606 7884 13039 303 9703 13949 303 13645 1819 3639 216811
158.0 895 4772 298 596 2088 2684 895 14613 298 11034 9245 1193 3579 298 12824 34892 4175 298 5070 38172 298 1193 596 7754 12824 298 9543 13718 298 13420 1789 3579 213229
159.0 879 4690 293 586 2052 2638 879 14362 293 10845 9086 1172 3517 293 12604 34294 4104 293 4983 37518 293 1172 586 7621 12604 293 9380 13483 293 13190 1759 3517 209574
160.0 864 4606 288 576 2015 2591 864 14107 288 10652 8925 1152 3455 288 12380 33685 4031 288 4894 36852 288 1152 576 7486 12380 288 9213 13244 288 12956 1727 3455 205851
161.0 848 4522 283 565 1978 2544 848 13848 283 10457 8761 1130 3391 283 12152 33066 3957 283 4804 36175 283 1130 565 7348 12152 283 9044 13000 283 12718 1696 3391 202070
162.0 832 4436 277 555 1941 2495 832 13585 277 10258 8595 1109 3327 277 11922 32439 3882 277 4713 35489 277 1109 555 7209 11922 277 8872 12754 277 12476 1664 3327 198237
163.0 815 4349 272 544 1903 2446 815 13320 272 10058 8427 1087 3262 272 11689 31804 3806 272 4621 34795 272 1087 544 7068 11689 272 8699 12504 272 12232 1631 3262 194360
164.0 799 4262 266 533 1865 2397 799 13052 266 9855 8257 1065 3196 266 11453 31164 3729 266 4528 34094 266 1065 533 6925 11453 266 8523 12252 266 11986 1598 3196 190446
165.0 783 4173 261 522 1826 2348 783 12781 261 9651 8086 1043 3130 261 11216 30518 3652 261 4434 33388 261 1043 522 6782 11216 261 8347 11999 261 11738 1565 3130 186502
166.0 766 4085 255 511 1787 2298 766 12509 255 9446 7914 1021 3064 255 10978 29869 3574 255 4340 32678 255 1021 511 6638 10978 255 8169 11743 255 11488 1532 3064 182535
167.0 749 3996 250 499 1748 2248 749 12236 250 9240 7741 999 2997 250 10738 29218 3496 250 4245 31964 250 999 499 6493 10738 250 7991 11487 250 11238 1498 2997 178552
168.0 732 3906 244 488 1709 2197 732 11963 244 9033 7568 977 2930 244 10498 28564 3418 244 4150 31250 244 977 488 6348 10498 244 7812 11230 244 10986 1465 2930 174559
169.0 716 3817 239 477 1670 2147 716 11689 239 8826 7395 954 2863 239 10258 27910 3340 239 4055 30534 239 954 477 6202 10258 239 7634 10973 239 10735 1431 2863 170563
170.0 699 3727 233 466 1631 2097 699 11415 233 8620 7222 932 2796 233 10018 27257 3262 233 3960 29820 233 932 466 6057 10018 233 7455 10716 233 10483 1398 2796 166571
171.0 682 3638 227 455 1592 2047 682 11142 227 8414 7049 910 2729 227 9778 26605 3184 227 3866 29106 227 910 455 5912 9778 227 7277 10460 227 10233 1364 2729 162587
172.0 666 3549 222 444 1553 1997 666 10870 222 8208 6877 887 2662 222 9539 25956 3106 222 3771 28396 222 887 444 5768 9539 222 7099 10205 222 9983 1331 2662 158617
173.0 649 3461 216 433 1514 1947 649 10600 216 8004 6706 865 2596 216 9302 25309 3028 216 3677 27689 216 865 433 5624 9302 216 6922 9951 216 9734 1298 2596 154668
174.0 632 3373 211 422 1476 1897 632 10331 211 7801 6536 843 2530 211 9066 24667 2952 211 3584 26986 211 843 422 5482 9066 211 6747 9698 211 9487 1265 2530 150743
175.0 616 3286 205 411 1438 1848 616 10064 205 7599 6367 822 2465 205 8831 24030 2875 205 3492 26289 205 822 411 5340 8831 205 6572 9448 205 9242 1232 2465 146848
176.0 600 3200 200 400 1400 1800 600 9799 200 7399 6199 800 2400 200 8599 23398 2800 200 3400 25598 200 800 400 5200 8599 200 6399 9199 200 8999 1200 2400 142988
177.0 584 3114 195 389 1362 1752 584 9537 195 7202 6034 779 2336 195 8369 22773 2725 195 3309 24914 195 779 389 5061 8369 195 6228 8953 195 8759 1168 2336 139165
178.0 568 3030 189 379 1325 1704 568 9278 189 7006 5870 757 2272 189 8142 22154 2651 189 3219 24237 189 757 379 4923 8142 189 6059 8710 189 8521 1136 2272 135385
179.0 552 2946 184 368 1289 1657 552 9022 184 6813 5708 737 2210 184 7917 21543 2578 184 3130 23568 184 737 368 4787 7917 184 5892 8470 184 8286 1105 2210 131651
180.0 537 2864 179 358 1253 1611 537 8770 179 6622 5548 716 2148 179 7696 20940 2506 179 3043 22909 179 716 358 4653 7696 179 5727 8233 179 8054 1074 2148 127967
181.0 522 2782 174 348 1217 1565 522 8521 174 6434 5391 696 2087 174 7477 20346 2435 174 2956 22258 174 696 348 4521 7477 174 5565 7999 174 7825 1043 2087 124334
182.0 507 2702 169 338 1182 1520 507 8276 169 6249 5236 676 2027 169 7262 19760 2364 169 2871 21618 169 676 338 4391 7262 169 5404 7769 169 7600 1013 2027 120757
183.0 492 2623 164 328 1148 1476 492 8034 164 6067 5083 656 1968 164 7051 19184 2296 164 2787 20988 164 656 328 4263 7051 164 5247 7542 164 7379 984 1968 117237
184.0 477 2546 159 318 1114 1432 477 7797 159 5888 4933 637 1910 159 6842 18618 2228 159 2705 20368 159 637 318 4137 6842 159 5092 7320 159 7161 955 1910 113776
185.0 463 2470 154 309 1081 1389 463 7564 154 5712 4786 617 1852 154 6638 18062 2161 154 2624 19760 154 617 309 4014 6638 154 4940 7101 154 6947 926 1852 110378
186.0 449 2395 150 299 1048 1347 449 7336 150 5539 4641 599 1797 150 6438 17516 2096 150 2545 19163 150 599 299 3892 6438 150 4791 6887 150 6737 898 1797 107043
187.0 435 2322 145 290 1016 1306 435 7112 145 5370 4499 581 1742 145 6241 16981 2032 145 2467 18577 145 581 290 3774 6241 145 4644 6676 145 6531 871 1742 103772
188.0 422 2250 141 281 985 1266 422 6892 141 5204 4360 563 1688 141 6048 16457 1969 141 2391 18004 141 563 281 3657 6048 141 4501 6470 141 6329 844 1688 100568
189.0 409 2180 136 273 954 1226 409 6677 136 5042 4224 545 1635 136 5860 15943 1908 136 2317 17442 136 545 273 3543 5860 136 4361 6268 136 6132 818 1635 97431
190.0 396 2112 132 264 924 1188 396 6467 132 4883 4091 528 1584 132 5675 15441 1848 132 2244 16893 132 528 264 3431 5675 132 4223 6071 132 5939 792 1584 94363
191.0 383 2044 128 256 894 1150 383 6261 128 4728 3961 511 1533 128 5495 14950 1789 128 2172 16356 128 511 256 3322 5495 128 4089 5878 128 5750 767 1533 91362
192.0 371 1979 124 247 866 1113 371 6060 124 4576 3834 495 1484 124 5318 14471 1732 124 2103 15831 124 495 247 3216 5318 124 3958 5689 124 5566 742 1484 88431
193.0 359 1915 120 239 838 1077 359 5864 120 4428 3710 479 1436 120 5146 14002 1675 120 2035 15319 120 479 239 3112 5146 120 3830 5505 120 5385 718 1436 85570
194.0 347 1852 116 232 810 1042 347 5673 116 4284 3589 463 1389 116 4978 13545 1621 116 1968 14819 116 463 232 3010 4978 116 3705 5326 116 5210 695 1389 82777
195.0 336 1791 112 224 784 1008 336 5486 112 4143 3471 448 1344 112 4814 13100 1567 112 1903 14331 112 448 224 2911 4814 112 3583 5150 112 5038 672 1344 80054
196.0 325 1732 108 217 758 974 325 5304 108 4005 3356 433 1299 108 4655 12666 1516 108 1840 13856 108 433 217 2815 4655 108 3464 4980 108 4871 650 1299 77401
197.0 314 1674 105 209 732 942 314 5127 105 3872 3244 419 1256 105 4499 12243 1465 105 1779 13394 105 419 209 2721 4499 105 3348 4813 105 4709 628 1256 74816
198.0 303 1618 101 202 708 910 303 4955 101 3741 3135 404 1213 101 4348 11831 1416 101 1719 12943 101 404 202 2629 4348 101 3236 4651 101 4550 607 1213 72300
199.0 293 1563 98 195 684 879 293 4787 98 3615 3029 391 1172 98 4201 11430 1368 98 1661 12505 98 391 195 2540 4201 98 3126 4494 98 4396 586 1172 69852
200.0 283 1510 94 189 661 849 283 4624 94 3492 2925 377 1132 94 4058 11041 1321 94 1604 12079 94 377 189 2454 4058 94 3020 4341 94 4246 566 1132 67471
201.0 273 1458 91 182 638 820 273 4465 91 3372 2825 365 1094 91 3919 10662 1276 91 1549 11665 91 365 182 2369 3919 91 2916 4192 91 4101 547 1094 65157
202.0 264 1408 88 176 616 792 264 4311 88 3255 2728 352 1056 88 3783 10294 1232 88 1496 11262 88 352 176 2288 3783 88 2816 4047 88 3959 528 1056 62909
203.0 255 1359 85 170 595 764 255 4162 85 3142 2633 340 1019 85 3652 9937 1189 85 1444 10871 85 340 170 2208 3652 85 2718 3907 85 3822 510 1019 60725
204.0 246 1311 82 164 574 738 246 4016 82 3033 2541 328 984 82 3525 9590 1148 82 1393 10492 82 328 164 2131 3525 82 2623 3770 82 3688 492 984 58606
205.0 237 1265 79 158 554 712 237 3875 79 2926 2452 316 949 79 3401 9254 1107 79 1345 10124 79 316 158 2056 3401 79 2531 3638 79 3559 475 949 56549
206.0 229 1221 76 153 534 687 229 3739 76 2823 2365 305 916 76 3281 8927 1068 76 1297 9766 76 305 153 1984 3281 76 2442 3510 76 3434 458 916 54555
207.0 221 1178 74 147 515 662 221 3606 74 2723 2281 294 883 74 3165 8611 1030 74 1251 9420 74 294 147 1913 3165 74 2355 3385 74 3312 442 883 52621
208.0 213 1136 71 142 497 639 213 3478 71 2626 2200 284 852 71 3052 8304 994 71 1207 9085 71 284 142 1845 3052 71 2271 3265 71 3194 426 852 50747
209.0 205 1095 68 137 479 616 205 3353 68 2532 2121 274 821 68 2943 8007 958 68 1163 8760 68 274 137 1779 2943 68 2190 3148 68 3080 411 821 48931
210.0 198 1056 66 132 462 594 198 3233 66 2441 2045 264 792 66 2837 7719 924 66 1122 8445 66 264 132 1715 2837 66 2111 3035 66 2969 396 792 47172
211.0 191 1017 64 127 445 572 191 3116 64 2353 1971 254 763 64 2735 7440 890 64 1081 8140 64 254 127 1653 2735 64 2035 2925 64 2862 382 763 45469
212.0 184 981 61 123 429 552 184 3003 61 2268 1900 245 735 61 2635 7171 858 61 1042 7845 61 245 123 1594 2635 61 1961 2819 61 2758 368 735 43821
213.0 177 945 59 118 413 532 177 2894 59 2185 1831 236 709 59 2540 6910 827 59 1004 7560 59 236 118 1536 2540 59 1890 2717 59 2658 354 709 42227
214.0 171 910 57 114 398 512 171 2788 57 2105 1764 228 683 57 2447 6657 797 57 967 7283 57 228 114 1479 2447 57 1821 2617 57 2561 341 683 40685
215.0 164 877 55 110 384 493 164 2686 55 2028 1699 219 658 55 2357 6413 767 55 932 7016 55 219 110 1425 2357 55 1754 2522 55 2467 329 658 39193
216.0 158 845 53 106 370 475 158 2587 53 1954 1637 211 634 53 2270 6177 739 53 898 6758 53 211 106 1373 2270 53 1690 2429 53 2376 317 634 37751
217.0 153 814 51 102 356 458 153 2492 51 1881 1576 203 610 51 2187 5949 712 51 864 6509 51 203 102 1322 2187 51 1627 2339 51 2288 305 610 36358
218.0 147 783 49 98 343 441 147 2399 49 1812 1518 196 588 49 2106 5729 686 49 832 6268 49 196 98 1273 2106 49 1567 2252 49 2204 294 588 35011
219.0 141 754 47 94 330 424 141 2310 47 1744 1462 189 566 47 2027 5516 660 47 802 6035 47 189 94 1226 2027 47 1509 2169 47 2122 283 566 33711
220.0 136 726 45 91 318 409 136 2224 45 1679 1407 182 545 45 1952 5311 635 45 772 5810 45 182 91 1180 1952 45 1453 2088 45 2043 272 545 32455
221.0 131 699 44 87 306 393 131 2141 44 1617 1355 175 524 44 1879 5112 612 44 743 5593 44 175 87 1136 1879 44 1398 2010 44 1966 262 524 31242
222.0 126 673 42 84 294 379 126 2061 42 1556 1304 168 505 42 1808 4921 589 42 715 5383 42 168 84 1094 1808 42 1346 1935 42 1893 252 505 30071
223.0 121 648 40 81 283 364 121 1983 40 1498 1255 162 486 40 1741 4736 567 40 688 5181 40 162 81 1052 1741 40 1295 1862 40 1821 243 486 28941
224.0 117 623 39 78 273 351 117 1909 39 1441 1208 156 467 39 1675 4557 545 39 662 4986 39 156 78 1013 1675 39 1246 1792 39 1753 234 467 27851
225.0 112 600 37 75 262 337 112 1837 37 1387 1162 150 450 37 1612 4385 525 37 637 4798 37 150 75 975 1612 37 1199 1724 37 1687 225 450 26800
226.0 108 577 36 72 252 325 108 1767 36 1334 1118 144 433 36 1551 4219 505 36 613 4616 36 144 72 938 1551 36 1154 1659 36 1623 216 433 25785
227.0 104 555 35 69 243 312 104 1700 35 1284 1076 139 416 35 1492 4059 486 35 590 4441 35 139 69 902 1492 35 1110 1596 35 1561 208 416 24807
228.0 100 534 33 67 234 300 100 1635 33 1235 1035 134 401 33 1435 3905 467 33 567 4272 33 134 67 868 1435 33 1068 1535 33 1502 200 401 23863
229.0 96 514 32 64 225 289 96 1573 32 1188 995 128 385 32 1380 3756 449 32 546 4109 32 128 64 835 1380 32 1027 1477 32 1445 193 385 22954
230.0 93 494 31 62 216 278 93 1513 31 1142 957 124 371 31 1328 3613 432 31 525 3952 31 124 62 803 1328 31 988 1420 31 1390 185 371 22078
231.0 89 475 30 59 208 267 89 1455 30 1099 921 119 356 30 1277 3474 416 30 505 3801 30 119 59 772 1277 30 950 1366 30 1336 178 356 21233
232.0 86 457 29 57 200 257 86 1399 29 1057 885 114 343 29 1228 3341 400 29 485 3655 29 114 57 743 1228 29 914 1314 29 1285 171 343 20419
233.0 82 439 27 55 192 247 82 1346 27 1016 851 110 330 27 1181 3213 384 27 467 3515 27 110 55 714 1181 27 879 1263 27 1236 165 330 19635
234.0 79 422 26 53 185 238 79 1294 26 977 819 106 317 26 1135 3089 370 26 449 3380 26 106 53 687 1135 26 845 1215 26 1188 158 317 18880
235.0 76 406 25 51 178 228 76 1244 25 939 787 102 305 25 1092 2970 355 25 432 3250 25 102 51 660 1092 25 812 1168 25 1142 152 305 18152
236.0 73 391 24 49 171 220 73 1196 24 903 757 98 293 24 1050 2856 342 24 415 3124 24 98 49 635 1050 24 781 1123 24 1098 146 293 17452
237.0 70 375 23 47 164 211 70 1150 23 868 727 94 282 23 1009 2745 328 23 399 3003 23 94 47 610 1009 23 751 1079 23 1056 141 282 16777
238.0 68 361 23 45 158 203 68 1105 23 835 699 90 271 23 970 2639 316 23 383 2887 23 90 45 586 970 23 722 1038 23 1015 135 271 16127
239.0 65 347 22 43 152 195 65 1062 22 802 672 87 260 22 932 2537 304 22 369 2775 22 87 43 564 932 22 694 997 22 976 130 260 15502
240.0 63 333 21 42 146 188 63 1021 21 771 646 83 250 21 896 2438 292 21 354 2667 21 83 42 542 896 21 667 959 21 938 125 250 14900
241.0 60 320 20 40 140 180 60 981 20 741 621 80 240 20 861 2343 280 20 341 2564 20 80 40 521 861 20 641 921 20 901 120 240 14321
242.0 58 308 19 38 135 173 58 943 19 712 597 77 231 19 828 2252 269 19 327 2464 19 77 38 500 828 19 616 885 19 866 115 231 13764
243.0 55 296 18 37 129 166 55 906 18 684 573 74 222 18 795 2164 259 18 314 2368 18 74 37 481 795 18 592 851 18 832 111 222 13227
244.0 53 284 18 36 124 160 53 871 18 658 551 71 213 18 764 2080 249 18 302 2276 18 71 36 462 764 18 569 818 18 800 107 213 12711
245.0 51 273 17 34 120 154 51 837 17 632 530 68 205 17 735 1999 239 17 290 2187 17 68 34 444 735 17 547 786 17 769 102 205 12214
246.0 49 263 16 33 115 148 49 804 16 607 509 66 197 16 706 1921 230 16 279 2101 16 66 33 427 706 16 525 755 16 739 98 197 11737
247.0 47 252 16 32 110 142 47 773 16 584 489 63 189 16 678 1845 221 16 268 2019 16 63 32 410 678 16 505 726 16 710 95 189 11277
248.0 45 242 15 30 106 136 45 743 15 561 470 61 182 15 652 1773 212 15 258 1940 15 61 30 394 652 15 485 697 15 682 91 182 10835
249.0 44 233 15 29 102 131 44 713 15 539 451 58 175 15 626 1704 204 15 248 1864 15 58 29 379 626 15 466 670 15 655 87 175 10410
250.0 42 224 14 28 98 126 42 685 14 518 434 56 168 14 601 1637 196 14 238 1790 14 56 28 364 601 14 448 643 14 629 84 168 10002
251.0 40 215 13 27 94 121 40 658 13 497 417 54 161 13 578 1572 188 13 228 1720 13 54 27 349 578 13 430 618 13 605 81 161 9609
252.0 39 207 13 26 90 116 39 633 13 478 400 52 155 13 555 1510 181 13 219 1652 13 52 26 336 555 13 413 594 13 581 77 155 9231
253.0 37 198 12 25 87 112 37 608 12 459 384 50 149 12 533 1451 174 12 211 1587 12 50 25 322 533 12 397 570 12 558 74 149 8867
254.0 36 191 12 24 83 107 36 584 12 441 369 48 143 12 512 1394 167 12 203 1525 12 48 24 310 512 12 381 548 12 536 71 143 8518
255.0 34 183 11 23 80 103 34 561 11 423 355 46 137 11 492 1339 160 11 195 1465 11 46 23 298 492 11 366 526 11 515 69 137 8182
256.0 33 176 11 22 77 99 33 539 11 407 341 44 132 11 473 1286 154 11 187 1407 11 44 22 286 473 11 352 506 11 495 66 132 7859
257.0 32 169 11 21 74 95 32 517 11 391 327 42 127 11 454 1235 148 11 179 1351 11 42 21 275 454 11 338 486 11 475 63 127 7549
258.0 30 162 10 20 71 91 30 497 10 375 314 41 122 10 436 1186 142 10 172 1298 10 41 20 264 436 10 325 466 10 456 61 122 7251
259.0 29 156 10 19 68 88 29 477 10 360 302 39 117 10 419 1140 136 10 166 1247 10 39 19 253 419 10 312 448 10 438 58 117 6964
260.0 28 150 9 19 65 84 28 458 9 346 290 37 112 9 402 1095 131 9 159 1197 9 37 19 243 402 9 299 430 9 421 56 112 6689
261.0 27 144 9 18 63 81 27 440 9 332 279 36 108 9 386 1051 126 9 153 1150 9 36 18 234 386 9 288 413 9 404 54 108 6424
262.0 26 138 9 17 60 78 26 423 9 319 267 35 104 9 371 1010 121 9 147 1104 9 35 17 224 371 9 276 397 9 388 52 104 6170
263.0 25 133 8 17 58 75 25 406 8 307 257 33 99 8 356 970 116 8 141 1061 8 33 17 215 356 8 265 381 8 373 50 99 5925
264.0 24 127 8 16 56 72 24 390 8 294 247 32 95 8 342 931 111 8 135 1019 8 32 16 207 342 8 255 366 8 358 48 95 5690
265.0 23 122 8 15 53 69 23 374 8 283 237 31 92 8 329 894 107 8 130 978 8 31 15 199 329 8 245 352 8 344 46 92 5465
266.0 22 117 7 15 51 66 22 360 7 272 228 29 88 7 316 859 103 7 125 939 7 29 15 191 316 7 235 338 7 330 44 88 5248
267.0 21 113 7 14 49 63 21 345 7 261 218 28 85 7 303 825 99 7 120 902 7 28 14 183 303 7 226 324 7 317 42 85 5039
268.0 20 108 7 14 47 61 20 332 7 250 210 27 81 7 291 792 95 7 115 866 7 27 14 176 291 7 217 311 7 305 41 81 4839
269.0 19 104 6 13 45 58 19 318 6 240 201 26 78 6 279 760 91 6 110 832 6 26 13 169 279 6 208 299 6 292 39 78 4647
270.0 19 100 6 12 44 56 19 306 6 231 193 25 75 6 268 730 87 6 106 799 6 25 12 162 268 6 200 287 6 281 37 75 4462
271.0 18 96 6 12 42 54 18 294 6 222 186 24 72 6 258 701 84 6 102 767 6 24 12 156 258 6 192 276 6 270 36 72 4285
272.0 17 92 6 12 40 52 17 282 6 213 178 23 69 6 247 673 81 6 98 737 6 23 12 150 247 6 184 265 6 259 35 69 4114
273.0 17 88 6 11 39 50 17 271 6 204 171 22 66 6 238 646 77 6 94 707 6 22 11 144 238 6 177 254 6 249 33 66 3951
274.0 16 85 5 11 37 48 16 260 5 196 164 21 64 5 228 621 74 5 90 679 5 21 11 138 228 5 170 244 5 239 32 64 3793
275.0 15 82 5 10 36 46 15 250 5 188 158 20 61 5 219 596 71 5 87 652 5 20 10 132 219 5 163 234 5 229 31 61 3642
276.0 15 78 5 10 34 44 15 240 5 181 152 20 59 5 210 572 68 5 83 626 5 20 10 127 210 5 157 225 5 220 29 59 3497
277.0 14 75 5 9 33 42 14 230 5 174 146 19 56 5 202 549 66 5 80 601 5 19 9 122 202 5 150 216 5 211 28 56 3358
278.0 14 72 5 9 32 41 14 221 5 167 140 18 54 5 194 528 63 5 77 577 5 18 9 117 194 5 144 207 5 203 27 54 3224
279.0 13 69 4 9 30 39 13 212 4 160 134 17 52 4 186 507 61 4 74 554 4 17 9 113 186 4 139 199 4 195 26 52 3096
280.0 12 67 4 8 29 37 12 204 4 154 129 17 50 4 179 486 58 4 71 532 4 17 8 108 179 4 133 191 4 187 25 50 2972
281.0 12 64 4 8 28 36 12 196 4 148 124 16 48 4 172 467 56 4 68 511 4 16 8 104 172 4 128 184 4 180 24 48 2854
282.0 11 61 4 8 27 34 11 188 4 142 119 15 46 4 165 448 54 4 65 490 4 15 8 100 165 4 123 176 4 172 23 46 2740
283.0 11 59 4 7 26 33 11 180 4 136 114 15 44 4 158 430 52 4 63 471 4 15 7 96 158 4 118 169 4 166 22 44 2631
284.0 11 57 4 7 25 32 11 173 4 131 110 14 42 4 152 413 49 4 60 452 4 14 7 92 152 4 113 162 4 159 21 42 2526
285.0 10 54 3 7 24 31 10 166 3 125 105 14 41 3 146 397 47 3 58 434 3 14 7 88 146 3 109 156 3 153 20 41 2425
286.0 10 52 3 7 23 29 10 160 3 120 101 13 39 3 140 381 46 3 55 417 3 13 7 85 140 3 104 150 3 147 20 39 2328
287.0 9 50 3 6 22 28 9 153 3 116 97 13 38 3 134 366 44 3 53 400 3 13 6 81 134 3 100 144 3 141 19 38 2235
288.0 9 48 3 6 21 27 9 147 3 111 93 12 36 3 129 351 42 3 51 384 3 12 6 78 129 3 96 138 3 135 18 36 2146
289.0 9 46 3 6 20 26 9 141 3 107 89 12 35 3 124 337 40 3 49 369 3 12 6 75 124 3 92 133 3 130 17 35 2060
290.0 8 44 3 6 19 25 8 136 3 102 86 11 33 3 119 324 39 3 47 354 3 11 6 72 119 3 89 127 3 124 17 33 1978
291.0 8 42 3 5 19 24 8 130 3 98 82 11 32 3 114 311 37 3 45 340 3 11 5 69 114 3 85 122 3 120 16 32 1899
292.0 8 41 3 5 18 23 8 125 3 94 79 10 31 3 110 298 36 3 43 326 3 10 5 66 110 3 82 117 3 115 15 31 1823
293.0 7 39 2 5 17 22 7 120 2 91 76 10 29 2 105 286 34 2 42 313 2 10 5 64 105 2 78 113 2 110 15 29 1750
294.0 7 38 2 5 16 21 7 115 2 87 73 9 28 2 101 275 33 2 40 301 2 9 5 61 101 2 75 108 2 106 14 28 1680
295.0 7 36 2 5 16 20 7 111 2 83 70 9 27 2 97 264 32 2 38 289 2 9 5 59 97 2 72 104 2 102 14 27 1613
296.0 6 35 2 4 15 19 6 106 2 80 67 9 26 2 93 253 30 2 37 277 2 9 4 56 93 2 69 100 2 97 13 26 1549
297.0 6 33 2 4 15 19 6 102 2 77 64 8 25 2 89 243 29 2 35 266 2 8 4 54 89 2 67 96 2 94 12 25 1487
298.0 6 32 2 4 14 18 6 98 2 74 62 8 24 2 86 234 28 2 34 256 2 8 4 52 86 2 64 92 2 90 12 24 1427
299.0 6 31 2 4 13 17 6 94 2 71 59 8 23 2 82 224 27 2 33 245 2 8 4 50 82 2 61 88 2 86 11 23 1370
300.0 6 29 2 4 13 17 6 90 2 68 57 7 22 2 79 215 26 2 31 236 2 7 4 48 79 2 59 85 2 83 11 22 1316
301.0 5 28 2 4 12 16 5 87 2 65 55 7 21 2 76 207 25 2 30 226 2 7 4 46 76 2 57 81 2 79 11 21 1263
302.0 5 27 2 3 12 15 5 83 2 63 53 7 20 2 73 198 24 2 29 217 2 7 3 44 73 2 54 78 2 76 10 20 1212
303.0 5 26 2 3 11 15 5 80 2 60 50 7 20 2 70 190 23 2 28 208 2 7 3 42 70 2 52 75 2 73 10 20 1164
304.0 5 25 2 3 11 14 5 77 2 58 48 6 19 2 67 183 22 2 27 200 2 6 3 41 67 2 50 72 2 70 9 19 1117
305.0 5 24 2 3 11 14 5 74 2 56 47 6 18 2 65 176 21 2 26 192 2 6 3 39 65 2 48 69 2 68 9 18 1073
306.0 4 23 1 3 10 13 4 71 1 53 45 6 17 1 62 169 20 1 24 184 1 6 3 37 62 1 46 66 1 65 9 17 1030
307.0 4 22 1 3 10 12 4 68 1 51 43 6 17 1 59 162 19 1 24 177 1 6 3 36 59 1 44 64 1 62 8 17 989
308.0 4 21 1 3 9 12 4 65 1 49 41 5 16 1 57 155 19 1 23 170 1 5 3 35 57 1 42 61 1 60 8 16 949
309.0 4 20 1 3 9 11 4 62 1 47 40 5 15 1 55 149 18 1 22 163 1 5 3 33 55 1 41 59 1 57 8 15 911
310.0 4 20 1 2 9 11 4 60 1 45 38 5 15 1 53 143 17 1 21 157 1 5 2 32 53 1 39 56 1 55 7 15 875
311.0 4 19 1 2 8 11 4 58 1 43 36 5 14 1 51 137 16 1 20 150 1 5 2 31 51 1 38 54 1 53 7 14 840
312.0 3 18 1 2 8 10 3 55 1 42 35 5 14 1 48 132 16 1 19 144 1 5 2 29 48 1 36 52 1 51 7 14 806
313.0 3 17 1 2 8 10 3 53 1 40 34 4 13 1 47 127 15 1 18 139 1 4 2 28 47 1 35 50 1 49 6 13 774
314.0 3 17 1 2 7 9 3 51 1 38 32 4 12 1 45 122 15 1 18 133 1 4 2 27 45 1 33 48 1 47 6 12 743
315.0 3 16 1 2 7 9 3 49 1 37 31 4 12 1 43 117 14 1 17 128 1 4 2 26 43 1 32 46 1 45 6 12 713
316.0 3 15 1 2 7 9 3 47 1 35 30 4 11 1 41 112 13 1 16 123 1 4 2 25 41 1 31 44 1 43 6 11 685
317.0 3 15 1 2 6 8 3 45 1 34 29 4 11 1 40 108 13 1 16 118 1 4 2 24 40 1 29 42 1 41 6 11 658
318.0 3 14 1 2 6 8 3 43 1 33 27 4 11 1 38 103 12 1 15 113 1 4 2 23 38 1 28 41 1 40 5 11 631
319.0 3 14 1 2 6 8 3 42 1 31 26 3 10 1 36 99 12 1 14 108 1 3 2 22 36 1 27 39 1 38 5 10 606
320.0 2 13 1 2 6 7 2 40 1 30 25 3 10 1 35 95 11 1 14 104 1 3 2 21 35 1 26 37 1 37 5 10 582
321.0 2 12 1 2 5 7 2 38 1 29 24 3 9 1 34 91 11 1 13 100 1 3 2 20 34 1 25 36 1 35 5 9 559
322.0 2 12 1 1 5 7 2 37 1 28 23 3 9 1 32 88 10 1 13 96 1 3 1 19 32 1 24 34 1 34 4 9 536
323.0 2 12 1 1 5 6 2 35 1 27 22 3 9 1 31 84 10 1 12 92 1 3 1 19 31 1 23 33 1 32 4 9 515
324.0 2 11 1 1 5 6 2 34 1 26 21 3 8 1 30 81 10 1 12 88 1 3 1 18 30 1 22 32 1 31 4 8 494
325.0 2 11 1 1 5 6 2 33 1 25 21 3 8 1 29 78 9 1 11 85 1 3 1 17 29 1 21 31 1 30 4 8 474
326.0 2 10 1 1 4 6 2 31 1 24 20 3 8 1 27 75 9 1 11 82 1 3 1 17 27 1 20 29 1 29 4 8 456
327.0 2 10 1 1 4 6 2 30 1 23 19 2 7 1 26 72 9 1 10 78 1 2 1 16 26 1 20 28 1 28 4 7 437
328.0 2 9 1 1 4 5 2 29 1 22 18 2 7 1 25 69 8 1 10 75 1 2 1 15 25 1 19 27 1 26 4 7 420
329.0 2 9 1 1 4 5 2 28 1 21 17 2 7 1 24 66 8 1 10 72 1 2 1 15 24 1 18 26 1 25 3 7 403
330.0 2 9 1 1 4 5 2 27 1 20 17 2 6 1 23 63 8 1 9 69 1 2 1 14 23 1 17 25 1 24 3 6 387
331.0 2 8 1 1 4 5 2 25 1 19 16 2 6 1 22 61 7 1 9 67 1 2 1 14 22 1 17 24 1 23 3 6 371
332.0 1 8 0 1 3 4 1 24 0 18 15 2 6 0 21 58 7 0 8 64 0 2 1 13 21 0 16 23 0 22 3 6 357
333.0 1 8 0 1 3 4 1 23 0 18 15 2 6 0 21 56 7 0 8 61 0 2 1 12 21 0 15 22 0 22 3 6 342
334.0 1 7 0 1 3 4 1 23 0 17 14 2 6 0 20 54 6 0 8 59 0 2 1 12 20 0 15 21 0 21 3 6 329
335.0 1 7 0 1 3 4 1 22 0 16 14 2 5 0 19 52 6 0 8 57 0 2 1 11 19 0 14 20 0 20 3 5 316
336.0 1 7 0 1 3 4 1 21 0 16 13 2 5 0 18 50 6 0 7 54 0 2 1 11 18 0 14 19 0 19 3 5 303
337.0 1 7 0 1 3 4 1 20 0 15 13 2 5 0 17 48 6 0 7 52 0 2 1 11 17 0 13 19 0 18 2 5 291
338.0 1 6 0 1 3 4 1 19 0 14 12 2 5 0 17 46 5 0 7 50 0 2 1 10 17 0 12 18 0 18 2 5 279
339.0 1 6 0 1 3 3 1 18 0 14 12 2 5 0 16 44 5 0 6 48 0 2 1 10 16 0 12 17 0 17 2 5 268
340.0 1 6 0 1 3 3 1 18 0 13 11 1 4 0 15 42 5 0 6 46 0 1 1 9 15 0 12 17 0 16 2 4 257
341.0 1 6 0 1 2 3 1 17 0 13 11 1 4 0 15 40 5 0 6 44 0 1 1 9 15 0 11 16 0 16 2 4 247
342.0 1 5 0 1 2 3 1 16 0 12 10 1 4 0 14 39 5 0 6 42 0 1 1 9 14 0 11 15 0 15 2 4 237
343.0 1 5 0 1 2 3 1 16 0 12 10 1 4 0 14 37 4 0 5 41 0 1 1 8 14 0 10 15 0 14 2 4 228
344.0 1 5 0 1 2 3 1 15 0 11 9 1 4 0 13 36 4 0 5 39 0 1 1 8 13 0 10 14 0 14 2 4 219
345.0 1 5 0 1 2 3 1 14 0 11 9 1 4 0 13 34 4 0 5 38 0 1 1 8 13 0 9 14 0 13 2 4 210
346.0 1 5 0 1 2 3 1 14 0 10 9 1 3 0 12 33 4 0 5 36 0 1 1 7 12 0 9 13 0 13 2 3 202
347.0 1 4 0 1 2 2 1 13 0 10 8 1 3 0 12 32 4 0 5 35 0 1 1 7 12 0 9 12 0 12 2 3 194
348.0 1 4 0 1 2 2 1 13 0 10 8 1 3 0 11 30 4 0 4 33 0 1 1 7 11 0 8 12 0 12 2 3 186
349.0 1 4 0 0 2 2 1 12 0 9 8 1 3 0 11 29 3 0 4 32 0 1 0 6 11 0 8 11 0 11 1 3 178
350.0 1 4 0 0 2 2 1 12 0 9 7 1 3 0 10 28 3 0 4 31 0 1 0 6 10 0 8 11 0 11 1 3 171
351.0 1 4 0 0 2 2 1 11 0 9 7 1 3 0 10 27 3 0 4 29 0 1 0 6 10 0 7 11 0 10 1 3 164
352.0 1 4 0 0 2 2 1 11 0 8 7 1 3 0 9 26 3 0 4 28 0 1 0 6 9 0 7 10 0 10 1 3 158
353.0 1 3 0 0 1 2 1 10 0 8 7 1 3 0 9 25 3 0 4 27 0 1 0 6 9 0 7 10 0 10 1 3 152
354.0 1 3 0 0 1 2 1 10 0 8 6 1 2 0 9 24 3 0 3 26 0 1 0 5 9 0 7 9 0 9 1 2 146
355.0 1 3 0 0 1 2 1 10 0 7 6 1 2 0 8 23 3 0 3 25 0 1 0 5 8 0 6 9 0 9 1 2 140
356.0 1 3 0 0 1 2 1 9 0 7 6 1 2 0 8 22 3 0 3 24 0 1 0 5 8 0 6 9 0 8 1 2 134
357.0 1 3 0 0 1 2 1 9 0 7 6 1 2 0 8 21 3 0 3 23 0 1 0 5 8 0 6 8 0 8 1 2 129
358.0 1 3 0 0 1 2 1 8 0 6 5 1 2 0 7 20 2 0 3 22 0 1 0 4 7 0 6 8 0 8 1 2 124
359.0 0 3 0 0 1 1 0 8 0 6 5 1 2 0 7 19 2 0 3 21 0 1 0 4 7 0 5 8 0 7 1 2 119
360.0 0 3 0 0 1 1 0 8 0 6 5 1 2 0 7 19 2 0 3 20 0 1 0 4 7 0 5 7 0 7 1 2 114
361.0 0 2 0 0 1 1 0 8 0 6 5 1 2 0 7 18 2 0 3 20 0 1 0 4 7 0 5 7 0 7 1 2 110
362.0 0 2 0 0 1 1 0 7 0 5 5 1 2 0 6 17 2 0 2 19 0 1 0 4 6 0 5 7 0 7 1 2 105
363.0 0 2 0 0 1 1 0 7 0 5 4 1 2 0 6 17 2 0 2 18 0 1 0 4 6 0 5 6 0 6 1 2 101
364.0 0 2 0 0 1 1 0 7 0 5 4 1 2 0 6 16 2 0 2 17 0 1 0 4 6 0 4 6 0 6 1 2 97
365.0 0 2 0 0 1 1 0 6 0 5 4 1 2 0 6 15 2 0 2 17 0 1 0 3 6 0 4 6 0 6 1 2 93
