Covid-19 Recovered Estimated by PSD Model @ CDS/IISc
Day AN AP AR AS BR CH CT DL GA GJ HR HP JK JH KA KL LA LD MP MH MN OR PY PB RJ SK TN TG TR UP UT WB Total
0.0 0 0 0 0 0 0 0 0 0 0 0 0 0 0 0 0 0 0 0 0 0 0 0 0 0 0 0 0 0 0 0 0 0
1.0 0 0 0 0 0 0 0 1 0 0 0 0 0 0 1 1 0 0 0 2 0 0 0 0 1 0 0 1 0 1 0 0 8
2.0 0 0 0 0 0 0 0 1 0 1 0 0 0 0 1 2 0 0 0 2 0 0 0 0 1 0 0 1 0 1 0 0 10
3.0 0 0 0 0 0 0 0 1 0 1 1 0 0 0 1 2 0 0 0 2 0 0 0 0 1 0 1 1 0 1 0 0 13
4.0 0 0 0 0 0 0 0 1 0 1 1 0 0 0 1 2 0 0 0 3 0 0 0 1 1 0 1 1 0 1 0 0 15
5.0 0 0 0 0 0 0 0 1 0 1 1 0 0 0 1 3 0 0 0 3 0 0 0 1 1 0 1 1 0 1 0 0 18
6.0 0 0 0 0 0 0 0 1 0 1 1 0 0 0 1 3 0 0 0 4 0 0 0 1 1 0 1 1 0 1 0 0 21
7.0 0 1 0 0 0 0 0 2 0 1 1 0 0 0 1 4 0 0 1 4 0 0 0 1 1 0 1 2 0 2 0 0 25
8.0 0 1 0 0 0 0 0 2 0 1 1 0 0 0 2 5 1 0 1 5 0 0 0 1 2 0 1 2 0 2 0 0 29
9.0 0 1 0 0 0 0 0 2 0 2 1 0 1 0 2 6 1 0 1 6 0 0 0 1 2 0 2 2 0 2 0 1 34
10.0 0 1 0 0 0 0 0 3 0 2 2 0 1 0 2 6 1 0 1 7 0 0 0 1 2 0 2 3 0 2 0 1 39
11.0 0 1 0 0 0 1 0 3 0 2 2 0 1 0 3 8 1 0 1 8 0 0 0 2 3 0 2 3 0 3 0 1 46
12.0 0 1 0 0 1 1 0 4 0 3 2 0 1 0 3 9 1 0 1 10 0 0 0 2 3 0 2 3 0 3 0 1 54
13.0 0 1 0 0 1 1 0 4 0 3 3 0 1 0 4 10 1 0 1 11 0 0 0 2 4 0 3 4 0 4 1 1 62
14.0 0 2 0 0 1 1 0 5 0 4 3 0 1 0 4 12 1 0 2 13 0 0 0 3 4 0 3 5 0 5 1 1 72
15.0 0 2 0 0 1 1 0 6 0 4 4 0 1 0 5 14 2 0 2 15 0 0 0 3 5 0 4 5 0 5 1 1 83
16.0 0 2 0 0 1 1 0 7 0 5 4 1 2 0 6 16 2 0 2 17 0 1 0 4 6 0 4 6 0 6 1 2 96
17.0 0 2 0 0 1 1 0 8 0 6 5 1 2 0 7 18 2 0 3 20 0 1 0 4 7 0 5 7 0 7 1 2 111
18.0 1 3 0 0 1 2 1 9 0 7 5 1 2 0 8 21 2 0 3 23 0 1 0 5 8 0 6 8 0 8 1 2 126
19.0 1 3 0 0 1 2 1 10 0 7 6 1 2 0 9 24 3 0 3 26 0 1 0 5 9 0 6 9 0 9 1 2 144
20.0 1 4 0 0 2 2 1 11 0 8 7 1 3 0 10 27 3 0 4 29 0 1 0 6 10 0 7 10 0 10 1 3 163
21.0 1 4 0 1 2 2 1 13 0 9 8 1 3 0 11 30 4 0 4 33 0 1 1 7 11 0 8 12 0 12 2 3 183
22.0 1 5 0 1 2 3 1 14 0 11 9 1 3 0 12 33 4 0 5 37 0 1 1 7 12 0 9 13 0 13 2 3 205
23.0 1 5 0 1 2 3 1 16 0 12 10 1 4 0 14 37 4 0 5 41 0 1 1 8 14 0 10 15 0 14 2 4 229
24.0 1 6 0 1 2 3 1 17 0 13 11 1 4 0 15 42 5 0 6 46 0 1 1 9 15 0 11 16 0 16 2 4 254
25.0 1 6 0 1 3 4 1 19 0 15 12 2 5 0 17 46 6 0 7 51 0 2 1 10 17 0 13 18 0 18 2 5 282
26.0 1 7 0 1 3 4 1 21 0 16 14 2 5 0 19 51 6 0 7 56 0 2 1 11 19 0 14 20 0 20 3 5 313
27.0 1 8 0 1 3 4 1 24 0 18 15 2 6 0 21 57 7 0 8 62 0 2 1 13 21 0 15 22 0 22 3 6 345
28.0 2 9 1 1 4 5 2 26 1 20 16 2 6 1 23 62 7 1 9 68 1 2 1 14 23 1 17 24 1 24 3 6 380
29.0 2 9 1 1 4 5 2 29 1 22 18 2 7 1 25 68 8 1 10 75 1 2 1 15 25 1 19 27 1 26 4 7 418
30.0 2 10 1 1 4 6 2 31 1 24 20 3 8 1 28 75 9 1 11 82 1 3 1 17 28 1 21 30 1 29 4 8 459
31.0 2 11 1 1 5 6 2 34 1 26 22 3 8 1 30 82 10 1 12 90 1 3 1 18 30 1 22 32 1 32 4 8 502
32.0 2 12 1 2 5 7 2 38 1 28 24 3 9 1 33 90 11 1 13 98 1 3 2 20 33 1 25 35 1 35 5 9 548
33.0 3 13 1 2 6 8 3 41 1 31 26 3 10 1 36 98 12 1 14 107 1 3 2 22 36 1 27 38 1 38 5 10 598
34.0 3 15 1 2 6 8 3 45 1 34 28 4 11 1 39 106 13 1 15 116 1 4 2 24 39 1 29 42 1 41 5 11 650
35.0 3 16 1 2 7 9 3 48 1 37 31 4 12 1 42 116 14 1 17 126 1 4 2 26 42 1 32 45 1 44 6 12 706
36.0 3 17 1 2 7 10 3 52 1 40 33 4 13 1 46 125 15 1 18 137 1 4 2 28 46 1 34 49 1 48 6 13 766
37.0 3 19 1 2 8 10 3 57 1 43 36 5 14 1 50 136 16 1 20 148 1 5 2 30 50 1 37 53 1 52 7 14 829
38.0 4 20 1 3 9 11 4 61 1 46 39 5 15 1 54 146 18 1 21 160 1 5 3 33 54 1 40 58 1 56 8 15 894
39.0 4 22 1 3 9 12 4 66 1 50 42 5 16 1 58 157 19 1 23 172 1 5 3 35 58 1 43 62 1 61 8 16 962
40.0 4 23 1 3 10 13 4 71 1 53 45 6 17 1 62 169 20 1 25 185 1 6 3 38 62 1 46 66 1 65 9 17 1033
41.0 5 25 2 3 11 14 5 76 2 57 48 6 19 2 66 181 22 2 26 198 2 6 3 40 66 2 49 71 2 70 9 19 1105
42.0 5 26 2 3 12 15 5 81 2 61 51 7 20 2 71 193 23 2 28 211 2 7 3 43 71 2 53 76 2 74 10 20 1179
43.0 5 28 2 4 12 16 5 86 2 65 54 7 21 2 75 205 25 2 30 224 2 7 4 46 75 2 56 81 2 79 11 21 1254
44.0 6 30 2 4 13 17 6 91 2 69 58 7 22 2 80 218 26 2 32 238 2 7 4 48 80 2 59 86 2 84 11 22 1329
45.0 6 31 2 4 14 18 6 96 2 73 61 8 24 2 85 230 28 2 33 252 2 8 4 51 85 2 63 90 2 88 12 24 1405
46.0 6 33 2 4 15 19 6 102 2 77 64 8 25 2 89 242 29 2 35 265 2 8 4 54 89 2 66 95 2 93 12 25 1481
47.0 7 35 2 4 15 20 7 107 2 81 68 9 26 2 94 255 30 2 37 279 2 9 4 57 94 2 70 100 2 98 13 26 1557
48.0 7 37 2 5 16 21 7 112 2 84 71 9 27 2 98 267 32 2 39 292 2 9 5 59 98 2 73 105 2 103 14 27 1631
49.0 7 38 2 5 17 21 7 117 2 88 74 10 29 2 102 279 33 2 41 305 2 10 5 62 102 2 76 110 2 107 14 29 1704
50.0 7 40 2 5 17 22 7 122 2 92 77 10 30 2 107 290 35 2 42 318 2 10 5 65 107 2 79 114 2 112 15 30 1775
51.0 8 41 3 5 18 23 8 126 3 95 80 10 31 3 111 302 36 3 44 330 3 10 5 67 111 3 82 119 3 116 15 31 1843
52.0 8 43 3 5 19 24 8 132 3 100 83 11 32 3 116 315 38 3 46 344 3 11 5 70 116 3 86 124 3 121 16 32 1923
53.0 8 45 3 6 20 25 8 138 3 104 87 11 34 3 121 330 39 3 48 360 3 11 6 73 121 3 90 130 3 127 17 34 2014
54.0 9 47 3 6 21 27 9 144 3 109 91 12 35 3 127 345 41 3 50 377 3 12 6 77 127 3 94 135 3 133 18 35 2106
55.0 9 49 3 6 22 28 9 151 3 114 95 12 37 3 132 360 43 3 52 394 3 12 6 80 132 3 98 142 3 138 18 37 2200
56.0 10 51 3 6 22 29 10 157 3 119 100 13 39 3 138 376 45 3 55 411 3 13 6 84 138 3 103 148 3 145 19 39 2297
57.0 10 54 3 7 23 30 10 164 3 124 104 13 40 3 144 392 47 3 57 429 3 13 7 87 144 3 107 154 3 151 20 40 2398
58.0 10 56 3 7 24 31 10 171 3 129 108 14 42 3 150 409 49 3 59 448 3 14 7 91 150 3 112 161 3 157 21 42 2502
59.0 11 58 4 7 26 33 11 179 4 135 113 15 44 4 157 427 51 4 62 467 4 15 7 95 157 4 117 168 4 164 22 44 2609
60.0 11 61 4 8 27 34 11 186 4 141 118 15 46 4 164 445 53 4 65 487 4 15 8 99 164 4 122 175 4 171 23 46 2720
61.0 12 63 4 8 28 36 12 194 4 147 123 16 48 4 170 464 55 4 67 507 4 16 8 103 170 4 127 182 4 178 24 48 2834
62.0 12 66 4 8 29 37 12 202 4 153 128 17 50 4 177 483 58 4 70 528 4 17 8 107 177 4 132 190 4 186 25 50 2951
63.0 13 69 4 9 30 39 13 210 4 159 133 17 52 4 185 503 60 4 73 550 4 17 9 112 185 4 137 198 4 193 26 52 3071
64.0 13 71 4 9 31 40 13 219 4 165 139 18 54 4 192 523 63 4 76 572 4 18 9 116 192 4 143 206 4 201 27 54 3195
65.0 14 74 5 9 33 42 14 228 5 172 144 19 56 5 200 543 65 5 79 594 5 19 9 121 200 5 149 214 5 209 28 56 3321
66.0 14 77 5 10 34 43 14 235 5 177 149 19 58 5 206 561 67 5 82 614 5 19 10 125 206 5 153 221 5 216 29 58 3428
67.0 15 79 5 10 34 44 15 241 5 182 153 20 59 5 212 576 69 5 84 630 5 20 10 128 212 5 158 226 5 222 30 59 3520
68.0 15 81 5 10 35 45 15 248 5 187 157 20 61 5 217 591 71 5 86 647 5 20 10 131 217 5 162 233 5 227 30 61 3614
69.0 16 83 5 10 36 47 16 254 5 192 161 21 62 5 223 607 73 5 88 664 5 21 10 135 223 5 166 239 5 234 31 62 3710
70.0 16 85 5 11 37 48 16 261 5 197 165 21 64 5 229 623 75 5 91 682 5 21 11 138 229 5 170 245 5 240 32 64 3808
71.0 16 87 5 11 38 49 16 268 5 202 169 22 66 5 235 640 77 5 93 700 5 22 11 142 235 5 175 251 5 246 33 66 3909
72.0 17 90 6 11 39 50 17 275 6 208 174 22 67 6 241 656 79 6 95 718 6 22 11 146 241 6 180 258 6 252 34 67 4011
73.0 17 92 6 12 40 52 17 282 6 213 178 23 69 6 248 674 81 6 98 737 6 23 12 150 248 6 184 265 6 259 35 69 4116
74.0 18 94 6 12 41 53 18 289 6 219 183 24 71 6 254 691 83 6 100 756 6 24 12 154 254 6 189 272 6 266 35 71 4223
75.0 18 97 6 12 42 55 18 297 6 224 188 24 73 6 260 709 85 6 103 775 6 24 12 158 260 6 194 279 6 273 36 73 4331
76.0 19 99 6 12 43 56 19 304 6 230 193 25 75 6 267 727 87 6 106 795 6 25 12 162 267 6 199 286 6 280 37 75 4442
77.0 19 102 6 13 45 57 19 312 6 236 197 25 76 6 274 745 89 6 108 815 6 25 13 166 274 6 204 293 6 287 38 76 4555
78.0 20 104 7 13 46 59 20 320 7 242 202 26 78 7 281 764 91 7 111 836 7 26 13 170 281 7 209 300 7 294 39 78 4669
79.0 20 107 7 13 47 60 20 328 7 248 207 27 80 7 288 783 94 7 114 857 7 27 13 174 288 7 214 308 7 301 40 80 4785
80.0 21 110 7 14 48 62 21 336 7 254 213 27 82 7 295 802 96 7 117 878 7 27 14 178 295 7 219 315 7 309 41 82 4904
81.0 21 112 7 14 49 63 21 344 7 260 218 28 84 7 302 822 98 7 119 899 7 28 14 183 302 7 225 323 7 316 42 84 5024
82.0 22 115 7 14 50 65 22 353 7 266 223 29 86 7 309 842 101 7 122 921 7 29 14 187 309 7 230 331 7 324 43 86 5146
83.0 22 118 7 15 52 66 22 361 7 273 228 29 88 7 317 862 103 7 125 943 7 29 15 192 317 7 236 339 7 332 44 88 5269
84.0 23 121 8 15 53 68 23 370 8 279 234 30 91 8 324 883 106 8 128 966 8 30 15 196 324 8 241 347 8 339 45 91 5394
85.0 23 124 8 15 54 69 23 378 8 286 239 31 93 8 332 903 108 8 131 988 8 31 15 201 332 8 247 355 8 347 46 93 5521
86.0 24 126 8 16 55 71 24 387 8 292 245 32 95 8 340 924 111 8 134 1011 8 32 16 205 340 8 253 363 8 356 47 95 5649
87.0 24 129 8 16 57 73 24 396 8 299 251 32 97 8 348 946 113 8 137 1035 8 32 16 210 348 8 259 372 8 364 48 97 5779
88.0 25 132 8 17 58 74 25 405 8 306 256 33 99 8 355 967 116 8 141 1058 8 33 17 215 355 8 264 380 8 372 50 99 5910
89.0 25 135 8 17 59 76 25 414 8 313 262 34 101 8 363 989 118 8 144 1082 8 34 17 220 363 8 270 389 8 380 51 101 6042
90.0 26 138 9 17 60 78 26 423 9 320 268 35 104 9 371 1011 121 9 147 1106 9 35 17 225 371 9 276 397 9 389 52 104 6175
91.0 26 141 9 18 62 79 26 432 9 327 274 35 106 9 379 1032 124 9 150 1130 9 35 18 229 379 9 282 406 9 397 53 106 6310
92.0 27 144 9 18 63 81 27 442 9 334 279 36 108 9 388 1055 126 9 153 1154 9 36 18 234 388 9 288 415 9 406 54 108 6445
93.0 28 147 9 18 64 83 28 451 9 341 285 37 110 9 396 1077 129 9 156 1178 9 37 18 239 396 9 295 423 9 414 55 110 6581
94.0 28 150 9 19 66 85 28 460 9 348 291 38 113 9 404 1099 132 9 160 1203 9 38 19 244 404 9 301 432 9 423 56 113 6718
95.0 29 153 10 19 67 86 29 470 10 355 297 38 115 10 412 1122 134 10 163 1227 10 38 19 249 412 10 307 441 10 431 58 115 6855
96.0 29 156 10 20 68 88 29 479 10 362 303 39 117 10 421 1144 137 10 166 1252 10 39 20 254 421 10 313 450 10 440 59 117 6993
97.0 30 160 10 20 70 90 30 489 10 369 309 40 120 10 429 1167 140 10 170 1277 10 40 20 259 429 10 319 459 10 449 60 120 7131
98.0 30 163 10 20 71 91 30 498 10 376 315 41 122 10 437 1189 142 10 173 1301 10 41 20 264 437 10 325 468 10 457 61 122 7269
99.0 31 166 10 21 73 93 31 508 10 383 321 41 124 10 445 1212 145 10 176 1326 10 41 21 269 445 10 331 477 10 466 62 124 7407
100.0 32 169 11 21 74 95 32 517 11 390 327 42 127 11 454 1235 148 11 179 1351 11 42 21 274 454 11 338 485 11 475 63 127 7545
101.0 32 172 11 21 75 97 32 526 11 398 333 43 129 11 462 1257 150 11 183 1375 11 43 21 279 462 11 344 494 11 483 64 129 7682
102.0 33 175 11 22 77 98 33 536 11 405 339 44 131 11 470 1279 153 11 186 1400 11 44 22 284 470 11 350 503 11 492 66 131 7819
103.0 33 178 11 22 78 100 33 545 11 412 345 45 134 11 478 1302 156 11 189 1424 11 45 22 289 478 11 356 512 11 501 67 134 7954
104.0 34 181 11 23 79 102 34 554 11 419 351 45 136 11 486 1324 158 11 192 1448 11 45 23 294 486 11 362 520 11 509 68 136 8089
105.0 35 184 12 23 81 104 35 564 12 426 357 46 138 12 495 1346 161 12 196 1472 12 46 23 299 495 12 368 529 12 518 69 138 8223
106.0 35 187 12 23 82 105 35 573 12 432 362 47 140 12 502 1367 164 12 199 1496 12 47 23 304 502 12 374 538 12 526 70 140 8355
107.0 36 190 12 24 83 107 36 582 12 439 368 47 142 12 510 1389 166 12 202 1519 12 47 24 309 510 12 380 546 12 534 71 142 8486
108.0 36 193 12 24 84 108 36 590 12 446 373 48 145 12 518 1410 169 12 205 1542 12 48 24 313 518 12 386 554 12 542 72 145 8614
109.0 37 196 12 24 86 110 37 599 12 452 379 49 147 12 526 1430 171 12 208 1565 12 49 24 318 526 12 391 562 12 550 73 147 8741
110.0 37 198 12 25 87 112 37 608 12 459 384 50 149 12 533 1451 174 12 211 1587 12 50 25 322 533 12 397 570 12 558 74 149 8865
111.0 38 201 13 25 88 113 38 616 13 465 390 50 151 13 540 1471 176 13 214 1609 13 50 25 327 540 13 402 578 13 566 75 151 8987
112.0 38 204 13 25 89 115 38 624 13 471 395 51 153 13 548 1490 178 13 216 1630 13 51 25 331 548 13 408 586 13 573 76 153 9106
113.0 39 206 13 26 90 116 39 632 13 477 400 52 155 13 555 1509 181 13 219 1651 13 52 26 335 555 13 413 593 13 580 77 155 9221
114.0 39 209 13 26 91 117 39 640 13 483 405 52 157 13 561 1527 183 13 222 1671 13 52 26 339 561 13 418 600 13 587 78 157 9334
115.0 40 211 13 26 92 119 40 647 13 489 409 53 158 13 568 1545 185 13 225 1690 13 53 26 343 568 13 423 607 13 594 79 158 9443
116.0 40 214 13 27 93 120 40 654 13 494 414 53 160 13 574 1562 187 13 227 1709 13 53 27 347 574 13 427 614 13 601 80 160 9548
117.0 40 216 13 27 94 121 40 661 13 499 418 54 162 13 580 1579 189 13 229 1727 13 54 27 351 580 13 432 621 13 607 81 162 9649
118.0 41 218 14 27 95 123 41 668 14 504 423 55 164 14 586 1595 191 14 232 1745 14 55 27 354 586 14 436 627 14 613 82 164 9745
119.0 41 220 14 28 96 124 41 674 14 509 427 55 165 14 592 1610 193 14 234 1761 14 55 28 358 592 14 440 633 14 619 83 165 9838
120.0 42 222 14 28 97 125 42 680 14 514 430 56 167 14 597 1624 194 14 236 1777 14 56 28 361 597 14 444 639 14 625 83 167 9925
121.0 42 224 14 28 98 126 42 686 14 518 434 56 168 14 602 1638 196 14 238 1792 14 56 28 364 602 14 448 644 14 630 84 168 10008
122.0 42 226 14 28 99 127 42 691 14 522 437 56 169 14 607 1650 197 14 240 1805 14 56 28 367 607 14 451 649 14 635 85 169 10085
123.0 43 227 14 28 99 128 43 696 14 526 440 57 170 14 611 1662 199 14 241 1818 14 57 28 369 611 14 455 653 14 639 85 170 10157
124.0 43 229 14 29 100 129 43 701 14 529 443 57 172 14 615 1673 200 14 243 1830 14 57 29 372 615 14 458 658 14 643 86 172 10223
125.0 43 230 14 29 101 129 43 705 14 532 446 58 173 14 618 1683 201 14 244 1841 14 58 29 374 618 14 460 662 14 647 86 173 10283
126.0 43 231 14 29 101 130 43 708 14 535 448 58 173 14 622 1692 202 14 246 1851 14 58 29 376 622 14 463 665 14 651 87 173 10338
127.0 44 232 15 29 102 131 44 712 15 537 450 58 174 15 625 1699 203 15 247 1859 15 58 29 378 625 15 465 668 15 654 87 174 10386
128.0 44 233 15 29 102 131 44 715 15 540 452 58 175 15 627 1706 204 15 248 1867 15 58 29 379 627 15 467 671 15 656 88 175 10427
129.0 44 234 15 29 102 132 44 717 15 541 454 59 176 15 629 1712 205 15 249 1873 15 59 29 380 629 15 468 673 15 658 88 176 10463
130.0 44 235 15 29 103 132 44 719 15 543 455 59 176 15 631 1717 205 15 249 1878 15 59 29 381 631 15 470 675 15 660 88 176 10491
131.0 44 235 15 29 103 132 44 720 15 544 456 59 176 15 632 1720 206 15 250 1882 15 59 29 382 632 15 471 676 15 662 88 176 10513
132.0 44 236 15 29 103 133 44 721 15 545 456 59 177 15 633 1723 206 15 250 1885 15 59 29 383 633 15 471 677 15 663 88 177 10528
133.0 44 236 15 29 103 133 44 722 15 545 457 59 177 15 634 1724 206 15 250 1886 15 59 29 383 634 15 472 678 15 663 88 177 10536
134.0 44 236 15 29 103 133 44 722 15 545 457 59 177 15 634 1724 206 15 251 1886 15 59 29 383 634 15 472 678 15 663 88 177 10536
135.0 44 236 15 29 103 133 44 722 15 545 457 59 177 15 633 1723 206 15 250 1885 15 59 29 383 633 15 471 677 15 663 88 177 10530
136.0 44 235 15 29 103 132 44 721 15 544 456 59 177 15 632 1721 206 15 250 1883 15 59 29 382 632 15 471 677 15 662 88 177 10517
137.0 44 235 15 29 103 132 44 719 15 543 455 59 176 15 631 1718 206 15 250 1879 15 59 29 382 631 15 470 675 15 661 88 176 10496
138.0 44 234 15 29 102 132 44 717 15 542 454 59 176 15 630 1713 205 15 249 1874 15 59 29 381 630 15 469 674 15 659 88 176 10469
139.0 44 233 15 29 102 131 44 715 15 540 452 58 175 15 627 1707 204 15 248 1868 15 58 29 379 627 15 467 671 15 657 88 175 10434
140.0 44 233 15 29 102 131 44 712 15 538 451 58 174 15 625 1700 203 15 247 1860 15 58 29 378 625 15 465 669 15 654 87 174 10392
141.0 43 231 14 29 101 130 43 709 14 535 448 58 174 14 622 1692 203 14 246 1852 14 58 29 376 622 14 463 665 14 651 87 174 10343
142.0 43 230 14 29 101 129 43 705 14 532 446 58 173 14 619 1683 201 14 245 1842 14 58 29 374 619 14 460 662 14 647 86 173 10287
143.0 43 229 14 29 100 129 43 701 14 529 443 57 172 14 615 1673 200 14 243 1830 14 57 29 372 615 14 458 658 14 644 86 172 10225
144.0 43 227 14 28 99 128 43 696 14 526 440 57 170 14 611 1662 199 14 241 1818 14 57 28 369 611 14 454 653 14 639 85 170 10155
145.0 42 226 14 28 99 127 42 691 14 522 437 56 169 14 606 1649 197 14 240 1804 14 56 28 367 606 14 451 648 14 634 85 169 10079
146.0 42 224 14 28 98 126 42 685 14 517 433 56 168 14 601 1636 196 14 238 1790 14 56 28 364 601 14 447 643 14 629 84 168 9997
147.0 42 222 14 28 97 125 42 679 14 513 430 55 166 14 596 1621 194 14 236 1774 14 55 28 360 596 14 443 637 14 624 83 166 9909
148.0 41 220 14 27 96 124 41 673 14 508 426 55 165 14 590 1606 192 14 233 1757 14 55 27 357 590 14 439 631 14 618 82 165 9814
149.0 41 217 14 27 95 122 41 666 14 503 421 54 163 14 584 1590 190 14 231 1739 14 54 27 353 584 14 435 625 14 611 82 163 9714
150.0 40 215 13 27 94 121 40 658 13 497 417 54 161 13 578 1572 188 13 228 1720 13 54 27 349 578 13 430 618 13 605 81 161 9608
151.0 40 213 13 27 93 120 40 651 13 491 412 53 159 13 571 1554 186 13 226 1700 13 53 27 345 571 13 425 611 13 598 80 159 9497
152.0 39 210 13 26 92 118 39 643 13 485 407 52 157 13 564 1535 184 13 223 1679 13 52 26 341 564 13 420 603 13 590 79 157 9380
153.0 39 207 13 26 91 117 39 635 13 479 401 52 155 13 557 1515 181 13 220 1658 13 52 26 337 557 13 414 596 13 583 78 155 9259
154.0 38 204 13 26 89 115 38 626 13 473 396 51 153 13 549 1495 179 13 217 1635 13 51 26 332 549 13 409 588 13 575 77 153 9133
155.0 38 201 13 25 88 113 38 617 13 466 390 50 151 13 541 1473 176 13 214 1612 13 50 25 327 541 13 403 579 13 567 76 151 9003
156.0 37 198 12 25 87 112 37 608 12 459 385 50 149 12 533 1451 174 12 211 1588 12 50 25 323 533 12 397 571 12 558 74 149 8869
157.0 37 195 12 24 85 110 37 598 12 452 379 49 147 12 525 1429 171 12 208 1563 12 49 24 318 525 12 391 562 12 550 73 147 8731
158.0 36 192 12 24 84 108 36 589 12 445 372 48 144 12 517 1406 168 12 204 1538 12 48 24 312 517 12 384 553 12 541 72 144 8590
159.0 35 189 12 24 83 106 35 579 12 437 366 47 142 12 508 1382 165 12 201 1512 12 47 24 307 508 12 378 543 12 532 71 142 8446
160.0 35 186 12 23 81 104 35 569 12 429 360 46 139 12 499 1358 162 12 197 1486 12 46 23 302 499 12 371 534 12 522 70 139 8299
161.0 34 182 11 23 80 103 34 558 11 422 353 46 137 11 490 1333 160 11 194 1459 11 46 23 296 490 11 365 524 11 513 68 137 8149
162.0 34 179 11 22 78 101 34 548 11 414 347 45 134 11 481 1309 157 11 190 1432 11 45 22 291 481 11 358 515 11 503 67 134 7997
163.0 33 176 11 22 77 99 33 538 11 406 340 44 132 11 472 1283 154 11 186 1404 11 44 22 285 472 11 351 505 11 494 66 132 7843
164.0 32 172 11 22 75 97 32 527 11 398 333 43 129 11 462 1258 151 11 183 1376 11 43 22 280 462 11 344 495 11 484 65 129 7688
165.0 32 169 11 21 74 95 32 516 11 390 327 42 126 11 453 1232 147 11 179 1348 11 42 21 274 453 11 337 485 11 474 63 126 7531
166.0 31 165 10 21 72 93 31 505 10 382 320 41 124 10 443 1207 144 10 175 1320 10 41 21 268 443 10 330 474 10 464 62 124 7373
167.0 30 161 10 20 71 91 30 494 10 373 313 40 121 10 434 1181 141 10 172 1292 10 40 20 262 434 10 323 464 10 454 61 121 7215
168.0 30 158 10 20 69 89 30 484 10 365 306 39 118 10 424 1155 138 10 168 1263 10 39 20 257 424 10 316 454 10 444 59 118 7055
169.0 29 154 10 19 68 87 29 473 10 357 299 39 116 10 415 1128 135 10 164 1235 10 39 19 251 415 10 309 444 10 434 58 116 6896
170.0 28 151 9 19 66 85 28 462 9 349 292 38 113 9 405 1102 132 9 160 1206 9 38 19 245 405 9 301 433 9 424 57 113 6737
171.0 28 147 9 18 64 83 28 451 9 340 285 37 110 9 396 1076 129 9 156 1177 9 37 18 239 396 9 294 423 9 414 55 110 6577
172.0 27 144 9 18 63 81 27 440 9 332 278 36 108 9 386 1050 126 9 153 1149 9 36 18 233 386 9 287 413 9 404 54 108 6419
173.0 26 140 9 18 61 79 26 429 9 324 271 35 105 9 377 1024 123 9 149 1121 9 35 18 228 377 9 280 403 9 394 53 105 6260
174.0 26 137 9 17 60 77 26 418 9 316 265 34 102 9 367 999 120 9 145 1093 9 34 17 222 367 9 273 393 9 384 51 102 6103
175.0 25 133 8 17 58 75 25 408 8 308 258 33 100 8 358 973 116 8 141 1065 8 33 17 216 358 8 266 383 8 374 50 100 5947
176.0 24 130 8 16 57 73 24 397 8 300 251 32 97 8 348 948 113 8 138 1037 8 32 16 211 348 8 259 373 8 365 49 97 5792
177.0 24 126 8 16 55 71 24 386 8 292 244 32 95 8 339 923 110 8 134 1009 8 32 16 205 339 8 252 363 8 355 47 95 5639
178.0 23 123 8 15 54 69 23 376 8 284 238 31 92 8 330 898 107 8 130 982 8 31 15 200 330 8 246 353 8 345 46 92 5487
179.0 22 119 7 15 52 67 22 366 7 276 231 30 90 7 321 873 104 7 127 955 7 30 15 194 321 7 239 343 7 336 45 90 5337
180.0 22 116 7 15 51 65 22 356 7 269 225 29 87 7 312 849 102 7 123 929 7 29 15 189 312 7 232 334 7 327 44 87 5189
181.0 21 113 7 14 49 63 21 346 7 261 219 28 85 7 303 825 99 7 120 903 7 28 14 183 303 7 226 324 7 317 42 85 5043
182.0 21 110 7 14 48 62 21 336 7 253 212 27 82 7 295 802 96 7 116 877 7 27 14 178 295 7 219 315 7 308 41 82 4899
183.0 20 106 7 13 47 60 20 326 7 246 206 27 80 7 286 778 93 7 113 852 7 27 13 173 286 7 213 306 7 299 40 80 4757
184.0 19 103 6 13 45 58 19 316 6 239 200 26 77 6 278 756 90 6 110 827 6 26 13 168 278 6 207 297 6 291 39 77 4617
185.0 19 100 6 13 44 56 19 307 6 232 194 25 75 6 269 733 88 6 107 802 6 25 13 163 269 6 201 288 6 282 38 75 4480
186.0 18 97 6 12 43 55 18 298 6 225 188 24 73 6 261 711 85 6 103 778 6 24 12 158 261 6 194 280 6 274 36 73 4346
187.0 18 94 6 12 41 53 18 289 6 218 183 24 71 6 253 690 83 6 100 754 6 24 12 153 253 6 189 271 6 265 35 71 4214
188.0 17 91 6 11 40 51 17 280 6 211 177 23 69 6 246 668 80 6 97 731 6 23 11 149 246 6 183 263 6 257 34 69 4084
189.0 17 89 6 11 39 50 17 271 6 205 172 22 66 6 238 648 77 6 94 709 6 22 11 144 238 6 177 255 6 249 33 66 3958
190.0 16 86 5 11 38 48 16 263 5 198 166 21 64 5 231 627 75 5 91 686 5 21 11 139 231 5 172 247 5 241 32 64 3834
191.0 16 83 5 10 36 47 16 254 5 192 161 21 62 5 223 608 73 5 88 665 5 21 10 135 223 5 166 239 5 234 31 62 3713
192.0 15 80 5 10 35 45 15 246 5 186 156 20 60 5 216 588 70 5 85 643 5 20 10 131 216 5 161 231 5 226 30 60 3594
193.0 15 78 5 10 34 44 15 238 5 180 151 19 58 5 209 569 68 5 83 623 5 19 10 126 209 5 156 224 5 219 29 58 3478
194.0 14 75 5 9 33 42 14 231 5 174 146 19 56 5 202 551 66 5 80 602 5 19 9 122 202 5 151 217 5 212 28 56 3365
195.0 14 73 5 9 32 41 14 223 5 168 141 18 55 5 196 533 64 5 77 583 5 18 9 118 196 5 146 209 5 205 27 55 3255
196.0 13 70 4 9 31 40 13 216 4 163 136 18 53 4 189 515 62 4 75 563 4 18 9 114 189 4 141 203 4 198 26 53 3148
197.0 13 68 4 9 30 38 13 209 4 157 132 17 51 4 183 498 60 4 72 545 4 17 9 111 183 4 136 196 4 192 26 51 3043
198.0 12 66 4 8 29 37 12 202 4 152 128 16 49 4 177 481 58 4 70 526 4 16 8 107 177 4 132 189 4 185 25 49 2941
199.0 12 64 4 8 28 36 12 195 4 147 123 16 48 4 171 465 56 4 68 509 4 16 8 103 171 4 127 183 4 179 24 48 2842
200.0 12 61 4 8 27 35 12 188 4 142 119 15 46 4 165 449 54 4 65 491 4 15 8 100 165 4 123 177 4 173 23 46 2745
201.0 11 59 4 7 26 33 11 182 4 137 115 15 44 4 159 434 52 4 63 475 4 15 7 96 159 4 119 171 4 167 22 44 2651
202.0 11 57 4 7 25 32 11 175 4 132 111 14 43 4 154 419 50 4 61 458 4 14 7 93 154 4 115 165 4 161 21 43 2560
203.0 10 55 3 7 24 31 10 169 3 128 107 14 41 3 149 404 48 3 59 442 3 14 7 90 149 3 111 159 3 156 21 41 2472
204.0 10 53 3 7 23 30 10 163 3 123 103 13 40 3 143 390 47 3 57 427 3 13 7 87 143 3 107 153 3 150 20 40 2386
205.0 10 52 3 6 23 29 10 158 3 119 100 13 39 3 138 377 45 3 55 412 3 13 6 84 138 3 103 148 3 145 19 39 2302
206.0 9 50 3 6 22 28 9 152 3 115 96 12 37 3 134 363 43 3 53 398 3 12 6 81 134 3 99 143 3 140 19 37 2221
207.0 9 48 3 6 21 27 9 147 3 111 93 12 36 3 129 351 42 3 51 384 3 12 6 78 129 3 96 138 3 135 18 36 2143
208.0 9 46 3 6 20 26 9 142 3 107 90 12 35 3 124 338 40 3 49 370 3 12 6 75 124 3 92 133 3 130 17 35 2067
209.0 8 45 3 6 20 25 8 137 3 103 86 11 33 3 120 326 39 3 47 357 3 11 6 72 120 3 89 128 3 125 17 33 1993
210.0 8 43 3 5 19 24 8 132 3 99 83 11 32 3 116 314 38 3 46 344 3 11 5 70 116 3 86 124 3 121 16 32 1921
211.0 8 41 3 5 18 23 8 127 3 96 80 10 31 3 111 303 36 3 44 332 3 10 5 67 111 3 83 119 3 117 16 31 1852
212.0 7 40 2 5 17 22 7 122 2 92 77 10 30 2 107 292 35 2 42 320 2 10 5 65 107 2 80 115 2 112 15 30 1785
213.0 7 38 2 5 17 22 7 118 2 89 75 10 29 2 103 282 34 2 41 308 2 10 5 63 103 2 77 111 2 108 14 29 1720
214.0 7 37 2 5 16 21 7 114 2 86 72 9 28 2 100 271 32 2 39 297 2 9 5 60 100 2 74 107 2 104 14 28 1658
215.0 7 36 2 4 16 20 7 109 2 83 69 9 27 2 96 261 31 2 38 286 2 9 4 58 96 2 71 103 2 101 13 27 1597
216.0 6 34 2 4 15 19 6 105 2 80 67 9 26 2 93 252 30 2 37 275 2 9 4 56 93 2 69 99 2 97 13 26 1538
217.0 6 33 2 4 15 19 6 102 2 77 64 8 25 2 89 242 29 2 35 265 2 8 4 54 89 2 66 95 2 93 12 25 1482
218.0 6 32 2 4 14 18 6 98 2 74 62 8 24 2 86 234 28 2 34 255 2 8 4 52 86 2 64 92 2 90 12 24 1427
219.0 6 31 2 4 13 17 6 94 2 71 60 8 23 2 83 225 27 2 33 246 2 8 4 50 83 2 61 88 2 86 12 23 1374
220.0 6 30 2 4 13 17 6 91 2 68 57 7 22 2 80 216 26 2 31 237 2 7 4 48 80 2 59 85 2 83 11 22 1323
221.0 5 28 2 4 12 16 5 87 2 66 55 7 21 2 77 208 25 2 30 228 2 7 4 46 77 2 57 82 2 80 11 21 1274
222.0 5 27 2 3 12 15 5 84 2 63 53 7 21 2 74 201 24 2 29 219 2 7 3 45 74 2 55 79 2 77 10 21 1226
223.0 5 26 2 3 12 15 5 81 2 61 51 7 20 2 71 193 23 2 28 211 2 7 3 43 71 2 53 76 2 74 10 20 1180
224.0 5 25 2 3 11 14 5 78 2 59 49 6 19 2 68 186 22 2 27 203 2 6 3 41 68 2 51 73 2 71 10 19 1136
225.0 5 24 2 3 11 14 5 75 2 57 47 6 18 2 66 179 21 2 26 196 2 6 3 40 66 2 49 70 2 69 9 18 1093
226.0 4 24 1 3 10 13 4 72 1 54 46 6 18 1 63 172 21 1 25 188 1 6 3 38 63 1 47 68 1 66 9 18 1051
227.0 4 23 1 3 10 13 4 69 1 52 44 6 17 1 61 166 20 1 24 181 1 6 3 37 61 1 45 65 1 64 8 17 1012
228.0 4 22 1 3 10 12 4 67 1 50 42 5 16 1 59 159 19 1 23 174 1 5 3 35 59 1 44 63 1 61 8 16 973
229.0 4 21 1 3 9 12 4 64 1 48 41 5 16 1 56 153 18 1 22 168 1 5 3 34 56 1 42 60 1 59 8 16 936
230.0 4 20 1 3 9 11 4 62 1 47 39 5 15 1 54 147 18 1 21 161 1 5 3 33 54 1 40 58 1 57 8 15 900
231.0 4 19 1 2 8 11 4 59 1 45 38 5 15 1 52 142 17 1 21 155 1 5 2 31 52 1 39 56 1 55 7 15 866
232.0 3 19 1 2 8 10 3 57 1 43 36 5 14 1 50 136 16 1 20 149 1 5 2 30 50 1 37 54 1 52 7 14 833
233.0 3 18 1 2 8 10 3 55 1 41 35 4 13 1 48 131 16 1 19 143 1 4 2 29 48 1 36 52 1 50 7 13 801
234.0 3 17 1 2 8 10 3 53 1 40 33 4 13 1 46 126 15 1 18 138 1 4 2 28 46 1 34 50 1 48 6 13 770
235.0 3 17 1 2 7 9 3 51 1 38 32 4 12 1 45 121 14 1 18 133 1 4 2 27 45 1 33 48 1 47 6 12 740
236.0 3 16 1 2 7 9 3 49 1 37 31 4 12 1 43 116 14 1 17 127 1 4 2 26 43 1 32 46 1 45 6 12 712
237.0 3 15 1 2 7 9 3 47 1 35 30 4 11 1 41 112 13 1 16 123 1 4 2 25 41 1 31 44 1 43 6 11 684
238.0 3 15 1 2 6 8 3 45 1 34 29 4 11 1 40 108 13 1 16 118 1 4 2 24 40 1 29 42 1 41 6 11 658
239.0 3 14 1 2 6 8 3 43 1 33 27 4 11 1 38 103 12 1 15 113 1 4 2 23 38 1 28 41 1 40 5 11 632
240.0 3 14 1 2 6 8 3 42 1 31 26 3 10 1 37 99 12 1 14 109 1 3 2 22 37 1 27 39 1 38 5 10 608
241.0 2 13 1 2 6 7 2 40 1 30 25 3 10 1 35 96 11 1 14 105 1 3 2 21 35 1 26 38 1 37 5 10 584
242.0 2 13 1 2 5 7 2 38 1 29 24 3 9 1 34 92 11 1 13 101 1 3 2 20 34 1 25 36 1 35 5 9 562
243.0 2 12 1 2 5 7 2 37 1 28 23 3 9 1 32 88 11 1 13 97 1 3 2 20 32 1 24 35 1 34 5 9 540
244.0 2 12 1 1 5 7 2 36 1 27 22 3 9 1 31 85 10 1 12 93 1 3 1 19 31 1 23 33 1 33 4 9 519
245.0 2 11 1 1 5 6 2 34 1 26 22 3 8 1 30 82 10 1 12 89 1 3 1 18 30 1 22 32 1 31 4 8 498
246.0 2 11 1 1 5 6 2 33 1 25 21 3 8 1 29 78 9 1 11 86 1 3 1 17 29 1 21 31 1 30 4 8 479
247.0 2 10 1 1 5 6 2 32 1 24 20 3 8 1 28 75 9 1 11 82 1 3 1 17 28 1 21 30 1 29 4 8 460
248.0 2 10 1 1 4 6 2 30 1 23 19 2 7 1 27 72 9 1 11 79 1 2 1 16 27 1 20 28 1 28 4 7 442
249.0 2 10 1 1 4 5 2 29 1 22 18 2 7 1 26 70 8 1 10 76 1 2 1 15 26 1 19 27 1 27 4 7 425
250.0 2 9 1 1 4 5 2 28 1 21 18 2 7 1 25 67 8 1 10 73 1 2 1 15 25 1 18 26 1 26 3 7 408
251.0 2 9 1 1 4 5 2 27 1 20 17 2 7 1 24 64 8 1 9 70 1 2 1 14 24 1 18 25 1 25 3 7 392
252.0 2 8 1 1 4 5 2 26 1 19 16 2 6 1 23 62 7 1 9 67 1 2 1 14 23 1 17 24 1 24 3 6 377
253.0 2 8 1 1 4 5 2 25 1 19 16 2 6 1 22 59 7 1 9 65 1 2 1 13 22 1 16 23 1 23 3 6 362
254.0 1 8 0 1 3 4 1 24 0 18 15 2 6 0 21 57 7 0 8 62 0 2 1 13 21 0 16 22 0 22 3 6 348
255.0 1 7 0 1 3 4 1 23 0 17 14 2 6 0 20 55 7 0 8 60 0 2 1 12 20 0 15 21 0 21 3 6 334
256.0 1 7 0 1 3 4 1 22 0 17 14 2 5 0 19 52 6 0 8 57 0 2 1 12 19 0 14 21 0 20 3 5 321
257.0 1 7 0 1 3 4 1 21 0 16 13 2 5 0 19 50 6 0 7 55 0 2 1 11 19 0 14 20 0 19 3 5 308
258.0 1 7 0 1 3 4 1 20 0 15 13 2 5 0 18 48 6 0 7 53 0 2 1 11 18 0 13 19 0 19 2 5 296
259.0 1 6 0 1 3 4 1 19 0 15 12 2 5 0 17 47 6 0 7 51 0 2 1 10 17 0 13 18 0 18 2 5 284
260.0 1 6 0 1 3 3 1 19 0 14 12 2 5 0 16 45 5 0 6 49 0 2 1 10 16 0 12 18 0 17 2 5 273
261.0 1 6 0 1 3 3 1 18 0 14 11 1 4 0 16 43 5 0 6 47 0 1 1 10 16 0 12 17 0 17 2 4 262
262.0 1 6 0 1 2 3 1 17 0 13 11 1 4 0 15 41 5 0 6 45 0 1 1 9 15 0 11 16 0 16 2 4 252
263.0 1 5 0 1 2 3 1 17 0 13 10 1 4 0 15 40 5 0 6 43 0 1 1 9 15 0 11 16 0 15 2 4 242
264.0 1 5 0 1 2 3 1 16 0 12 10 1 4 0 14 38 5 0 6 42 0 1 1 8 14 0 10 15 0 15 2 4 232
265.0 1 5 0 1 2 3 1 15 0 12 10 1 4 0 13 36 4 0 5 40 0 1 1 8 13 0 10 14 0 14 2 4 223
266.0 1 5 0 1 2 3 1 15 0 11 9 1 4 0 13 35 4 0 5 38 0 1 1 8 13 0 10 14 0 13 2 4 214
267.0 1 5 0 1 2 3 1 14 0 11 9 1 3 0 12 34 4 0 5 37 0 1 1 7 12 0 9 13 0 13 2 3 206
268.0 1 4 0 1 2 2 1 14 0 10 9 1 3 0 12 32 4 0 5 35 0 1 1 7 12 0 9 13 0 12 2 3 198
269.0 1 4 0 1 2 2 1 13 0 10 8 1 3 0 11 31 4 0 5 34 0 1 1 7 11 0 8 12 0 12 2 3 190
270.0 1 4 0 1 2 2 1 12 0 9 8 1 3 0 11 30 4 0 4 33 0 1 1 7 11 0 8 12 0 11 2 3 182
271.0 1 4 0 0 2 2 1 12 0 9 8 1 3 0 11 29 3 0 4 31 0 1 0 6 11 0 8 11 0 11 1 3 175
272.0 1 4 0 0 2 2 1 12 0 9 7 1 3 0 10 27 3 0 4 30 0 1 0 6 10 0 8 11 0 11 1 3 168
273.0 1 4 0 0 2 2 1 11 0 8 7 1 3 0 10 26 3 0 4 29 0 1 0 6 10 0 7 10 0 10 1 3 161
274.0 1 3 0 0 2 2 1 11 0 8 7 1 3 0 9 25 3 0 4 28 0 1 0 6 9 0 7 10 0 10 1 3 155
275.0 1 3 0 0 1 2 1 10 0 8 6 1 2 0 9 24 3 0 4 27 0 1 0 5 9 0 7 10 0 9 1 2 149
276.0 1 3 0 0 1 2 1 10 0 7 6 1 2 0 9 23 3 0 3 26 0 1 0 5 9 0 6 9 0 9 1 2 143
277.0 1 3 0 0 1 2 1 9 0 7 6 1 2 0 8 22 3 0 3 25 0 1 0 5 8 0 6 9 0 9 1 2 137
278.0 1 3 0 0 1 2 1 9 0 7 6 1 2 0 8 22 3 0 3 24 0 1 0 5 8 0 6 8 0 8 1 2 132
279.0 1 3 0 0 1 2 1 9 0 7 5 1 2 0 8 21 2 0 3 23 0 1 0 5 8 0 6 8 0 8 1 2 126
280.0 1 3 0 0 1 2 1 8 0 6 5 1 2 0 7 20 2 0 3 22 0 1 0 4 7 0 5 8 0 8 1 2 121
281.0 0 3 0 0 1 1 0 8 0 6 5 1 2 0 7 19 2 0 3 21 0 1 0 4 7 0 5 7 0 7 1 2 116
282.0 0 3 0 0 1 1 0 8 0 6 5 1 2 0 7 18 2 0 3 20 0 1 0 4 7 0 5 7 0 7 1 2 112
283.0 0 2 0 0 1 1 0 7 0 6 5 1 2 0 6 18 2 0 3 19 0 1 0 4 6 0 5 7 0 7 1 2 107
284.0 0 2 0 0 1 1 0 7 0 5 4 1 2 0 6 17 2 0 2 18 0 1 0 4 6 0 5 7 0 6 1 2 103
285.0 0 2 0 0 1 1 0 7 0 5 4 1 2 0 6 16 2 0 2 18 0 1 0 4 6 0 4 6 0 6 1 2 99
286.0 0 2 0 0 1 1 0 7 0 5 4 1 2 0 6 16 2 0 2 17 0 1 0 3 6 0 4 6 0 6 1 2 95
287.0 0 2 0 0 1 1 0 6 0 5 4 1 2 0 5 15 2 0 2 16 0 1 0 3 5 0 4 6 0 6 1 2 91
288.0 0 2 0 0 1 1 0 6 0 5 4 0 1 0 5 14 2 0 2 16 0 0 0 3 5 0 4 6 0 6 1 1 88
289.0 0 2 0 0 1 1 0 6 0 4 4 0 1 0 5 14 2 0 2 15 0 0 0 3 5 0 4 5 0 5 1 1 84
290.0 0 2 0 0 1 1 0 6 0 4 4 0 1 0 5 13 2 0 2 14 0 0 0 3 5 0 4 5 0 5 1 1 81
291.0 0 2 0 0 1 1 0 5 0 4 3 0 1 0 5 13 2 0 2 14 0 0 0 3 5 0 3 5 0 5 1 1 78
292.0 0 2 0 0 1 1 0 5 0 4 3 0 1 0 4 12 1 0 2 13 0 0 0 3 4 0 3 5 0 5 1 1 74
293.0 0 2 0 0 1 1 0 5 0 4 3 0 1 0 4 12 1 0 2 13 0 0 0 3 4 0 3 5 0 4 1 1 71
294.0 0 2 0 0 1 1 0 5 0 4 3 0 1 0 4 11 1 0 2 12 0 0 0 2 4 0 3 4 0 4 1 1 69
295.0 0 1 0 0 1 1 0 5 0 3 3 0 1 0 4 11 1 0 2 12 0 0 0 2 4 0 3 4 0 4 1 1 66
296.0 0 1 0 0 1 1 0 4 0 3 3 0 1 0 4 10 1 0 2 11 0 0 0 2 4 0 3 4 0 4 1 1 63
297.0 0 1 0 0 1 1 0 4 0 3 3 0 1 0 4 10 1 0 1 11 0 0 0 2 4 0 3 4 0 4 1 1 61
298.0 0 1 0 0 1 1 0 4 0 3 3 0 1 0 4 10 1 0 1 10 0 0 0 2 4 0 3 4 0 4 0 1 58
299.0 0 1 0 0 1 1 0 4 0 3 2 0 1 0 3 9 1 0 1 10 0 0 0 2 3 0 3 4 0 4 0 1 56
300.0 0 1 0 0 1 1 0 4 0 3 2 0 1 0 3 9 1 0 1 10 0 0 0 2 3 0 2 3 0 3 0 1 54
301.0 0 1 0 0 1 1 0 4 0 3 2 0 1 0 3 8 1 0 1 9 0 0 0 2 3 0 2 3 0 3 0 1 52
302.0 0 1 0 0 0 1 0 3 0 3 2 0 1 0 3 8 1 0 1 9 0 0 0 2 3 0 2 3 0 3 0 1 50
303.0 0 1 0 0 0 1 0 3 0 2 2 0 1 0 3 8 1 0 1 9 0 0 0 2 3 0 2 3 0 3 0 1 48
304.0 0 1 0 0 0 1 0 3 0 2 2 0 1 0 3 7 1 0 1 8 0 0 0 2 3 0 2 3 0 3 0 1 46
305.0 0 1 0 0 0 1 0 3 0 2 2 0 1 0 3 7 1 0 1 8 0 0 0 2 3 0 2 3 0 3 0 1 44
306.0 0 1 0 0 0 1 0 3 0 2 2 0 1 0 3 7 1 0 1 8 0 0 0 2 3 0 2 3 0 3 0 1 42
307.0 0 1 0 0 0 1 0 3 0 2 2 0 1 0 2 7 1 0 1 7 0 0 0 1 2 0 2 3 0 3 0 1 40
308.0 0 1 0 0 0 0 0 3 0 2 2 0 1 0 2 6 1 0 1 7 0 0 0 1 2 0 2 2 0 2 0 1 39
309.0 0 1 0 0 0 0 0 3 0 2 2 0 1 0 2 6 1 0 1 7 0 0 0 1 2 0 2 2 0 2 0 1 37
310.0 0 1 0 0 0 0 0 2 0 2 2 0 1 0 2 6 1 0 1 6 0 0 0 1 2 0 2 2 0 2 0 1 36
311.0 0 1 0 0 0 0 0 2 0 2 1 0 1 0 2 6 1 0 1 6 0 0 0 1 2 0 2 2 0 2 0 1 34
312.0 0 1 0 0 0 0 0 2 0 2 1 0 1 0 2 5 1 0 1 6 0 0 0 1 2 0 1 2 0 2 0 1 33
313.0 0 1 0 0 0 0 0 2 0 2 1 0 1 0 2 5 1 0 1 6 0 0 0 1 2 0 1 2 0 2 0 1 32
314.0 0 1 0 0 0 0 0 2 0 2 1 0 1 0 2 5 1 0 1 5 0 0 0 1 2 0 1 2 0 2 0 1 30
315.0 0 1 0 0 0 0 0 2 0 2 1 0 0 0 2 5 1 0 1 5 0 0 0 1 2 0 1 2 0 2 0 0 29
316.0 0 1 0 0 0 0 0 2 0 1 1 0 0 0 2 5 1 0 1 5 0 0 0 1 2 0 1 2 0 2 0 0 28
317.0 0 1 0 0 0 0 0 2 0 1 1 0 0 0 2 4 1 0 1 5 0 0 0 1 2 0 1 2 0 2 0 0 27
318.0 0 1 0 0 0 0 0 2 0 1 1 0 0 0 2 4 1 0 1 5 0 0 0 1 2 0 1 2 0 2 0 0 26
319.0 0 1 0 0 0 0 0 2 0 1 1 0 0 0 1 4 0 0 1 4 0 0 0 1 1 0 1 2 0 2 0 0 25
320.0 0 1 0 0 0 0 0 2 0 1 1 0 0 0 1 4 0 0 1 4 0 0 0 1 1 0 1 2 0 1 0 0 24
321.0 0 1 0 0 0 0 0 2 0 1 1 0 0 0 1 4 0 0 1 4 0 0 0 1 1 0 1 1 0 1 0 0 23
322.0 0 0 0 0 0 0 0 2 0 1 1 0 0 0 1 4 0 0 1 4 0 0 0 1 1 0 1 1 0 1 0 0 22
323.0 0 0 0 0 0 0 0 1 0 1 1 0 0 0 1 3 0 0 0 4 0 0 0 1 1 0 1 1 0 1 0 0 21
324.0 0 0 0 0 0 0 0 1 0 1 1 0 0 0 1 3 0 0 0 4 0 0 0 1 1 0 1 1 0 1 0 0 20
325.0 0 0 0 0 0 0 0 1 0 1 1 0 0 0 1 3 0 0 0 3 0 0 0 1 1 0 1 1 0 1 0 0 19
326.0 0 0 0 0 0 0 0 1 0 1 1 0 0 0 1 3 0 0 0 3 0 0 0 1 1 0 1 1 0 1 0 0 19
327.0 0 0 0 0 0 0 0 1 0 1 1 0 0 0 1 3 0 0 0 3 0 0 0 1 1 0 1 1 0 1 0 0 18
328.0 0 0 0 0 0 0 0 1 0 1 1 0 0 0 1 3 0 0 0 3 0 0 0 1 1 0 1 1 0 1 0 0 17
329.0 0 0 0 0 0 0 0 1 0 1 1 0 0 0 1 3 0 0 0 3 0 0 0 1 1 0 1 1 0 1 0 0 16
330.0 0 0 0 0 0 0 0 1 0 1 1 0 0 0 1 3 0 0 0 3 0 0 0 1 1 0 1 1 0 1 0 0 16
331.0 0 0 0 0 0 0 0 1 0 1 1 0 0 0 1 2 0 0 0 3 0 0 0 1 1 0 1 1 0 1 0 0 15
332.0 0 0 0 0 0 0 0 1 0 1 1 0 0 0 1 2 0 0 0 3 0 0 0 1 1 0 1 1 0 1 0 0 15
333.0 0 0 0 0 0 0 0 1 0 1 1 0 0 0 1 2 0 0 0 3 0 0 0 1 1 0 1 1 0 1 0 0 14
334.0 0 0 0 0 0 0 0 1 0 1 1 0 0 0 1 2 0 0 0 2 0 0 0 0 1 0 1 1 0 1 0 0 13
335.0 0 0 0 0 0 0 0 1 0 1 1 0 0 0 1 2 0 0 0 2 0 0 0 0 1 0 1 1 0 1 0 0 13
336.0 0 0 0 0 0 0 0 1 0 1 1 0 0 0 1 2 0 0 0 2 0 0 0 0 1 0 1 1 0 1 0 0 12
337.0 0 0 0 0 0 0 0 1 0 1 1 0 0 0 1 2 0 0 0 2 0 0 0 0 1 0 1 1 0 1 0 0 12
338.0 0 0 0 0 0 0 0 1 0 1 0 0 0 0 1 2 0 0 0 2 0 0 0 0 1 0 1 1 0 1 0 0 11
339.0 0 0 0 0 0 0 0 1 0 1 0 0 0 0 1 2 0 0 0 2 0 0 0 0 1 0 0 1 0 1 0 0 11
340.0 0 0 0 0 0 0 0 1 0 1 0 0 0 0 1 2 0 0 0 2 0 0 0 0 1 0 0 1 0 1 0 0 11
341.0 0 0 0 0 0 0 0 1 0 1 0 0 0 0 1 2 0 0 0 2 0 0 0 0 1 0 0 1 0 1 0 0 10
342.0 0 0 0 0 0 0 0 1 0 1 0 0 0 0 1 2 0 0 0 2 0 0 0 0 1 0 0 1 0 1 0 0 10
343.0 0 0 0 0 0 0 0 1 0 0 0 0 0 0 1 2 0 0 0 2 0 0 0 0 1 0 0 1 0 1 0 0 9
344.0 0 0 0 0 0 0 0 1 0 0 0 0 0 0 1 1 0 0 0 2 0 0 0 0 1 0 0 1 0 1 0 0 9
345.0 0 0 0 0 0 0 0 1 0 0 0 0 0 0 1 1 0 0 0 2 0 0 0 0 1 0 0 1 0 1 0 0 9
346.0 0 0 0 0 0 0 0 1 0 0 0 0 0 0 0 1 0 0 0 1 0 0 0 0 0 0 0 1 0 1 0 0 8
347.0 0 0 0 0 0 0 0 1 0 0 0 0 0 0 0 1 0 0 0 1 0 0 0 0 0 0 0 1 0 0 0 0 8
348.0 0 0 0 0 0 0 0 1 0 0 0 0 0 0 0 1 0 0 0 1 0 0 0 0 0 0 0 0 0 0 0 0 8
349.0 0 0 0 0 0 0 0 0 0 0 0 0 0 0 0 1 0 0 0 1 0 0 0 0 0 0 0 0 0 0 0 0 7
350.0 0 0 0 0 0 0 0 0 0 0 0 0 0 0 0 1 0 0 0 1 0 0 0 0 0 0 0 0 0 0 0 0 7
351.0 0 0 0 0 0 0 0 0 0 0 0 0 0 0 0 1 0 0 0 1 0 0 0 0 0 0 0 0 0 0 0 0 7
352.0 0 0 0 0 0 0 0 0 0 0 0 0 0 0 0 1 0 0 0 1 0 0 0 0 0 0 0 0 0 0 0 0 6
353.0 0 0 0 0 0 0 0 0 0 0 0 0 0 0 0 1 0 0 0 1 0 0 0 0 0 0 0 0 0 0 0 0 6
354.0 0 0 0 0 0 0 0 0 0 0 0 0 0 0 0 1 0 0 0 1 0 0 0 0 0 0 0 0 0 0 0 0 6
355.0 0 0 0 0 0 0 0 0 0 0 0 0 0 0 0 1 0 0 0 1 0 0 0 0 0 0 0 0 0 0 0 0 6
356.0 0 0 0 0 0 0 0 0 0 0 0 0 0 0 0 1 0 0 0 1 0 0 0 0 0 0 0 0 0 0 0 0 5
357.0 0 0 0 0 0 0 0 0 0 0 0 0 0 0 0 1 0 0 0 1 0 0 0 0 0 0 0 0 0 0 0 0 5
358.0 0 0 0 0 0 0 0 0 0 0 0 0 0 0 0 1 0 0 0 1 0 0 0 0 0 0 0 0 0 0 0 0 5
359.0 0 0 0 0 0 0 0 0 0 0 0 0 0 0 0 1 0 0 0 1 0 0 0 0 0 0 0 0 0 0 0 0 5
360.0 0 0 0 0 0 0 0 0 0 0 0 0 0 0 0 1 0 0 0 1 0 0 0 0 0 0 0 0 0 0 0 0 5
361.0 0 0 0 0 0 0 0 0 0 0 0 0 0 0 0 1 0 0 0 1 0 0 0 0 0 0 0 0 0 0 0 0 4
362.0 0 0 0 0 0 0 0 0 0 0 0 0 0 0 0 1 0 0 0 1 0 0 0 0 0 0 0 0 0 0 0 0 4
363.0 0 0 0 0 0 0 0 0 0 0 0 0 0 0 0 1 0 0 0 1 0 0 0 0 0 0 0 0 0 0 0 0 4
364.0 0 0 0 0 0 0 0 0 0 0 0 0 0 0 0 1 0 0 0 1 0 0 0 0 0 0 0 0 0 0 0 0 4
365.0 0 0 0 0 0 0 0 0 0 0 0 0 0 0 0 1 0 0 0 1 0 0 0 0 0 0 0 0 0 0 0 0 4
