Covid-19 Population Estimated by PSD Model @ CDS/IISc
Day AN AP AR AS BR CH CT DL GA GJ HR HP JK JH KA KL LA LD MP MH MN OR PY PB RJ SK TN TG TR UP UT WB Total
0.0 3 17 1 2 7 9 3 51 1 38 32 4 12 1 45 121 14 1 18 132 1 4 2 27 45 1 33 48 1 47 6 12 740
1.0 4 20 1 3 9 11 4 62 1 47 39 5 15 1 54 148 18 1 21 162 1 5 3 33 54 1 40 58 1 57 8 15 902
2.0 4 23 1 3 10 13 4 72 1 54 45 6 18 1 63 171 20 1 25 187 1 6 3 38 63 1 47 67 1 66 9 18 1045
3.0 5 27 2 3 12 15 5 81 2 61 51 7 20 2 71 194 23 2 28 212 2 7 3 43 71 2 53 76 2 75 10 20 1187
4.0 6 30 2 4 13 17 6 92 2 69 58 7 22 2 81 219 26 2 32 240 2 7 4 49 81 2 60 86 2 84 11 22 1340
5.0 6 34 2 4 15 19 6 104 2 78 65 8 25 2 91 247 30 2 36 270 2 8 4 55 91 2 68 97 2 95 13 25 1510
6.0 7 38 2 5 17 21 7 117 2 88 74 10 29 2 102 279 33 2 40 305 2 10 5 62 102 2 76 109 2 107 14 29 1702
7.0 8 43 3 5 19 24 8 131 3 99 83 11 32 3 115 314 38 3 46 343 3 11 5 70 115 3 86 123 3 121 16 32 1917
8.0 9 48 3 6 21 27 9 148 3 112 94 12 36 3 130 353 42 3 51 387 3 12 6 79 130 3 97 139 3 136 18 36 2160
9.0 10 54 3 7 24 31 10 167 3 126 105 14 41 3 146 398 48 3 58 435 3 14 7 88 146 3 109 156 3 153 20 41 2431
10.0 11 61 4 8 27 34 11 187 4 142 119 15 46 4 165 448 54 4 65 490 4 15 8 99 165 4 122 176 4 172 23 46 2735
11.0 13 69 4 9 30 39 13 211 4 159 133 17 52 4 185 503 60 4 73 551 4 17 9 112 185 4 138 198 4 194 26 52 3076
12.0 14 77 5 10 34 43 14 237 5 179 150 19 58 5 208 565 68 5 82 619 5 19 10 126 208 5 155 222 5 217 29 58 3455
13.0 16 87 5 11 38 49 16 266 5 201 168 22 65 5 233 635 76 5 92 694 5 22 11 141 233 5 174 250 5 244 33 65 3878
14.0 18 97 6 12 43 55 18 298 6 225 189 24 73 6 262 712 85 6 103 779 6 24 12 158 262 6 195 280 6 274 36 73 4349
15.0 20 109 7 14 48 61 20 334 7 252 211 27 82 7 293 797 95 7 116 872 7 27 14 177 293 7 218 313 7 307 41 82 4871
16.0 23 122 8 15 53 68 23 373 8 281 236 30 91 8 327 890 107 8 129 974 8 30 15 198 327 8 243 350 8 342 46 91 5440
17.0 25 135 8 17 59 76 25 415 8 313 262 34 102 8 364 990 118 8 144 1083 8 34 17 220 364 8 271 389 8 381 51 102 6050
18.0 28 150 9 19 66 84 28 459 9 347 290 37 112 9 403 1096 131 9 159 1199 9 37 19 244 403 9 300 431 9 422 56 112 6700
19.0 31 165 10 21 72 93 31 506 10 382 320 41 124 10 444 1209 145 10 176 1322 10 41 21 269 444 10 331 475 10 465 62 124 7387
20.0 34 181 11 23 79 102 34 556 11 419 351 45 136 11 488 1326 159 11 193 1451 11 45 23 295 488 11 363 522 11 510 68 136 8106
21.0 37 198 12 25 87 111 37 607 12 458 384 50 149 12 533 1449 173 12 211 1585 12 50 25 322 533 12 396 570 12 557 74 149 8856
22.0 40 215 13 27 94 121 40 660 13 498 417 54 162 13 579 1575 188 13 229 1723 13 54 27 350 579 13 431 619 13 606 81 162 9626
23.0 44 234 15 29 102 132 44 716 15 541 453 58 175 15 628 1710 205 15 248 1871 15 58 29 380 628 15 468 672 15 658 88 175 10450
24.0 48 253 16 32 111 143 48 776 16 586 491 63 190 16 681 1853 222 16 269 2027 16 63 32 412 681 16 507 729 16 713 95 190 11325
25.0 51 274 17 34 120 154 51 840 17 634 531 69 206 17 737 2005 240 17 291 2193 17 69 34 446 737 17 548 788 17 771 103 206 12252
26.0 56 296 19 37 130 167 56 907 19 685 574 74 222 19 796 2166 259 19 315 2369 19 74 37 481 796 19 592 851 19 833 111 222 13235
27.0 60 319 20 40 140 180 60 978 20 739 619 80 240 20 859 2336 280 20 339 2556 20 80 40 519 859 20 639 918 20 898 120 240 14275
28.0 65 344 22 43 151 194 65 1054 22 796 667 86 258 22 925 2516 301 22 366 2753 22 86 43 559 925 22 688 989 22 968 129 258 15378
29.0 69 370 23 46 162 208 69 1134 23 856 717 93 278 23 995 2708 324 23 393 2962 23 93 46 602 995 23 741 1065 23 1041 139 278 16547
30.0 75 398 25 50 174 224 75 1219 25 920 771 100 299 25 1070 2910 348 25 423 3184 25 100 50 647 1070 25 796 1144 25 1119 149 299 17786
31.0 80 427 27 53 187 240 80 1309 27 988 828 107 321 27 1149 3125 374 27 454 3419 27 107 53 694 1149 27 855 1229 27 1202 160 321 19098
32.0 86 458 29 57 201 258 86 1404 29 1060 888 115 344 29 1232 3352 401 29 487 3668 29 115 57 745 1232 29 917 1318 29 1289 172 344 20487
33.0 92 491 31 61 215 276 92 1505 31 1136 952 123 368 31 1320 3593 430 31 522 3931 31 123 61 798 1320 31 983 1413 31 1382 184 368 21956
34.0 99 526 33 66 230 296 99 1611 33 1217 1019 132 395 33 1414 3847 460 33 559 4209 33 132 66 855 1414 33 1052 1513 33 1480 197 395 23510
35.0 106 563 35 70 246 317 106 1724 35 1302 1091 141 422 35 1513 4116 493 35 598 4503 35 141 70 915 1513 35 1126 1618 35 1583 211 422 25153
36.0 113 602 38 75 263 338 113 1843 38 1391 1166 150 451 38 1617 4400 526 38 639 4814 38 150 75 978 1617 38 1203 1730 38 1692 226 451 26889
37.0 120 642 40 80 281 361 120 1967 40 1485 1244 161 482 40 1726 4697 562 40 682 5138 40 161 80 1044 1726 40 1285 1847 40 1806 241 482 28702
38.0 128 684 43 86 299 385 128 2096 43 1582 1326 171 513 43 1839 5004 599 43 727 5474 43 171 86 1112 1839 43 1369 1967 43 1924 257 513 30578
39.0 136 728 45 91 318 409 136 2228 45 1683 1410 182 546 45 1955 5320 637 45 773 5821 45 182 91 1182 1955 45 1455 2092 45 2046 273 546 32513
40.0 145 772 48 97 338 434 145 2364 48 1785 1496 193 579 48 2075 5646 676 48 820 6177 48 193 97 1255 2075 48 1544 2220 48 2171 290 579 34502
41.0 153 818 51 102 358 460 153 2504 51 1891 1584 204 613 51 2197 5979 715 51 869 6541 51 204 102 1329 2197 51 1635 2351 51 2300 307 613 36537
42.0 162 864 54 108 378 486 162 2646 54 1998 1674 216 648 54 2322 6318 756 54 918 6912 54 216 108 1404 2322 54 1728 2484 54 2430 324 648 38610
43.0 171 911 57 114 399 512 171 2790 57 2107 1765 228 683 57 2448 6662 797 57 968 7288 57 228 114 1480 2448 57 1822 2619 57 2562 342 683 40712
44.0 180 958 60 120 419 539 180 2935 60 2216 1857 240 719 60 2576 7009 839 60 1018 7668 60 240 120 1558 2576 60 1917 2756 60 2696 359 719 42832
45.0 189 1006 63 126 440 566 189 3081 63 2327 1949 252 755 63 2704 7357 880 63 1069 8049 63 252 126 1635 2704 63 2012 2893 63 2830 377 755 44960
46.0 198 1054 66 132 461 593 198 3227 66 2437 2041 263 790 66 2832 7705 922 66 1120 8429 66 263 132 1712 2832 66 2107 3029 66 2963 395 790 47086
47.0 206 1101 69 138 482 619 206 3372 69 2546 2133 275 826 69 2959 8050 963 69 1170 8807 69 275 138 1789 2959 69 2202 3165 69 3096 413 826 49197
48.0 215 1148 72 143 502 646 215 3515 72 2654 2223 287 861 72 3084 8392 1004 72 1219 9181 72 287 143 1865 3084 72 2295 3299 72 3228 430 861 51283
49.0 224 1193 75 149 522 671 224 3655 75 2760 2312 298 895 75 3207 8727 1044 75 1268 9547 75 298 149 1939 3207 75 2387 3431 75 3357 448 895 53332
50.0 232 1238 77 155 542 696 232 3792 77 2863 2399 310 929 77 3328 9054 1083 77 1316 9905 77 310 155 2012 3328 77 2476 3560 77 3482 464 929 55331
51.0 240 1282 80 160 561 721 240 3925 80 2964 2483 320 961 80 3444 9372 1121 80 1362 10253 80 320 160 2083 3444 80 2563 3685 80 3604 481 961 57271
52.0 248 1325 83 166 580 745 248 4057 83 3063 2566 331 993 83 3560 9686 1159 83 1407 10597 83 331 166 2152 3560 83 2649 3808 83 3725 497 993 59192
53.0 256 1368 85 171 598 769 256 4189 85 3163 2650 342 1026 85 3676 10003 1197 85 1453 10944 85 342 171 2223 3676 85 2736 3933 85 3847 513 1026 61132
54.0 265 1412 88 176 618 794 265 4323 88 3265 2735 353 1059 88 3794 10323 1235 88 1500 11294 88 353 176 2294 3794 88 2823 4059 88 3970 529 1059 63086
55.0 273 1456 91 182 637 819 273 4459 91 3367 2821 364 1092 91 3913 10646 1274 91 1547 11647 91 364 182 2366 3913 91 2912 4186 91 4095 546 1092 65058
56.0 281 1500 94 188 656 844 281 4595 94 3470 2907 375 1125 94 4032 10972 1313 94 1594 12003 94 375 188 2438 4032 94 3001 4314 94 4220 563 1125 67049
57.0 290 1545 97 193 676 869 290 4733 97 3574 2994 386 1159 97 4154 11301 1352 97 1642 12364 97 386 193 2511 4154 97 3091 4443 97 4347 580 1159 69064
58.0 298 1591 99 199 696 895 298 4873 99 3680 3083 398 1193 99 4276 11636 1392 99 1691 12730 99 398 199 2586 4276 99 3182 4575 99 4475 597 1193 71107
59.0 307 1638 102 205 716 921 307 5015 102 3787 3173 409 1228 102 4401 11975 1433 102 1740 13101 102 409 205 2661 4401 102 3275 4708 102 4606 614 1228 73182
60.0 316 1685 105 211 737 948 316 5160 105 3896 3264 421 1264 105 4528 12321 1474 105 1790 13479 105 421 211 2738 4528 105 3370 4844 105 4739 632 1264 75292
61.0 325 1733 108 217 758 975 325 5307 108 4007 3358 433 1300 108 4657 12672 1516 108 1841 13864 108 433 217 2816 4657 108 3466 4982 108 4874 650 1300 77441
62.0 334 1782 111 223 780 1002 334 5457 111 4121 3453 445 1336 111 4789 13031 1559 111 1893 14256 111 445 223 2896 4789 111 3564 5123 111 5012 668 1336 79632
63.0 344 1832 115 229 802 1031 344 5611 115 4237 3550 458 1374 115 4924 13397 1603 115 1947 14656 115 458 229 2977 4924 115 3664 5267 115 5153 687 1374 81868
64.0 353 1883 118 235 824 1059 353 5767 118 4355 3649 471 1412 118 5061 13770 1648 118 2001 15065 118 471 235 3060 5061 118 3766 5414 118 5296 706 1412 84151
65.0 363 1935 121 242 847 1089 363 5927 121 4475 3750 484 1452 121 5201 14152 1693 121 2056 15483 121 484 242 3145 5201 121 3871 5564 121 5443 726 1452 86485
66.0 373 1989 124 249 870 1119 373 6091 124 4599 3853 497 1492 124 5345 14543 1740 124 2113 15910 124 497 249 3232 5345 124 3978 5718 124 5593 746 1492 88872
67.0 383 2043 128 255 894 1149 383 6258 128 4725 3959 511 1533 128 5492 14942 1788 128 2171 16347 128 511 255 3321 5492 128 4087 5875 128 5747 766 1533 91315
68.0 394 2099 131 262 918 1181 394 6429 131 4855 4068 525 1575 131 5642 15352 1837 131 2231 16795 131 525 262 3411 5642 131 4199 6036 131 5904 787 1575 93816
69.0 404 2157 135 270 944 1213 404 6605 135 4987 4179 539 1618 135 5796 15771 1887 135 2291 17254 135 539 270 3505 5796 135 4313 6200 135 6066 809 1618 96377
70.0 415 2215 138 277 969 1246 415 6785 138 5123 4292 554 1662 138 5954 16200 1938 138 2354 17723 138 554 277 3600 5954 138 4431 6369 138 6231 831 1662 99001
71.0 427 2276 142 284 996 1280 427 6969 142 5262 4409 569 1707 142 6116 16640 1991 142 2418 18205 142 569 284 3698 6116 142 4551 6542 142 6400 853 1707 101691
72.0 438 2337 146 292 1023 1315 438 7158 146 5405 4529 584 1753 146 6281 17092 2045 146 2483 18698 146 584 292 3798 6281 146 4675 6720 146 6574 876 1753 104448
73.0 450 2401 150 300 1050 1350 450 7352 150 5551 4651 600 1800 150 6452 17554 2100 150 2551 19205 150 600 300 3901 6452 150 4801 6902 150 6752 900 1800 107275
74.0 462 2465 154 308 1079 1387 462 7550 154 5701 4777 616 1849 154 6626 18029 2157 154 2620 19724 154 616 308 4006 6626 154 4931 7088 154 6934 925 1849 110175
75.0 475 2532 158 317 1108 1424 475 7754 158 5855 4906 633 1899 158 6805 18515 2216 158 2690 20256 158 633 317 4115 6805 158 5064 7280 158 7121 950 1899 113149
76.0 487 2600 162 325 1137 1462 487 7962 162 6012 5037 650 1950 162 6987 19011 2275 162 2762 20799 162 650 325 4225 6987 162 5200 7474 162 7312 975 1950 116179
77.0 500 2669 167 334 1167 1501 500 8172 167 6171 5170 667 2001 167 7172 19513 2335 167 2835 21348 167 667 334 4336 7172 167 5337 7672 167 7505 1001 2001 119249
78.0 513 2738 171 342 1198 1540 513 8385 171 6332 5305 685 2054 171 7358 20022 2396 171 2909 21904 171 685 342 4449 7358 171 5476 7872 171 7701 1027 2054 122355
79.0 527 2808 176 351 1229 1580 527 8600 176 6494 5441 702 2106 176 7547 20535 2457 176 2984 22466 176 702 351 4563 7547 176 5616 8074 176 7898 1053 2106 125493
80.0 540 2879 180 360 1260 1619 540 8817 180 6658 5578 720 2159 180 7737 21053 2519 180 3059 23032 180 720 360 4678 7737 180 5758 8277 180 8097 1080 2159 128657
81.0 553 2950 184 369 1291 1660 553 9035 184 6822 5716 738 2213 184 7929 21574 2581 184 3135 23602 184 738 369 4794 7929 184 5901 8482 184 8298 1106 2213 131839
82.0 567 3022 189 378 1322 1700 567 9254 189 6988 5855 755 2266 189 8121 22096 2644 189 3211 24174 189 755 378 4910 8121 189 6043 8688 189 8499 1133 2266 135034
83.0 580 3093 193 387 1353 1740 580 9473 193 7153 5993 773 2320 193 8313 22620 2707 193 3287 24747 193 773 387 5027 8313 193 6187 8893 193 8700 1160 2320 138233
84.0 593 3165 198 396 1385 1780 593 9692 198 7319 6132 791 2374 198 8506 23143 2769 198 3363 25319 198 791 396 5143 8506 198 6330 9099 198 8901 1187 2374 141429
85.0 607 3236 202 405 1416 1820 607 9911 202 7484 6270 809 2427 202 8697 23664 2832 202 3438 25889 202 809 405 5259 8697 202 6472 9304 202 9102 1214 2427 144615
86.0 620 3307 207 413 1447 1860 620 10128 207 7647 6407 827 2480 207 8888 24182 2894 207 3514 26456 207 827 413 5374 8888 207 6614 9508 207 9301 1240 2480 147781
87.0 633 3377 211 422 1478 1900 633 10343 211 7810 6543 844 2533 211 9076 24696 2955 211 3588 27018 211 844 422 5488 9076 211 6754 9710 211 9498 1266 2533 150920
88.0 646 3447 215 431 1508 1939 646 10555 215 7970 6678 862 2585 215 9263 25204 3016 215 3662 27573 215 862 431 5601 9263 215 6893 9909 215 9694 1293 2585 154023
89.0 659 3515 220 439 1538 1977 659 10765 220 8129 6811 879 2636 220 9447 25704 3076 220 3735 28121 220 879 439 5712 9447 220 7030 10106 220 9886 1318 2636 157082
90.0 672 3582 224 448 1567 2015 672 10971 224 8284 6941 896 2687 224 9628 26196 3135 224 3806 28659 224 896 448 5821 9628 224 7165 10299 224 10075 1343 2687 160088
91.0 684 3648 228 456 1596 2052 684 11173 228 8437 7069 912 2736 228 9805 26678 3192 228 3876 29186 228 912 456 5928 9805 228 7297 10489 228 10261 1368 2736 163032
92.0 696 3713 232 464 1624 2088 696 11370 232 8585 7193 928 2784 232 9978 27148 3248 232 3945 29700 232 928 464 6033 9978 232 7425 10674 232 10442 1392 2784 165905
93.0 708 3775 236 472 1652 2123 708 11561 236 8730 7314 944 2831 236 10145 27605 3303 236 4011 30200 236 944 472 6134 10145 236 7550 10853 236 10617 1416 2831 168698
94.0 719 3836 240 479 1678 2158 719 11746 240 8870 7431 959 2877 240 10308 28048 3356 240 4075 30684 240 959 479 6233 10308 240 7671 11027 240 10788 1438 2877 171402
95.0 730 3894 243 487 1704 2190 730 11925 243 9005 7544 973 2920 243 10465 28474 3407 243 4137 31151 243 973 487 6328 10465 243 7788 11195 243 10952 1460 2920 174007
96.0 741 3950 247 494 1728 2222 741 12096 247 9134 7653 987 2962 247 10615 28883 3456 247 4197 31598 247 987 494 6418 10615 247 7900 11356 247 11109 1481 2962 176506
97.0 751 4003 250 500 1751 2252 751 12260 250 9257 7756 1001 3002 250 10758 29273 3503 250 4253 32025 250 1001 500 6505 10758 250 8006 11509 250 11259 1501 3002 178889
98.0 760 4054 253 507 1773 2280 760 12414 253 9374 7854 1013 3040 253 10894 29642 3547 253 4307 32429 253 1013 507 6587 10894 253 8107 11654 253 11401 1520 3040 181148
99.0 769 4101 256 513 1794 2307 769 12560 256 9484 7946 1025 3076 256 11022 29990 3589 256 4358 32810 256 1025 513 6665 11022 256 8202 11791 256 11535 1538 3076 183274
100.0 777 4146 259 518 1814 2332 777 12696 259 9587 8032 1036 3109 259 11142 30315 3627 259 4405 33165 259 1036 518 6737 11142 259 8291 11919 259 11660 1555 3109 185260
101.0 785 4187 262 523 1832 2355 785 12822 262 9682 8112 1047 3140 262 11252 30616 3663 262 4448 33495 262 1047 523 6804 11252 262 8374 12037 262 11775 1570 3140 187098
102.0 792 4224 264 528 1848 2376 792 12937 264 9769 8185 1056 3168 264 11353 30892 3696 264 4489 33796 264 1056 528 6865 11353 264 8449 12145 264 11881 1584 3168 188782
103.0 798 4259 266 532 1863 2395 798 13042 266 9848 8251 1065 3194 266 11445 31141 3726 266 4525 34068 266 1065 532 6920 11445 266 8517 12243 266 11977 1597 3194 190304
104.0 804 4289 268 536 1876 2412 804 13135 268 9918 8310 1072 3217 268 11526 31362 3753 268 4557 34311 268 1072 536 6969 11526 268 8578 12330 268 12062 1608 3217 191658
105.0 809 4315 270 539 1888 2427 809 13216 270 9979 8361 1079 3236 270 11597 31556 3776 270 4585 34522 270 1079 539 7012 11597 270 8631 12407 270 12137 1618 3236 192840
106.0 813 4338 271 542 1898 2440 813 13284 271 10031 8404 1084 3253 271 11658 31720 3796 271 4609 34702 271 1084 542 7049 11658 271 8676 12471 271 12200 1627 3253 193845
107.0 817 4356 272 545 1906 2450 817 13341 272 10074 8440 1089 3267 272 11707 31855 3812 272 4628 34850 272 1089 545 7079 11707 272 8712 12524 272 12252 1634 3267 194668
108.0 819 4371 273 546 1912 2458 819 13385 273 10107 8468 1093 3278 273 11746 31959 3824 273 4644 34964 273 1093 546 7102 11746 273 8741 12565 273 12292 1639 3278 195307
109.0 821 4381 274 548 1917 2464 821 13416 274 10130 8487 1095 3285 274 11773 32033 3833 274 4654 35045 274 1095 548 7119 11773 274 8761 12594 274 12321 1643 3285 195759
110.0 822 4387 274 548 1919 2467 822 13434 274 10144 8499 1097 3290 274 11789 32077 3838 274 4661 35092 274 1097 548 7128 11789 274 8773 12611 274 12337 1645 3290 196023
111.0 823 4388 274 549 1920 2468 823 13439 274 10148 8502 1097 3291 274 11793 32089 3840 274 4662 35106 274 1097 549 7131 11793 274 8776 12616 274 12342 1646 3291 196098
112.0 822 4386 274 548 1919 2467 822 13431 274 10142 8497 1096 3289 274 11786 32070 3837 274 4660 35085 274 1096 548 7127 11786 274 8771 12609 274 12335 1645 3289 195983
113.0 821 4379 274 547 1916 2463 821 13410 274 10126 8484 1095 3284 274 11768 32021 3832 274 4653 35031 274 1095 547 7116 11768 274 8758 12589 274 12316 1642 3284 195681
114.0 819 4368 273 546 1911 2457 819 13377 273 10101 8463 1092 3276 273 11739 31941 3822 273 4641 34943 273 1092 546 7098 11739 273 8736 12558 273 12285 1638 3276 195192
115.0 816 4353 272 544 1904 2448 816 13331 272 10066 8434 1088 3265 272 11698 31830 3809 272 4625 34823 272 1088 544 7073 11698 272 8706 12515 272 12242 1632 3265 194520
116.0 813 4334 271 542 1896 2438 813 13272 271 10022 8397 1083 3250 271 11647 31691 3792 271 4605 34670 271 1083 542 7042 11647 271 8668 12460 271 12189 1625 3250 193667
117.0 808 4311 269 539 1886 2425 808 13202 269 9969 8352 1078 3233 269 11585 31523 3772 269 4580 34486 269 1078 539 7005 11585 269 8622 12393 269 12124 1617 3233 192638
118.0 803 4284 268 535 1874 2410 803 13119 268 9907 8300 1071 3213 268 11513 31326 3748 268 4552 34271 268 1071 535 6961 11513 268 8568 12316 268 12049 1606 3213 191437
119.0 798 4253 266 532 1861 2393 798 13026 266 9836 8241 1063 3190 266 11431 31103 3722 266 4519 34027 266 1063 532 6912 11431 266 8507 12228 266 11963 1595 3190 190071
120.0 791 4219 264 527 1846 2373 791 12921 264 9757 8175 1055 3164 264 11339 30853 3692 264 4483 33754 264 1055 527 6856 11339 264 8438 12130 264 11866 1582 3164 188545
121.0 784 4182 261 523 1829 2352 784 12806 261 9670 8102 1045 3136 261 11238 30578 3659 261 4443 33453 261 1045 523 6795 11238 261 8363 12022 261 11761 1568 3136 186866
122.0 776 4141 259 518 1812 2329 776 12681 259 9576 8023 1035 3106 259 11128 30279 3623 259 4400 33126 259 1035 518 6729 11128 259 8282 11905 259 11646 1553 3106 185041
123.0 768 4097 256 512 1792 2304 768 12547 256 9474 7938 1024 3073 256 11010 29958 3585 256 4353 32775 256 1024 512 6657 11010 256 8194 11778 256 11522 1536 3073 183078
124.0 759 4050 253 506 1772 2278 759 12403 253 9366 7847 1012 3037 253 10884 29616 3544 253 4303 32400 253 1012 506 6581 10884 253 8100 11644 253 11391 1519 3037 180984
125.0 750 4000 250 500 1750 2250 750 12251 250 9251 7751 1000 3000 250 10751 29253 3500 250 4250 32003 250 1000 500 6501 10751 250 8001 11501 250 11251 1500 3000 178768
126.0 740 3948 247 494 1727 2221 740 12092 247 9130 7650 987 2961 247 10611 28872 3455 247 4195 31586 247 987 494 6416 10611 247 7897 11351 247 11105 1481 2961 176439
127.0 730 3894 243 487 1704 2190 730 11925 243 9004 7544 973 2920 243 10465 28474 3407 243 4137 31151 243 973 487 6327 10465 243 7788 11195 243 10951 1460 2920 174005
128.0 719 3837 240 480 1679 2158 719 11751 240 8874 7435 959 2878 240 10312 28060 3358 240 4077 30698 240 959 480 6235 10312 240 7674 11032 240 10792 1439 2878 171475
129.0 708 3779 236 472 1653 2125 708 11572 236 8738 7321 945 2834 236 10155 27631 3306 236 4015 30229 236 945 472 6140 10155 236 7557 10864 236 10627 1417 2834 168857
130.0 697 3718 232 465 1627 2092 697 11387 232 8599 7204 930 2789 232 9993 27190 3254 232 3951 29746 232 930 465 6042 9993 232 7437 10690 232 10458 1394 2789 166161
131.0 686 3656 229 457 1600 2057 686 11198 229 8455 7084 914 2742 229 9827 26737 3199 229 3885 29251 229 914 457 5942 9827 229 7313 10512 229 10284 1371 2742 163395
132.0 674 3593 225 449 1572 2021 674 11004 225 8309 6962 898 2695 225 9656 26275 3144 225 3818 28745 225 898 449 5839 9656 225 7186 10330 225 10106 1347 2695 160567
133.0 662 3529 221 441 1544 1985 662 10806 221 8160 6837 882 2646 221 9483 25803 3088 221 3749 28229 221 882 441 5734 9483 221 7057 10145 221 9924 1323 2646 157686
134.0 649 3463 216 433 1515 1948 649 10606 216 8009 6710 866 2597 216 9307 25324 3030 216 3680 27705 216 866 433 5628 9307 216 6926 9957 216 9740 1299 2597 154761
135.0 637 3397 212 425 1486 1911 637 10403 212 7855 6581 849 2548 212 9129 24840 2972 212 3609 27175 212 849 425 5520 9129 212 6794 9766 212 9554 1274 2548 151798
136.0 624 3330 208 416 1457 1873 624 10198 208 7700 6452 832 2497 208 8949 24350 2914 208 3538 26639 208 832 416 5411 8949 208 6660 9573 208 9365 1249 2497 148805
137.0 612 3262 204 408 1427 1835 612 9991 204 7544 6321 816 2447 204 8768 23857 2855 204 3466 26099 204 816 408 5301 8768 204 6525 9379 204 9176 1223 2447 145790
138.0 599 3195 200 399 1398 1797 599 9784 200 7388 6190 799 2396 200 8586 23361 2795 200 3394 25557 200 799 399 5191 8586 200 6389 9185 200 8985 1198 2396 142759
139.0 586 3127 195 391 1368 1759 586 9575 195 7230 6058 782 2345 195 8403 22863 2736 195 3322 25013 195 782 391 5081 8403 195 6253 8989 195 8794 1172 2345 139720
140.0 573 3059 191 382 1338 1720 573 9367 191 7073 5926 765 2294 191 8220 22365 2676 191 3250 24468 191 765 382 4970 8220 191 6117 8793 191 8602 1147 2294 136677
141.0 561 2991 187 374 1308 1682 561 9158 187 6916 5794 748 2243 187 8037 21868 2617 187 3177 23924 187 748 374 4860 8037 187 5981 8598 187 8411 1121 2243 133638
142.0 548 2923 183 365 1279 1644 548 8951 183 6759 5663 731 2192 183 7855 21372 2557 183 3105 23381 183 731 365 4749 7855 183 5845 8403 183 8220 1096 2192 130607
143.0 535 2855 178 357 1249 1606 535 8744 178 6603 5532 714 2141 178 7673 20878 2498 178 3034 22841 178 714 357 4640 7673 178 5710 8209 178 8030 1071 2141 127590
144.0 523 2788 174 349 1220 1568 523 8538 174 6447 5402 697 2091 174 7493 20388 2440 174 2962 22304 174 697 349 4531 7493 174 5576 8016 174 7841 1046 2091 124590
145.0 510 2721 170 340 1191 1531 510 8334 170 6293 5273 680 2041 170 7314 19900 2381 170 2892 21771 170 680 340 4422 7314 170 5443 7824 170 7654 1021 2041 121613
146.0 498 2655 166 332 1162 1494 498 8132 166 6141 5145 664 1992 166 7136 19418 2323 166 2821 21243 166 664 332 4315 7136 166 5311 7634 166 7468 996 1992 118663
147.0 486 2590 162 324 1133 1457 486 7932 162 5989 5018 648 1943 162 6961 18940 2266 162 2752 20720 162 648 324 4209 6961 162 5180 7446 162 7284 971 1943 115742
148.0 474 2525 158 316 1105 1421 474 7734 158 5840 4893 631 1894 158 6787 18467 2210 158 2683 20203 158 631 316 4104 6787 158 5051 7261 158 7103 947 1894 112854
149.0 462 2462 154 308 1077 1385 462 7539 154 5692 4769 615 1846 154 6616 18000 2154 154 2615 19693 154 615 308 4000 6616 154 4923 7077 154 6923 923 1846 110002
150.0 450 2399 150 300 1049 1349 450 7346 150 5547 4647 600 1799 150 6446 17540 2099 150 2549 19189 150 600 300 3898 6446 150 4797 6896 150 6746 899 1799 107189
151.0 438 2337 146 292 1022 1314 438 7156 146 5403 4527 584 1752 146 6280 17086 2045 146 2483 18693 146 584 292 3797 6280 146 4673 6718 146 6572 876 1752 104417
152.0 427 2276 142 284 996 1280 427 6969 142 5262 4409 569 1707 142 6116 16640 1991 142 2418 18204 142 569 284 3698 6116 142 4551 6542 142 6400 853 1707 101688
153.0 415 2215 138 277 969 1246 415 6785 138 5123 4292 554 1662 138 5954 16201 1939 138 2354 17724 138 554 277 3600 5954 138 4431 6369 138 6231 831 1662 99004
154.0 404 2156 135 270 943 1213 404 6604 135 4987 4178 539 1617 135 5795 15769 1887 135 2291 17252 135 539 270 3504 5795 135 4313 6200 135 6065 809 1617 96366
155.0 393 2098 131 262 918 1180 393 6427 131 4853 4066 525 1574 131 5640 15345 1836 131 2230 16788 131 525 262 3410 5640 131 4197 6033 131 5902 787 1574 93776
156.0 383 2042 128 255 893 1148 383 6252 128 4721 3956 510 1531 128 5487 14929 1786 128 2169 16333 128 510 255 3318 5487 128 4083 5870 128 5742 766 1531 91234
157.0 372 1986 124 248 869 1117 372 6082 124 4592 3848 496 1489 124 5337 14521 1738 124 2110 15887 124 496 248 3227 5337 124 3972 5709 124 5585 745 1489 88742
158.0 362 1931 121 241 845 1086 362 5914 121 4466 3742 483 1448 121 5190 14122 1690 121 2052 15449 121 483 241 3138 5190 121 3862 5552 121 5431 724 1448 86300
159.0 352 1878 117 235 821 1056 352 5750 117 4342 3638 469 1408 117 5046 13730 1643 117 1995 15021 117 469 235 3051 5046 117 3755 5398 117 5281 704 1408 83909
160.0 342 1825 114 228 799 1027 342 5590 114 4221 3537 456 1369 114 4906 13348 1597 114 1939 14602 114 456 228 2966 4906 114 3651 5248 114 5134 684 1369 81568
161.0 333 1774 111 222 776 998 333 5433 111 4103 3437 444 1331 111 4768 12973 1552 111 1885 14193 111 444 222 2883 4768 111 3548 5100 111 4990 665 1331 79279
162.0 323 1724 108 216 754 970 323 5280 108 3987 3340 431 1293 108 4633 12607 1509 108 1832 13792 108 431 216 2802 4633 108 3448 4957 108 4849 647 1293 77042
163.0 314 1675 105 209 733 942 314 5130 105 3874 3245 419 1256 105 4502 12249 1466 105 1780 13401 105 419 209 2722 4502 105 3350 4816 105 4711 628 1256 74856
164.0 305 1627 102 203 712 915 305 4984 102 3763 3153 407 1220 102 4373 11900 1424 102 1729 13018 102 407 203 2644 4373 102 3255 4679 102 4577 610 1220 72720
165.0 296 1581 99 198 692 889 296 4841 99 3655 3063 395 1186 99 4248 11559 1383 99 1679 12645 99 395 198 2569 4248 99 3161 4544 99 4446 593 1186 70636
166.0 288 1535 96 192 672 864 288 4701 96 3550 2974 384 1151 96 4126 11226 1343 96 1631 12281 96 384 192 2495 4126 96 3070 4414 96 4318 576 1151 68602
167.0 280 1491 93 186 652 839 280 4565 93 3447 2888 373 1118 93 4006 10901 1304 93 1584 11926 93 373 186 2423 4006 93 2982 4286 93 4193 559 1118 66619
168.0 271 1447 90 181 633 814 271 4433 90 3347 2805 362 1086 90 3890 10585 1267 90 1538 11580 90 362 181 2352 3890 90 2895 4162 90 4071 543 1086 64685
169.0 263 1405 88 176 615 790 263 4304 88 3250 2723 351 1054 88 3777 10276 1230 88 1493 11242 88 351 176 2284 3777 88 2811 4040 88 3952 527 1054 62800
170.0 256 1364 85 171 597 767 256 4178 85 3155 2643 341 1023 85 3666 9976 1194 85 1449 10914 85 341 171 2217 3666 85 2728 3922 85 3837 512 1023 60963
171.0 248 1324 83 166 579 745 248 4055 83 3062 2566 331 993 83 3559 9683 1159 83 1407 10593 83 331 166 2152 3559 83 2648 3807 83 3724 497 993 59174
172.0 241 1285 80 161 562 723 241 3936 80 2972 2490 321 964 80 3454 9398 1125 80 1366 10282 80 321 161 2088 3454 80 2570 3695 80 3615 482 964 57433
173.0 234 1247 78 156 546 702 234 3820 78 2884 2417 312 935 78 3352 9121 1091 78 1325 9978 78 312 156 2027 3352 78 2495 3586 78 3508 468 935 55737
174.0 227 1210 76 151 530 681 227 3707 76 2799 2345 303 908 76 3253 8851 1059 76 1286 9683 76 303 151 1967 3253 76 2421 3480 76 3404 454 908 54087
175.0 220 1174 73 147 514 661 220 3597 73 2716 2275 294 881 73 3156 8588 1028 73 1248 9395 73 294 147 1908 3156 73 2349 3376 73 3303 440 881 52482
176.0 214 1139 71 142 499 641 214 3490 71 2635 2208 285 855 71 3062 8332 997 71 1211 9116 71 285 142 1852 3062 71 2279 3276 71 3205 427 855 50920
177.0 207 1105 69 138 484 622 207 3386 69 2556 2142 276 829 69 2971 8084 967 69 1175 8844 69 276 138 1796 2971 69 2211 3178 69 3109 415 829 49402
178.0 201 1072 67 134 469 603 201 3284 67 2480 2078 268 804 67 2882 7842 938 67 1139 8580 67 268 134 1743 2882 67 2145 3083 67 3016 402 804 47925
179.0 195 1040 65 130 455 585 195 3186 65 2406 2016 260 780 65 2796 7607 910 65 1105 8323 65 260 130 1691 2796 65 2081 2991 65 2926 390 780 46490
180.0 189 1009 63 126 441 568 189 3090 63 2334 1955 252 757 63 2712 7379 883 63 1072 8073 63 252 126 1640 2712 63 2018 2901 63 2838 378 757 45095
181.0 184 979 61 122 428 551 184 2998 61 2263 1896 245 734 61 2631 7157 856 61 1040 7830 61 245 122 1591 2631 61 1958 2814 61 2753 367 734 43740
182.0 178 949 59 119 415 534 178 2907 59 2195 1839 237 712 59 2551 6942 831 59 1009 7595 59 237 119 1543 2551 59 1899 2729 59 2670 356 712 42423
183.0 173 921 58 115 403 518 173 2820 58 2129 1784 230 691 58 2474 6733 806 58 978 7366 58 230 115 1496 2474 58 1841 2647 58 2589 345 691 41144
184.0 167 893 56 112 391 502 167 2735 56 2065 1730 223 670 56 2400 6529 781 56 949 7143 56 223 112 1451 2400 56 1786 2567 56 2511 335 670 39902
185.0 162 866 54 108 379 487 162 2652 54 2002 1678 216 649 54 2327 6332 758 54 920 6927 54 216 108 1407 2327 54 1732 2489 54 2435 325 649 38695
186.0 157 840 52 105 367 472 157 2572 52 1942 1627 210 630 52 2257 6140 735 52 892 6718 52 210 105 1365 2257 52 1679 2414 52 2362 315 630 37524
187.0 153 814 51 102 356 458 153 2494 51 1883 1578 204 611 51 2188 5954 712 51 865 6514 51 204 102 1323 2188 51 1628 2341 51 2290 305 611 36387
188.0 148 790 49 99 345 444 148 2418 49 1826 1530 197 592 49 2122 5774 691 49 839 6316 49 197 99 1283 2122 49 1579 2270 49 2221 296 592 35283
189.0 144 766 48 96 335 431 144 2345 48 1770 1483 191 574 48 2057 5598 670 48 813 6125 48 191 96 1244 2057 48 1531 2201 48 2153 287 574 34211
190.0 139 742 46 93 325 418 139 2273 46 1717 1438 186 557 46 1995 5428 650 46 789 5938 46 186 93 1206 1995 46 1485 2134 46 2088 278 557 33171
191.0 135 720 45 90 315 405 135 2204 45 1664 1394 180 540 45 1934 5263 630 45 765 5758 45 180 90 1170 1934 45 1439 2069 45 2024 270 540 32162
192.0 131 698 44 87 305 393 131 2137 44 1614 1352 174 523 44 1875 5103 611 44 741 5582 44 174 87 1134 1875 44 1396 2006 44 1963 262 523 31183
193.0 127 677 42 85 296 381 127 2072 42 1565 1311 169 507 42 1818 4947 592 42 719 5412 42 169 85 1099 1818 42 1353 1945 42 1903 254 507 30233
194.0 123 656 41 82 287 369 123 2009 41 1517 1271 164 492 41 1763 4796 574 41 697 5247 41 164 82 1066 1763 41 1312 1886 41 1845 246 492 29311
195.0 119 636 40 79 278 358 119 1947 40 1471 1232 159 477 40 1709 4650 556 40 676 5087 40 159 79 1033 1709 40 1272 1828 40 1788 238 477 28417
196.0 116 616 39 77 270 347 116 1888 39 1426 1194 154 462 39 1657 4508 539 39 655 4932 39 154 77 1002 1657 39 1233 1772 39 1734 231 462 27550
197.0 112 598 37 75 261 336 112 1830 37 1382 1158 149 448 37 1606 4370 523 37 635 4781 37 149 75 971 1606 37 1195 1718 37 1681 224 448 26708
198.0 109 579 36 72 253 326 109 1774 36 1340 1123 145 435 36 1557 4237 507 36 616 4635 36 145 72 942 1557 36 1159 1666 36 1630 217 435 25893
199.0 105 562 35 70 246 316 105 1720 35 1299 1088 140 421 35 1510 4107 491 35 597 4494 35 140 70 913 1510 35 1123 1615 35 1580 211 421 25101
200.0 102 545 34 68 238 306 102 1668 34 1259 1055 136 408 34 1463 3982 476 34 579 4356 34 136 68 885 1463 34 1089 1566 34 1531 204 408 24334
201.0 99 528 33 66 231 297 99 1617 33 1221 1023 132 396 33 1419 3860 462 33 561 4223 33 132 66 858 1419 33 1056 1518 33 1485 198 396 23590
202.0 96 512 32 64 224 288 96 1567 32 1183 991 128 384 32 1375 3742 448 32 544 4094 32 128 64 832 1375 32 1023 1471 32 1439 192 384 22868
203.0 93 496 31 62 217 279 93 1519 31 1147 961 124 372 31 1333 3628 434 31 527 3969 31 124 62 806 1333 31 992 1426 31 1395 186 372 22168
204.0 90 481 30 60 210 271 90 1473 30 1112 932 120 361 30 1292 3517 421 30 511 3847 30 120 60 781 1292 30 962 1383 30 1353 180 361 21490
205.0 87 466 29 58 204 262 87 1428 29 1078 903 117 350 29 1253 3409 408 29 495 3729 29 117 58 758 1253 29 932 1340 29 1311 175 350 20832
206.0 85 452 28 56 198 254 85 1384 28 1045 876 113 339 28 1214 3305 395 28 480 3615 28 113 56 734 1214 28 904 1299 28 1271 169 339 20194
207.0 82 438 27 55 192 246 82 1342 27 1013 849 110 329 27 1177 3203 383 27 465 3505 27 110 55 712 1177 27 876 1259 27 1232 164 329 19576
208.0 80 425 27 53 186 239 80 1301 27 982 823 106 318 27 1141 3105 372 27 451 3397 27 106 53 690 1141 27 849 1221 27 1194 159 318 18977
209.0 77 412 26 51 180 232 77 1261 26 952 798 103 309 26 1106 3010 360 26 437 3293 26 103 51 669 1106 26 823 1184 26 1158 154 309 18396
210.0 75 399 25 50 175 224 75 1222 25 923 773 100 299 25 1072 2918 349 25 424 3192 25 100 50 648 1072 25 798 1147 25 1122 150 299 17832
211.0 73 387 24 48 169 218 73 1185 24 895 749 97 290 24 1040 2829 338 24 411 3095 24 97 48 629 1040 24 774 1112 24 1088 145 290 17286
212.0 70 375 23 47 164 211 70 1148 23 867 727 94 281 23 1008 2742 328 23 398 3000 23 94 47 609 1008 23 750 1078 23 1055 141 281 16757
213.0 68 364 23 45 159 204 68 1113 23 841 704 91 273 23 977 2658 318 23 386 2908 23 91 45 591 977 23 727 1045 23 1022 136 273 16244
214.0 66 352 22 44 154 198 66 1079 22 815 683 88 264 22 947 2577 308 22 374 2819 22 88 44 573 947 22 705 1013 22 991 132 264 15747
215.0 64 342 21 43 149 192 64 1046 21 790 662 85 256 21 918 2498 299 21 363 2733 21 85 43 555 918 21 683 982 21 961 128 256 15265
216.0 62 331 21 41 145 186 62 1014 21 766 642 83 248 21 890 2421 290 21 352 2649 21 83 41 538 890 21 662 952 21 931 124 248 14797
217.0 60 321 20 40 140 181 60 983 20 742 622 80 241 20 863 2347 281 20 341 2568 20 80 40 522 863 20 642 923 20 903 120 241 14345
218.0 58 311 19 39 136 175 58 953 19 720 603 78 233 19 836 2275 272 19 331 2489 19 78 39 506 836 19 622 895 19 875 117 233 13906
219.0 57 302 19 38 132 170 57 924 19 698 584 75 226 19 811 2206 264 19 321 2413 19 75 38 490 811 19 603 867 19 848 113 226 13480
220.0 55 292 18 37 128 164 55 896 18 676 567 73 219 18 786 2138 256 18 311 2339 18 73 37 475 786 18 585 841 18 822 110 219 13068
221.0 53 283 18 35 124 159 53 868 18 656 549 71 213 18 762 2073 248 18 301 2268 18 71 35 461 762 18 567 815 18 797 106 213 12668
222.0 52 275 17 34 120 155 52 842 17 635 532 69 206 17 739 2010 240 17 292 2198 17 69 34 447 739 17 550 790 17 773 103 206 12281
223.0 50 266 17 33 117 150 50 816 17 616 516 67 200 17 716 1948 233 17 283 2131 17 67 33 433 716 17 533 766 17 749 100 200 11905
224.0 48 258 16 32 113 145 48 791 16 597 500 65 194 16 694 1889 226 16 274 2066 16 65 32 420 694 16 517 743 16 726 97 194 11541
225.0 47 250 16 31 110 141 47 767 16 579 485 63 188 16 673 1831 219 16 266 2003 16 63 31 407 673 16 501 720 16 704 94 188 11188
226.0 46 243 15 30 106 137 46 743 15 561 470 61 182 15 652 1775 212 15 258 1942 15 61 30 394 652 15 485 698 15 683 91 182 10846
227.0 44 235 15 29 103 132 44 721 15 544 456 59 176 15 632 1721 206 15 250 1882 15 59 29 382 632 15 471 676 15 662 88 176 10515
228.0 43 228 14 29 100 128 43 699 14 528 442 57 171 14 613 1668 200 14 242 1825 14 57 29 371 613 14 456 656 14 642 86 171 10194
229.0 41 221 14 28 97 124 41 677 14 511 428 55 166 14 594 1617 194 14 235 1769 14 55 28 359 594 14 442 636 14 622 83 166 9883
230.0 40 214 13 27 94 121 40 657 13 496 415 54 161 13 576 1568 188 13 228 1715 13 54 27 348 576 13 429 616 13 603 80 161 9581
231.0 39 208 13 26 91 117 39 637 13 481 403 52 156 13 559 1520 182 13 221 1663 13 52 26 338 559 13 416 598 13 585 78 156 9289
232.0 38 202 13 25 88 113 38 617 13 466 390 50 151 13 542 1474 176 13 214 1612 13 50 25 327 542 13 403 579 13 567 76 151 9005
233.0 37 195 12 24 85 110 37 598 12 452 379 49 147 12 525 1429 171 12 208 1563 12 49 24 317 525 12 391 562 12 549 73 147 8730
234.0 36 189 12 24 83 107 36 580 12 438 367 47 142 12 509 1385 166 12 201 1515 12 47 24 308 509 12 379 545 12 533 71 142 8464
235.0 34 184 11 23 80 103 34 562 11 425 356 46 138 11 494 1343 161 11 195 1469 11 46 23 298 494 11 367 528 11 516 69 138 8206
236.0 33 178 11 22 78 100 33 545 11 412 345 45 134 11 478 1302 156 11 189 1424 11 45 22 289 478 11 356 512 11 501 67 134 7956
237.0 32 173 11 22 76 97 32 529 11 399 334 43 129 11 464 1262 151 11 183 1381 11 43 22 280 464 11 345 496 11 485 65 129 7714
238.0 31 167 10 21 73 94 31 513 10 387 324 42 126 10 450 1224 146 10 178 1339 10 42 21 272 450 10 335 481 10 471 63 126 7479
239.0 30 162 10 20 71 91 30 497 10 375 314 41 122 10 436 1186 142 10 172 1298 10 41 20 264 436 10 325 466 10 456 61 122 7251
240.0 29 157 10 20 69 88 29 482 10 364 305 39 118 10 423 1150 138 10 167 1259 10 39 20 256 423 10 315 452 10 442 59 118 7030
241.0 29 153 10 19 67 86 29 467 10 353 296 38 114 10 410 1115 133 10 162 1220 10 38 19 248 410 10 305 439 10 429 57 114 6816
242.0 28 148 9 18 65 83 28 453 9 342 287 37 111 9 397 1081 129 9 157 1183 9 37 18 240 397 9 296 425 9 416 55 111 6609
243.0 27 143 9 18 63 81 27 439 9 332 278 36 108 9 385 1049 125 9 152 1147 9 36 18 233 385 9 287 412 9 403 54 108 6408
244.0 26 139 9 17 61 78 26 426 9 322 269 35 104 9 374 1017 122 9 148 1112 9 35 17 226 374 9 278 400 9 391 52 104 6213
245.0 25 135 8 17 59 76 25 413 8 312 261 34 101 8 362 986 118 8 143 1078 8 34 17 219 362 8 270 388 8 379 51 101 6024
246.0 25 131 8 16 57 74 25 400 8 302 253 33 98 8 351 956 114 8 139 1046 8 33 16 212 351 8 261 376 8 368 49 98 5841
247.0 24 127 8 16 55 71 24 388 8 293 246 32 95 8 341 927 111 8 135 1014 8 32 16 206 341 8 253 364 8 356 48 95 5663
248.0 23 123 8 15 54 69 23 376 8 284 238 31 92 8 330 899 108 8 131 983 8 31 15 200 330 8 246 353 8 346 46 92 5491
249.0 22 119 7 15 52 67 22 365 7 276 231 30 89 7 320 871 104 7 127 953 7 30 15 194 320 7 238 343 7 335 45 89 5325
250.0 22 116 7 14 51 65 22 354 7 267 224 29 87 7 311 845 101 7 123 924 7 29 14 188 311 7 231 332 7 325 43 87 5163
251.0 21 112 7 14 49 63 21 343 7 259 217 28 84 7 301 819 98 7 119 896 7 28 14 182 301 7 224 322 7 315 42 84 5006
252.0 20 109 7 14 48 61 20 333 7 251 210 27 81 7 292 794 95 7 115 869 7 27 14 177 292 7 217 312 7 306 41 81 4854
253.0 20 105 7 13 46 59 20 323 7 244 204 26 79 7 283 770 92 7 112 843 7 26 13 171 283 7 211 303 7 296 40 79 4707
254.0 19 102 6 13 45 57 19 313 6 236 198 26 77 6 275 747 89 6 109 817 6 26 13 166 275 6 204 294 6 287 38 77 4565
255.0 19 99 6 12 43 56 19 303 6 229 192 25 74 6 266 724 87 6 105 792 6 25 12 161 266 6 198 285 6 279 37 74 4426
256.0 18 96 6 12 42 54 18 294 6 222 186 24 72 6 258 702 84 6 102 768 6 24 12 156 258 6 192 276 6 270 36 72 4292
257.0 17 93 6 12 41 52 17 285 6 215 180 23 70 6 250 681 81 6 99 745 6 23 12 151 250 6 186 268 6 262 35 70 4162
258.0 17 90 6 11 40 51 17 277 6 209 175 23 68 6 243 660 79 6 96 723 6 23 11 147 243 6 181 260 6 254 34 68 4036
259.0 16 88 5 11 38 49 16 268 5 203 170 22 66 5 235 640 77 5 93 701 5 22 11 142 235 5 175 252 5 246 33 66 3914
260.0 16 85 5 11 37 48 16 260 5 196 165 21 64 5 228 621 74 5 90 679 5 21 11 138 228 5 170 244 5 239 32 64 3795
261.0 15 82 5 10 36 46 15 252 5 190 160 21 62 5 221 602 72 5 88 659 5 21 10 134 221 5 165 237 5 232 31 62 3681
262.0 15 80 5 10 35 45 15 245 5 185 155 20 60 5 215 584 70 5 85 639 5 20 10 130 215 5 160 230 5 225 30 60 3569
263.0 15 77 5 10 34 44 15 237 5 179 150 19 58 5 208 566 68 5 82 620 5 19 10 126 208 5 155 223 5 218 29 58 3461
264.0 14 75 5 9 33 42 14 230 5 174 146 19 56 5 202 549 66 5 80 601 5 19 9 122 202 5 150 216 5 211 28 56 3357
265.0 14 73 5 9 32 41 14 223 5 168 141 18 55 5 196 533 64 5 77 583 5 18 9 118 196 5 146 209 5 205 27 55 3255
266.0 13 71 4 9 31 40 13 216 4 163 137 18 53 4 190 517 62 4 75 565 4 18 9 115 190 4 141 203 4 199 26 53 3157
267.0 13 69 4 9 30 39 13 210 4 158 133 17 51 4 184 501 60 4 73 548 4 17 9 111 184 4 137 197 4 193 26 51 3061
268.0 12 66 4 8 29 37 12 203 4 154 129 17 50 4 179 486 58 4 71 532 4 17 8 108 179 4 133 191 4 187 25 50 2969
269.0 12 64 4 8 28 36 12 197 4 149 125 16 48 4 173 471 56 4 68 515 4 16 8 105 173 4 129 185 4 181 24 48 2879
270.0 12 62 4 8 27 35 12 191 4 145 121 16 47 4 168 457 55 4 66 500 4 16 8 102 168 4 125 180 4 176 23 47 2792
271.0 11 61 4 8 27 34 11 186 4 140 117 15 45 4 163 443 53 4 64 485 4 15 8 98 163 4 121 174 4 170 23 45 2708
272.0 11 59 4 7 26 33 11 180 4 136 114 15 44 4 158 430 51 4 62 470 4 15 7 96 158 4 118 169 4 165 22 44 2627
273.0 11 57 4 7 25 32 11 175 4 132 110 14 43 4 153 417 50 4 61 456 4 14 7 93 153 4 114 164 4 160 21 43 2547
274.0 10 55 3 7 24 31 10 169 3 128 107 14 41 3 149 404 48 3 59 442 3 14 7 90 149 3 111 159 3 155 21 41 2470
275.0 10 54 3 7 23 30 10 164 3 124 104 13 40 3 144 392 47 3 57 429 3 13 7 87 144 3 107 154 3 151 20 40 2396
276.0 10 52 3 7 23 29 10 159 3 120 101 13 39 3 140 380 46 3 55 416 3 13 7 85 140 3 104 150 3 146 20 39 2324
277.0 9 50 3 6 22 28 9 154 3 117 98 13 38 3 136 369 44 3 54 403 3 13 6 82 136 3 101 145 3 142 19 38 2254
278.0 9 49 3 6 21 28 9 150 3 113 95 12 37 3 131 358 43 3 52 391 3 12 6 79 131 3 98 141 3 138 18 37 2186
279.0 9 47 3 6 21 27 9 145 3 110 92 12 36 3 128 347 42 3 50 380 3 12 6 77 128 3 95 136 3 133 18 36 2120
280.0 9 46 3 6 20 26 9 141 3 106 89 12 35 3 124 336 40 3 49 368 3 12 6 75 124 3 92 132 3 129 17 35 2056
281.0 8 45 3 6 20 25 8 137 3 103 86 11 33 3 120 326 39 3 47 357 3 11 6 73 120 3 89 128 3 126 17 33 1994
282.0 8 43 3 5 19 24 8 133 3 100 84 11 32 3 116 317 38 3 46 346 3 11 5 70 116 3 87 124 3 122 16 32 1934
283.0 8 42 3 5 18 24 8 129 3 97 81 10 31 3 113 307 37 3 45 336 3 10 5 68 113 3 84 121 3 118 16 31 1876
284.0 8 41 3 5 18 23 8 125 3 94 79 10 31 3 109 298 36 3 43 326 3 10 5 66 109 3 81 117 3 115 15 31 1820
285.0 7 39 2 5 17 22 7 121 2 91 77 10 30 2 106 289 35 2 42 316 2 10 5 64 106 2 79 114 2 111 15 30 1765
286.0 7 38 2 5 17 22 7 117 2 89 74 10 29 2 103 280 34 2 41 306 2 10 5 62 103 2 77 110 2 108 14 29 1712
287.0 7 37 2 5 16 21 7 114 2 86 72 9 28 2 100 272 33 2 39 297 2 9 5 60 100 2 74 107 2 105 14 28 1661
288.0 7 36 2 5 16 20 7 110 2 83 70 9 27 2 97 264 32 2 38 288 2 9 5 59 97 2 72 104 2 101 14 27 1611
289.0 7 35 2 4 15 20 7 107 2 81 68 9 26 2 94 256 31 2 37 280 2 9 4 57 94 2 70 101 2 98 13 26 1562
290.0 6 34 2 4 15 19 6 104 2 78 66 8 25 2 91 248 30 2 36 271 2 8 4 55 91 2 68 97 2 95 13 25 1515
291.0 6 33 2 4 14 19 6 101 2 76 64 8 25 2 88 241 29 2 35 263 2 8 4 53 88 2 66 95 2 93 12 25 1470
292.0 6 32 2 4 14 18 6 98 2 74 62 8 24 2 86 233 28 2 34 255 2 8 4 52 86 2 64 92 2 90 12 24 1426
293.0 6 31 2 4 14 17 6 95 2 72 60 8 23 2 83 226 27 2 33 248 2 8 4 50 83 2 62 89 2 87 12 23 1383
294.0 6 30 2 4 13 17 6 92 2 69 58 8 23 2 81 220 26 2 32 240 2 8 4 49 81 2 60 86 2 84 11 23 1341
295.0 5 29 2 4 13 16 5 89 2 67 56 7 22 2 78 213 25 2 31 233 2 7 4 47 78 2 58 84 2 82 11 22 1301
296.0 5 28 2 4 12 16 5 86 2 65 55 7 21 2 76 207 25 2 30 226 2 7 4 46 76 2 56 81 2 79 11 21 1262
297.0 5 27 2 3 12 15 5 84 2 63 53 7 21 2 74 200 24 2 29 219 2 7 3 45 74 2 55 79 2 77 10 21 1224
298.0 5 27 2 3 12 15 5 81 2 61 51 7 20 2 71 194 23 2 28 213 2 7 3 43 71 2 53 76 2 75 10 20 1188
299.0 5 26 2 3 11 15 5 79 2 60 50 6 19 2 69 189 23 2 27 206 2 6 3 42 69 2 52 74 2 73 10 19 1152
300.0 5 25 2 3 11 14 5 77 2 58 48 6 19 2 67 183 22 2 27 200 2 6 3 41 67 2 50 72 2 70 9 19 1117
301.0 5 24 2 3 11 14 5 74 2 56 47 6 18 2 65 177 21 2 26 194 2 6 3 39 65 2 49 70 2 68 9 18 1084
302.0 4 24 1 3 10 13 4 72 1 54 46 6 18 1 63 172 21 1 25 188 1 6 3 38 63 1 47 68 1 66 9 18 1051
303.0 4 23 1 3 10 13 4 70 1 53 44 6 17 1 61 167 20 1 24 183 1 6 3 37 61 1 46 66 1 64 9 17 1020
304.0 4 22 1 3 10 12 4 68 1 51 43 6 17 1 60 162 19 1 24 177 1 6 3 36 60 1 44 64 1 62 8 17 989
305.0 4 21 1 3 9 12 4 66 1 50 42 5 16 1 58 157 19 1 23 172 1 5 3 35 58 1 43 62 1 60 8 16 960
306.0 4 21 1 3 9 12 4 64 1 48 40 5 16 1 56 152 18 1 22 167 1 5 3 34 56 1 42 60 1 59 8 16 931
307.0 4 20 1 3 9 11 4 62 1 47 39 5 15 1 54 148 18 1 21 162 1 5 3 33 54 1 40 58 1 57 8 15 903
308.0 4 20 1 2 9 11 4 60 1 45 38 5 15 1 53 143 17 1 21 157 1 5 2 32 53 1 39 56 1 55 7 15 876
309.0 4 19 1 2 8 11 4 58 1 44 37 5 14 1 51 139 17 1 20 152 1 5 2 31 51 1 38 55 1 53 7 14 850
310.0 3 18 1 2 8 10 3 57 1 43 36 5 14 1 50 135 16 1 20 148 1 5 2 30 50 1 37 53 1 52 7 14 825
311.0 3 18 1 2 8 10 3 55 1 41 35 4 13 1 48 131 16 1 19 143 1 4 2 29 48 1 36 51 1 50 7 13 800
312.0 3 17 1 2 8 10 3 53 1 40 34 4 13 1 47 127 15 1 18 139 1 4 2 28 47 1 35 50 1 49 7 13 776
313.0 3 17 1 2 7 9 3 52 1 39 33 4 13 1 45 123 15 1 18 135 1 4 2 27 45 1 34 48 1 47 6 13 753
314.0 3 16 1 2 7 9 3 50 1 38 32 4 12 1 44 119 14 1 17 131 1 4 2 27 44 1 33 47 1 46 6 12 730
315.0 3 16 1 2 7 9 3 49 1 37 31 4 12 1 43 116 14 1 17 127 1 4 2 26 43 1 32 46 1 45 6 12 708
316.0 3 15 1 2 7 9 3 47 1 36 30 4 12 1 41 112 13 1 16 123 1 4 2 25 41 1 31 44 1 43 6 12 687
317.0 3 15 1 2 7 8 3 46 1 35 29 4 11 1 40 109 13 1 16 119 1 4 2 24 40 1 30 43 1 42 6 11 667
318.0 3 14 1 2 6 8 3 44 1 33 28 4 11 1 39 106 13 1 15 116 1 4 2 24 39 1 29 42 1 41 5 11 647
319.0 3 14 1 2 6 8 3 43 1 32 27 4 11 1 38 103 12 1 15 112 1 4 2 23 38 1 28 40 1 39 5 11 627
320.0 3 14 1 2 6 8 3 42 1 31 26 3 10 1 37 100 12 1 14 109 1 3 2 22 37 1 27 39 1 38 5 10 609
321.0 2 13 1 2 6 7 2 40 1 31 26 3 10 1 36 97 12 1 14 106 1 3 2 21 36 1 26 38 1 37 5 10 591
322.0 2 13 1 2 6 7 2 39 1 30 25 3 10 1 34 94 11 1 14 103 1 3 2 21 34 1 26 37 1 36 5 10 573
323.0 2 12 1 2 5 7 2 38 1 29 24 3 9 1 33 91 11 1 13 99 1 3 2 20 33 1 25 36 1 35 5 9 556
324.0 2 12 1 2 5 7 2 37 1 28 23 3 9 1 32 88 11 1 13 97 1 3 2 20 32 1 24 35 1 34 5 9 539
325.0 2 12 1 1 5 7 2 36 1 27 23 3 9 1 31 86 10 1 12 94 1 3 1 19 31 1 23 34 1 33 4 9 523
326.0 2 11 1 1 5 6 2 35 1 26 22 3 9 1 31 83 10 1 12 91 1 3 1 18 31 1 23 33 1 32 4 9 507
327.0 2 11 1 1 5 6 2 34 1 25 21 3 8 1 30 81 10 1 12 88 1 3 1 18 30 1 22 32 1 31 4 8 492
328.0 2 11 1 1 5 6 2 33 1 25 21 3 8 1 29 78 9 1 11 86 1 3 1 17 29 1 21 31 1 30 4 8 478
329.0 2 10 1 1 5 6 2 32 1 24 20 3 8 1 28 76 9 1 11 83 1 3 1 17 28 1 21 30 1 29 4 8 463
330.0 2 10 1 1 4 6 2 31 1 23 19 3 8 1 27 74 9 1 11 80 1 3 1 16 27 1 20 29 1 28 4 8 450
331.0 2 10 1 1 4 5 2 30 1 23 19 2 7 1 26 71 9 1 10 78 1 2 1 16 26 1 20 28 1 27 4 7 436
332.0 2 9 1 1 4 5 2 29 1 22 18 2 7 1 25 69 8 1 10 76 1 2 1 15 25 1 19 27 1 27 4 7 423
333.0 2 9 1 1 4 5 2 28 1 21 18 2 7 1 25 67 8 1 10 73 1 2 1 15 25 1 18 26 1 26 3 7 411
334.0 2 9 1 1 4 5 2 27 1 21 17 2 7 1 24 65 8 1 9 71 1 2 1 14 24 1 18 26 1 25 3 7 398
335.0 2 9 1 1 4 5 2 26 1 20 17 2 6 1 23 63 8 1 9 69 1 2 1 14 23 1 17 25 1 24 3 6 386
336.0 2 8 1 1 4 5 2 26 1 19 16 2 6 1 23 61 7 1 9 67 1 2 1 14 23 1 17 24 1 24 3 6 375
337.0 2 8 1 1 4 5 2 25 1 19 16 2 6 1 22 60 7 1 9 65 1 2 1 13 22 1 16 23 1 23 3 6 364
338.0 1 8 0 1 3 4 1 24 0 18 15 2 6 0 21 58 7 0 8 63 0 2 1 13 21 0 16 23 0 22 3 6 353
339.0 1 8 0 1 3 4 1 23 0 18 15 2 6 0 21 56 7 0 8 61 0 2 1 12 21 0 15 22 0 22 3 6 342
340.0 1 7 0 1 3 4 1 23 0 17 14 2 6 0 20 54 7 0 8 59 0 2 1 12 20 0 15 21 0 21 3 6 332
341.0 1 7 0 1 3 4 1 22 0 17 14 2 5 0 19 53 6 0 8 58 0 2 1 12 19 0 14 21 0 20 3 5 322
342.0 1 7 0 1 3 4 1 21 0 16 14 2 5 0 19 51 6 0 7 56 0 2 1 11 19 0 14 20 0 20 3 5 313
343.0 1 7 0 1 3 4 1 21 0 16 13 2 5 0 18 50 6 0 7 54 0 2 1 11 18 0 14 20 0 19 3 5 303
344.0 1 7 0 1 3 4 1 20 0 15 13 2 5 0 18 48 6 0 7 53 0 2 1 11 18 0 13 19 0 19 2 5 294
345.0 1 6 0 1 3 4 1 20 0 15 12 2 5 0 17 47 6 0 7 51 0 2 1 10 17 0 13 18 0 18 2 5 286
346.0 1 6 0 1 3 3 1 19 0 14 12 2 5 0 17 45 5 0 7 50 0 2 1 10 17 0 12 18 0 17 2 5 277
347.0 1 6 0 1 3 3 1 18 0 14 12 2 5 0 16 44 5 0 6 48 0 2 1 10 16 0 12 17 0 17 2 5 269
348.0 1 6 0 1 3 3 1 18 0 13 11 1 4 0 16 43 5 0 6 47 0 1 1 9 16 0 12 17 0 16 2 4 261
349.0 1 6 0 1 2 3 1 17 0 13 11 1 4 0 15 41 5 0 6 45 0 1 1 9 15 0 11 16 0 16 2 4 253
350.0 1 5 0 1 2 3 1 17 0 13 11 1 4 0 15 40 5 0 6 44 0 1 1 9 15 0 11 16 0 15 2 4 246
351.0 1 5 0 1 2 3 1 16 0 12 10 1 4 0 14 39 5 0 6 43 0 1 1 9 14 0 11 15 0 15 2 4 238
352.0 1 5 0 1 2 3 1 16 0 12 10 1 4 0 14 38 5 0 5 41 0 1 1 8 14 0 10 15 0 15 2 4 231
353.0 1 5 0 1 2 3 1 15 0 12 10 1 4 0 13 37 4 0 5 40 0 1 1 8 13 0 10 14 0 14 2 4 224
354.0 1 5 0 1 2 3 1 15 0 11 9 1 4 0 13 36 4 0 5 39 0 1 1 8 13 0 10 14 0 14 2 4 218
355.0 1 5 0 1 2 3 1 14 0 11 9 1 4 0 13 35 4 0 5 38 0 1 1 8 13 0 9 14 0 13 2 4 211
356.0 1 5 0 1 2 3 1 14 0 11 9 1 3 0 12 34 4 0 5 37 0 1 1 7 12 0 9 13 0 13 2 3 205
357.0 1 4 0 1 2 3 1 14 0 10 9 1 3 0 12 33 4 0 5 36 0 1 1 7 12 0 9 13 0 13 2 3 199
358.0 1 4 0 1 2 2 1 13 0 10 8 1 3 0 12 32 4 0 5 35 0 1 1 7 12 0 9 12 0 12 2 3 193
359.0 1 4 0 1 2 2 1 13 0 10 8 1 3 0 11 31 4 0 4 33 0 1 1 7 11 0 8 12 0 12 2 3 187
360.0 1 4 0 1 2 2 1 12 0 9 8 1 3 0 11 30 4 0 4 33 0 1 1 7 11 0 8 12 0 11 2 3 182
361.0 1 4 0 0 2 2 1 12 0 9 8 1 3 0 11 29 3 0 4 32 0 1 0 6 11 0 8 11 0 11 1 3 176
362.0 1 4 0 0 2 2 1 12 0 9 7 1 3 0 10 28 3 0 4 31 0 1 0 6 10 0 8 11 0 11 1 3 171
363.0 1 4 0 0 2 2 1 11 0 9 7 1 3 0 10 27 3 0 4 30 0 1 0 6 10 0 7 11 0 10 1 3 166
364.0 1 4 0 0 2 2 1 11 0 8 7 1 3 0 10 26 3 0 4 29 0 1 0 6 10 0 7 10 0 10 1 3 161
365.0 1 3 0 0 2 2 1 11 0 8 7 1 3 0 9 26 3 0 4 28 0 1 0 6 9 0 7 10 0 10 1 3 156
