Covid-19 Population Estimated by PSD Model @ CDS/IISc
Day AN AP AR AS BR CH CT DL GA GJ HR HP JK JH KA KL LA LD MP MH MN OR PY PB RJ SK TN TG TR UP UT WB Total
0.0 3 17 1 2 7 9 3 51 1 38 32 4 12 1 45 121 14 1 18 132 1 4 2 27 45 1 33 48 1 47 6 12 740
1.0 4 20 1 3 9 11 4 62 1 47 39 5 15 1 54 148 18 1 21 162 1 5 3 33 54 1 40 58 1 57 8 15 902
2.0 4 23 1 3 10 13 4 72 1 54 45 6 18 1 63 171 20 1 25 187 1 6 3 38 63 1 47 67 1 66 9 18 1045
3.0 5 27 2 3 12 15 5 81 2 61 51 7 20 2 71 194 23 2 28 212 2 7 3 43 71 2 53 76 2 75 10 20 1187
4.0 6 30 2 4 13 17 6 92 2 69 58 7 22 2 81 219 26 2 32 240 2 7 4 49 81 2 60 86 2 84 11 22 1340
5.0 6 34 2 4 15 19 6 104 2 78 65 8 25 2 91 247 30 2 36 270 2 8 4 55 91 2 68 97 2 95 13 25 1510
6.0 7 38 2 5 17 21 7 117 2 88 74 10 29 2 102 279 33 2 40 305 2 10 5 62 102 2 76 109 2 107 14 29 1702
7.0 8 43 3 5 19 24 8 131 3 99 83 11 32 3 115 314 38 3 46 343 3 11 5 70 115 3 86 123 3 121 16 32 1917
8.0 9 48 3 6 21 27 9 148 3 112 94 12 36 3 130 353 42 3 51 387 3 12 6 79 130 3 97 139 3 136 18 36 2160
9.0 10 54 3 7 24 31 10 167 3 126 105 14 41 3 146 398 48 3 58 435 3 14 7 88 146 3 109 156 3 153 20 41 2431
10.0 11 61 4 8 27 34 11 187 4 142 119 15 46 4 165 448 54 4 65 490 4 15 8 99 165 4 122 176 4 172 23 46 2735
11.0 13 69 4 9 30 39 13 211 4 159 133 17 52 4 185 503 60 4 73 551 4 17 9 112 185 4 138 198 4 194 26 52 3076
12.0 14 77 5 10 34 43 14 237 5 179 150 19 58 5 208 565 68 5 82 619 5 19 10 126 208 5 155 222 5 217 29 58 3455
13.0 16 87 5 11 38 49 16 266 5 201 168 22 65 5 233 635 76 5 92 694 5 22 11 141 233 5 174 250 5 244 33 65 3878
14.0 18 97 6 12 43 55 18 298 6 225 189 24 73 6 262 712 85 6 103 779 6 24 12 158 262 6 195 280 6 274 36 73 4349
15.0 20 109 7 14 48 61 20 334 7 252 211 27 82 7 293 797 95 7 116 872 7 27 14 177 293 7 218 313 7 307 41 82 4871
16.0 23 122 8 15 53 68 23 373 8 281 236 30 91 8 327 890 107 8 129 974 8 30 15 198 327 8 243 350 8 342 46 91 5440
17.0 25 135 8 17 59 76 25 415 8 313 262 34 102 8 364 990 118 8 144 1083 8 34 17 220 364 8 271 389 8 381 51 102 6050
18.0 28 150 9 19 66 84 28 459 9 347 290 37 112 9 403 1096 131 9 159 1199 9 37 19 244 403 9 300 431 9 422 56 112 6700
19.0 31 165 10 21 72 93 31 506 10 382 320 41 124 10 444 1209 145 10 176 1322 10 41 21 269 444 10 331 475 10 465 62 124 7387
20.0 34 181 11 23 79 102 34 556 11 419 351 45 136 11 488 1326 159 11 193 1451 11 45 23 295 488 11 363 522 11 510 68 136 8106
21.0 37 198 12 25 87 111 37 607 12 458 384 50 149 12 533 1449 173 12 211 1585 12 50 25 322 533 12 396 570 12 557 74 149 8856
22.0 40 215 13 27 94 121 40 660 13 498 417 54 162 13 579 1575 188 13 229 1723 13 54 27 350 579 13 431 619 13 606 81 162 9626
23.0 44 234 15 29 102 132 44 716 15 541 453 58 175 15 628 1710 205 15 248 1871 15 58 29 380 628 15 468 672 15 658 88 175 10450
24.0 48 253 16 32 111 143 48 776 16 586 491 63 190 16 681 1853 222 16 269 2027 16 63 32 412 681 16 507 729 16 713 95 190 11325
25.0 51 274 17 34 120 154 51 840 17 634 531 69 206 17 737 2005 240 17 291 2193 17 69 34 446 737 17 548 788 17 771 103 206 12252
26.0 56 296 19 37 130 167 56 907 19 685 574 74 222 19 796 2166 259 19 315 2369 19 74 37 481 796 19 592 851 19 833 111 222 13235
27.0 60 319 20 40 140 180 60 978 20 739 619 80 240 20 859 2336 280 20 339 2556 20 80 40 519 859 20 639 918 20 898 120 240 14275
28.0 65 344 22 43 151 194 65 1054 22 796 667 86 258 22 925 2516 301 22 366 2753 22 86 43 559 925 22 688 989 22 968 129 258 15378
29.0 69 370 23 46 162 208 69 1134 23 856 717 93 278 23 995 2708 324 23 393 2962 23 93 46 602 995 23 741 1065 23 1041 139 278 16547
30.0 75 398 25 50 174 224 75 1219 25 920 771 100 299 25 1070 2910 348 25 423 3184 25 100 50 647 1070 25 796 1144 25 1119 149 299 17786
31.0 80 427 27 53 187 240 80 1309 27 988 828 107 321 27 1149 3125 374 27 454 3419 27 107 53 694 1149 27 855 1229 27 1202 160 321 19098
32.0 86 458 29 57 201 258 86 1404 29 1060 888 115 344 29 1232 3352 401 29 487 3668 29 115 57 745 1232 29 917 1318 29 1289 172 344 20487
33.0 92 491 31 61 215 276 92 1505 31 1136 952 123 368 31 1320 3593 430 31 522 3931 31 123 61 798 1320 31 983 1413 31 1382 184 368 21956
34.0 99 526 33 66 230 296 99 1611 33 1217 1019 132 395 33 1414 3847 460 33 559 4209 33 132 66 855 1414 33 1052 1513 33 1480 197 395 23510
35.0 106 563 35 70 246 317 106 1724 35 1302 1091 141 422 35 1513 4116 493 35 598 4503 35 141 70 915 1513 35 1126 1618 35 1583 211 422 25153
36.0 113 602 38 75 263 338 113 1843 38 1391 1166 150 451 38 1617 4400 526 38 639 4814 38 150 75 978 1617 38 1203 1730 38 1692 226 451 26889
37.0 120 642 40 80 281 361 120 1967 40 1485 1244 161 482 40 1726 4697 562 40 682 5138 40 161 80 1044 1726 40 1285 1847 40 1806 241 482 28702
38.0 128 684 43 86 299 385 128 2096 43 1582 1326 171 513 43 1839 5004 599 43 727 5474 43 171 86 1112 1839 43 1369 1967 43 1924 257 513 30578
39.0 136 728 45 91 318 409 136 2228 45 1683 1410 182 546 45 1955 5320 637 45 773 5821 45 182 91 1182 1955 45 1455 2092 45 2046 273 546 32513
40.0 145 772 48 97 338 434 145 2364 48 1785 1496 193 579 48 2075 5646 676 48 820 6177 48 193 97 1255 2075 48 1544 2220 48 2171 290 579 34502
41.0 153 818 51 102 358 460 153 2504 51 1891 1584 204 613 51 2197 5979 715 51 869 6541 51 204 102 1329 2197 51 1635 2351 51 2300 307 613 36537
42.0 162 864 54 108 378 486 162 2646 54 1998 1674 216 648 54 2322 6318 756 54 918 6912 54 216 108 1404 2322 54 1728 2484 54 2430 324 648 38610
43.0 171 911 57 114 399 512 171 2790 57 2107 1765 228 683 57 2448 6662 797 57 968 7288 57 228 114 1480 2448 57 1822 2619 57 2562 342 683 40712
44.0 180 958 60 120 419 539 180 2935 60 2216 1857 240 719 60 2576 7009 839 60 1018 7668 60 240 120 1558 2576 60 1917 2756 60 2696 359 719 42832
45.0 189 1006 63 126 440 566 189 3081 63 2327 1949 252 755 63 2704 7357 880 63 1069 8049 63 252 126 1635 2704 63 2012 2893 63 2830 377 755 44960
46.0 198 1054 66 132 461 593 198 3227 66 2437 2041 263 790 66 2832 7705 922 66 1120 8429 66 263 132 1712 2832 66 2107 3029 66 2963 395 790 47086
47.0 206 1101 69 138 482 619 206 3372 69 2546 2133 275 826 69 2959 8050 963 69 1170 8807 69 275 138 1789 2959 69 2202 3165 69 3096 413 826 49197
48.0 215 1148 72 143 502 646 215 3515 72 2654 2223 287 861 72 3084 8392 1004 72 1219 9181 72 287 143 1865 3084 72 2295 3299 72 3228 430 861 51283
49.0 224 1193 75 149 522 671 224 3655 75 2760 2312 298 895 75 3207 8727 1044 75 1268 9547 75 298 149 1939 3207 75 2387 3431 75 3357 448 895 53332
50.0 232 1238 77 155 542 696 232 3792 77 2863 2399 310 929 77 3328 9054 1083 77 1316 9905 77 310 155 2012 3328 77 2476 3560 77 3482 464 929 55331
51.0 240 1282 80 160 561 721 240 3925 80 2964 2483 320 961 80 3444 9372 1121 80 1362 10253 80 320 160 2083 3444 80 2563 3685 80 3604 481 961 57271
52.0 248 1325 83 166 580 745 248 4057 83 3063 2566 331 993 83 3560 9686 1159 83 1407 10597 83 331 166 2152 3560 83 2649 3808 83 3725 497 993 59192
53.0 256 1368 85 171 598 769 256 4189 85 3163 2650 342 1026 85 3676 10003 1197 85 1453 10944 85 342 171 2223 3676 85 2736 3933 85 3847 513 1026 61132
54.0 265 1412 88 176 618 794 265 4323 88 3265 2735 353 1059 88 3794 10323 1235 88 1500 11294 88 353 176 2294 3794 88 2823 4059 88 3970 529 1059 63086
55.0 273 1456 91 182 637 819 273 4459 91 3367 2821 364 1092 91 3913 10646 1274 91 1547 11647 91 364 182 2366 3913 91 2912 4186 91 4095 546 1092 65058
56.0 281 1500 94 188 656 844 281 4595 94 3470 2907 375 1125 94 4032 10972 1313 94 1594 12003 94 375 188 2438 4032 94 3001 4314 94 4220 563 1125 67049
57.0 290 1545 97 193 676 869 290 4733 97 3574 2994 386 1159 97 4154 11301 1352 97 1642 12364 97 386 193 2511 4154 97 3091 4443 97 4347 580 1159 69064
58.0 298 1591 99 199 696 895 298 4873 99 3680 3083 398 1193 99 4276 11636 1392 99 1691 12730 99 398 199 2586 4276 99 3182 4575 99 4475 597 1193 71107
59.0 307 1638 102 205 716 921 307 5015 102 3787 3173 409 1228 102 4401 11975 1433 102 1740 13101 102 409 205 2661 4401 102 3275 4708 102 4606 614 1228 73182
60.0 316 1685 105 211 737 948 316 5160 105 3896 3264 421 1264 105 4528 12321 1474 105 1790 13479 105 421 211 2738 4528 105 3370 4844 105 4739 632 1264 75292
61.0 325 1733 108 217 758 975 325 5307 108 4007 3358 433 1300 108 4657 12672 1516 108 1841 13864 108 433 217 2816 4657 108 3466 4982 108 4874 650 1300 77441
62.0 334 1782 111 223 780 1002 334 5457 111 4121 3453 445 1336 111 4789 13031 1559 111 1893 14256 111 445 223 2896 4789 111 3564 5123 111 5012 668 1336 79632
63.0 344 1832 115 229 802 1031 344 5611 115 4237 3550 458 1374 115 4924 13397 1603 115 1947 14656 115 458 229 2977 4924 115 3664 5267 115 5153 687 1374 81868
64.0 353 1883 118 235 824 1059 353 5767 118 4355 3649 471 1412 118 5061 13770 1648 118 2001 15065 118 471 235 3060 5061 118 3766 5414 118 5296 706 1412 84151
65.0 363 1935 121 242 847 1089 363 5927 121 4475 3750 484 1452 121 5201 14152 1693 121 2056 15483 121 484 242 3145 5201 121 3871 5564 121 5443 726 1452 86485
66.0 373 1989 124 249 870 1119 373 6091 124 4599 3853 497 1492 124 5345 14543 1740 124 2113 15910 124 497 249 3232 5345 124 3978 5718 124 5593 746 1492 88872
67.0 383 2043 128 255 894 1149 383 6258 128 4725 3959 511 1533 128 5492 14942 1788 128 2171 16347 128 511 255 3321 5492 128 4087 5875 128 5747 766 1533 91315
68.0 394 2099 131 262 918 1181 394 6429 131 4855 4068 525 1575 131 5642 15352 1837 131 2231 16795 131 525 262 3411 5642 131 4199 6036 131 5904 787 1575 93816
69.0 404 2157 135 270 944 1213 404 6605 135 4987 4179 539 1618 135 5796 15771 1887 135 2291 17254 135 539 270 3505 5796 135 4313 6200 135 6066 809 1618 96377
70.0 415 2215 138 277 969 1246 415 6785 138 5123 4292 554 1662 138 5954 16200 1938 138 2354 17723 138 554 277 3600 5954 138 4431 6369 138 6231 831 1662 99001
71.0 427 2276 142 284 996 1280 427 6969 142 5262 4409 569 1707 142 6116 16640 1991 142 2418 18205 142 569 284 3698 6116 142 4551 6542 142 6400 853 1707 101691
72.0 438 2337 146 292 1023 1315 438 7158 146 5405 4529 584 1753 146 6281 17092 2045 146 2483 18698 146 584 292 3798 6281 146 4675 6720 146 6574 876 1753 104448
73.0 450 2401 150 300 1050 1350 450 7352 150 5551 4651 600 1800 150 6452 17554 2100 150 2551 19205 150 600 300 3901 6452 150 4801 6902 150 6752 900 1800 107275
74.0 462 2465 154 308 1079 1387 462 7550 154 5701 4777 616 1849 154 6626 18029 2157 154 2620 19724 154 616 308 4006 6626 154 4931 7088 154 6934 925 1849 110175
75.0 475 2532 158 317 1108 1424 475 7754 158 5855 4906 633 1899 158 6805 18515 2216 158 2690 20256 158 633 317 4115 6805 158 5064 7280 158 7121 950 1899 113149
76.0 488 2600 163 325 1138 1463 488 7963 163 6013 5038 650 1950 163 6988 19013 2275 163 2763 20800 163 650 325 4225 6988 163 5200 7475 163 7313 975 1950 116188
77.0 500 2669 167 334 1168 1501 500 8175 167 6173 5172 667 2002 167 7174 19519 2336 167 2836 21354 167 667 334 4338 7174 167 5339 7674 167 7507 1001 2002 119284
78.0 514 2740 171 342 1199 1541 514 8391 171 6336 5308 685 2055 171 7363 20035 2397 171 2911 21919 171 685 342 4452 7363 171 5480 7877 171 7706 1027 2055 122437
79.0 527 2812 176 351 1230 1582 527 8611 176 6502 5448 703 2109 176 7556 20560 2460 176 2987 22493 176 703 351 4569 7556 176 5623 8084 176 7908 1054 2109 125646
80.0 541 2885 180 361 1262 1623 541 8834 180 6671 5589 721 2163 180 7752 21094 2524 180 3065 23077 180 721 361 4688 7752 180 5769 8293 180 8113 1082 2163 128908
81.0 555 2959 185 370 1294 1664 555 9061 185 6842 5733 740 2219 185 7952 21636 2589 185 3144 23670 185 740 370 4808 7952 185 5918 8507 185 8322 1110 2219 132221
82.0 569 3034 190 379 1327 1707 569 9292 190 7016 5878 759 2276 190 8154 22186 2655 190 3224 24272 190 759 379 4930 8154 190 6068 8723 190 8533 1138 2276 135583
83.0 583 3110 194 389 1361 1750 583 9525 194 7193 6026 778 2333 194 8359 22744 2721 194 3305 24882 194 778 389 5054 8359 194 6221 8942 194 8748 1166 2333 138991
84.0 598 3188 199 398 1395 1793 598 9762 199 7371 6176 797 2391 199 8566 23309 2789 199 3387 25500 199 797 398 5180 8566 199 6375 9164 199 8965 1195 2391 142443
85.0 612 3266 204 408 1429 1837 612 10001 204 7552 6327 816 2449 204 8777 23880 2857 204 3470 26126 204 816 408 5307 8777 204 6531 9389 204 9185 1225 2449 145935
86.0 627 3345 209 418 1463 1881 627 10243 209 7735 6480 836 2509 209 8989 24458 2927 209 3554 26758 209 836 418 5435 8989 209 6689 9616 209 9407 1254 2509 149466
87.0 642 3425 214 428 1498 1926 642 10488 214 7919 6635 856 2568 214 9203 25042 2996 214 3639 27396 214 856 428 5565 9203 214 6849 9845 214 9631 1284 2568 153033
88.0 657 3505 219 438 1533 1972 657 10734 219 8105 6791 876 2629 219 9420 25631 3067 219 3724 28040 219 876 438 5696 9420 219 7010 10077 219 9858 1314 2629 156631
89.0 672 3586 224 448 1569 2017 672 10983 224 8293 6948 897 2690 224 9638 26224 3138 224 3810 28690 224 897 448 5828 9638 224 7172 10310 224 10086 1345 2690 160258
90.0 688 3668 229 458 1605 2063 688 11233 229 8482 7107 917 2751 229 9858 26822 3209 229 3897 29344 229 917 458 5960 9858 229 7336 10545 229 10316 1375 2751 163911
91.0 703 3750 234 469 1641 2109 703 11485 234 8672 7266 938 2813 234 10079 27423 3281 234 3985 30001 234 938 469 6094 10079 234 7500 10782 234 10547 1406 2813 167586
92.0 719 3833 240 479 1677 2156 719 11738 240 8863 7426 958 2875 240 10301 28028 3354 240 4072 30663 240 958 479 6228 10301 240 7666 11019 240 10780 1437 2875 171280
93.0 734 3916 245 489 1713 2203 734 11992 245 9055 7587 979 2937 245 10524 28635 3426 245 4161 31327 245 979 489 6363 10524 245 7832 11258 245 11013 1468 2937 174989
94.0 750 3999 250 500 1750 2249 750 12247 250 9248 7748 1000 2999 250 10748 29243 3499 250 4249 31993 250 1000 500 6499 10748 250 7998 11497 250 11247 1500 2999 178709
95.0 765 4082 255 510 1786 2296 765 12503 255 9441 7910 1021 3062 255 10972 29853 3572 255 4338 32660 255 1021 510 6634 10972 255 8165 11737 255 11482 1531 3062 182436
96.0 781 4166 260 521 1823 2343 781 12758 260 9634 8072 1041 3124 260 11196 30463 3645 260 4426 33327 260 1041 521 6770 11196 260 8332 11977 260 11717 1562 3124 186165
97.0 797 4249 266 531 1859 2390 797 13014 266 9827 8233 1062 3187 266 11420 31074 3718 266 4515 33995 266 1062 531 6905 11420 266 8499 12217 266 11951 1594 3187 189894
98.0 812 4333 271 542 1896 2437 812 13269 271 10019 8395 1083 3250 271 11644 31683 3791 271 4603 34661 271 1083 542 7041 11644 271 8665 12456 271 12186 1625 3250 193616
99.0 828 4416 276 552 1932 2484 828 13523 276 10211 8555 1104 3312 276 11867 32290 3864 276 4692 35326 276 1104 552 7176 11867 276 8831 12695 276 12419 1656 3312 197328
100.0 843 4498 281 562 1968 2530 843 13777 281 10403 8716 1125 3374 281 12090 32895 3936 281 4780 35988 281 1125 562 7310 12090 281 8997 12933 281 12652 1687 3374 201026
101.0 859 4581 286 573 2004 2577 859 14029 286 10593 8875 1145 3436 286 12311 33497 4008 286 4867 36646 286 1145 573 7444 12311 286 9162 13170 286 12883 1718 3436 204703
102.0 874 4663 291 583 2040 2623 874 14279 291 10782 9034 1166 3497 291 12530 34095 4080 291 4954 37300 291 1166 583 7577 12530 291 9325 13405 291 13113 1748 3497 208356
103.0 889 4744 296 593 2075 2668 889 14527 296 10970 9191 1186 3558 296 12748 34687 4151 296 5040 37949 296 1186 593 7708 12748 296 9487 13638 296 13341 1779 3558 211979
104.0 904 4824 301 603 2110 2713 904 14773 301 11155 9346 1206 3618 301 12964 35275 4221 301 5125 38591 301 1206 603 7839 12964 301 9648 13869 301 13567 1809 3618 215568
105.0 919 4903 306 613 2145 2758 919 15016 306 11339 9500 1226 3677 306 13178 35855 4290 306 5210 39226 306 1226 613 7968 13178 306 9807 14097 306 13791 1839 3677 219117
106.0 934 4982 311 623 2179 2802 934 15256 311 11520 9652 1245 3736 311 13388 36429 4359 311 5293 39854 311 1245 623 8095 13388 311 9963 14322 311 14011 1868 3736 222620
107.0 949 5059 316 632 2213 2846 949 15493 316 11699 9802 1265 3794 316 13596 36994 4427 316 5375 40472 316 1265 632 8221 13596 316 10118 14545 316 14228 1897 3794 226074
108.0 963 5135 321 642 2247 2888 963 15726 321 11875 9949 1284 3851 321 13800 37550 4493 321 5456 41080 321 1284 642 8344 13800 321 10270 14763 321 14442 1926 3851 229472
109.0 977 5210 326 651 2279 2930 977 15955 326 12047 10094 1302 3907 326 14001 38096 4559 326 5535 41678 326 1302 651 8466 14001 326 10419 14978 326 14652 1954 3907 232809
110.0 991 5283 330 660 2311 2972 991 16179 330 12217 10236 1321 3962 330 14198 38631 4623 330 5613 42263 330 1321 660 8585 14198 330 10566 15188 330 14858 1981 3962 236080
111.0 1004 5355 335 669 2343 3012 1004 16398 335 12382 10374 1339 4016 335 14390 39155 4685 335 5689 42836 335 1339 669 8701 14390 335 10709 15394 335 15060 2008 4016 239280
112.0 1017 5424 339 678 2373 3051 1017 16612 339 12544 10510 1356 4068 339 14578 39666 4746 339 5763 43395 339 1356 678 8815 14578 339 10849 15595 339 15256 2034 4068 242403
113.0 1030 5492 343 687 2403 3090 1030 16821 343 12701 10642 1373 4119 343 14761 40164 4806 343 5836 43940 343 1373 687 8925 14761 343 10985 15791 343 15448 2060 4119 245444
114.0 1042 5559 347 695 2432 3127 1042 17023 347 12854 10770 1390 4169 347 14939 40647 4864 347 5906 44468 347 1390 695 9033 14939 347 11117 15981 347 15633 2084 4169 248398
115.0 1054 5623 351 703 2460 3163 1054 17219 351 13002 10894 1406 4217 351 15111 41115 4920 351 5974 44981 351 1406 703 9137 15111 351 11245 16165 351 15814 2108 4217 251259
116.0 1066 5684 355 711 2487 3197 1066 17409 355 13145 11014 1421 4263 355 15277 41567 4974 355 6040 45476 355 1421 711 9237 15277 355 11369 16343 355 15987 2132 4263 254023
117.0 1077 5744 359 718 2513 3231 1077 17591 359 13283 11129 1436 4308 359 15437 42003 5026 359 6103 45952 359 1436 718 9334 15437 359 11488 16514 359 16155 2154 4308 256685
118.0 1088 5801 363 725 2538 3263 1088 17766 363 13415 11240 1450 4351 363 15591 42421 5076 363 6164 46409 363 1450 725 9427 15591 363 11602 16678 363 16316 2175 4351 259240
119.0 1098 5856 366 732 2562 3294 1098 17933 366 13542 11346 1464 4392 366 15738 42821 5124 366 6222 46847 366 1464 732 9516 15738 366 11712 16836 366 16470 2196 4392 261683
120.0 1108 5908 369 738 2585 3323 1108 18093 369 13662 11447 1477 4431 369 15877 43201 5169 369 6277 47263 369 1477 738 9600 15877 369 11816 16985 369 16616 2215 4431 264009
121.0 1117 5957 372 745 2606 3351 1117 18244 372 13776 11542 1489 4468 372 16010 43562 5213 372 6330 47658 372 1489 745 9681 16010 372 11915 17127 372 16755 2234 4468 266215
122.0 1126 6004 375 750 2627 3377 1126 18387 375 13884 11632 1501 4503 375 16135 43903 5253 375 6379 48031 375 1501 750 9756 16135 375 12008 17261 375 16886 2251 4503 268296
123.0 1134 6048 378 756 2646 3402 1134 18521 378 13985 11717 1512 4536 378 16253 44222 5292 378 6425 48380 378 1512 756 9827 16253 378 12095 17387 378 17009 2268 4536 270249
124.0 1142 6088 381 761 2664 3425 1142 18645 381 14079 11796 1522 4566 381 16362 44520 5327 381 6469 48706 381 1522 761 9893 16362 381 12176 17504 381 17123 2283 4566 272069
125.0 1149 6126 383 766 2680 3446 1149 18761 383 14166 11869 1531 4594 383 16463 44796 5360 383 6509 49007 383 1531 766 9955 16463 383 12252 17612 383 17229 2297 4594 273753
126.0 1155 6161 385 770 2695 3465 1155 18867 385 14246 11936 1540 4620 385 16556 45049 5390 385 6546 49284 385 1540 770 10011 16556 385 12321 17711 385 17326 2310 4620 275298
127.0 1161 6192 387 774 2709 3483 1161 18963 387 14319 11997 1548 4644 387 16641 45278 5418 387 6579 49535 387 1548 774 10062 16641 387 12384 17802 387 17415 2322 4644 276701
128.0 1166 6220 389 778 2721 3499 1166 19049 389 14384 12051 1555 4665 389 16716 45484 5443 389 6609 49761 389 1555 778 10108 16716 389 12440 17883 389 17494 2333 4665 277959
129.0 1171 6245 390 781 2732 3513 1171 19125 390 14441 12100 1561 4684 390 16783 45666 5464 390 6635 49959 390 1561 781 10148 16783 390 12490 17954 390 17564 2342 4684 279070
130.0 1175 6266 392 783 2742 3525 1175 19191 392 14491 12141 1567 4700 392 16841 45823 5483 392 6658 50132 392 1567 783 10183 16841 392 12533 18016 392 17624 2350 4700 280032
131.0 1178 6285 393 786 2750 3535 1178 19247 393 14533 12176 1571 4713 393 16890 45956 5499 393 6677 50277 393 1571 786 10212 16890 393 12569 18068 393 17675 2357 4713 280844
132.0 1181 6299 394 787 2756 3543 1181 19292 394 14567 12205 1575 4725 394 16930 46064 5512 394 6693 50395 394 1575 787 10236 16930 394 12599 18111 394 17717 2362 4725 281502
133.0 1183 6311 394 789 2761 3550 1183 19326 394 14593 12227 1578 4733 394 16960 46147 5522 394 6705 50485 394 1578 789 10255 16960 394 12621 18143 394 17749 2366 4733 282008
134.0 1185 6319 395 790 2764 3554 1185 19350 395 14612 12242 1580 4739 395 16981 46204 5529 395 6713 50548 395 1580 790 10268 16981 395 12637 18166 395 17771 2369 4739 282359
135.0 1186 6323 395 790 2766 3557 1186 19364 395 14622 12251 1581 4742 395 16993 46236 5533 395 6718 50583 395 1581 790 10275 16993 395 12646 18178 395 17783 2371 4742 282555
136.0 1186 6324 395 790 2767 3557 1186 19367 395 14624 12252 1581 4743 395 16995 46243 5533 395 6719 50591 395 1581 790 10276 16995 395 12648 18181 395 17786 2371 4743 282596
137.0 1185 6321 395 790 2766 3556 1185 19359 395 14618 12248 1580 4741 395 16988 46225 5531 395 6716 50570 395 1580 790 10272 16988 395 12643 18174 395 17779 2370 4741 282483
138.0 1184 6315 395 789 2763 3552 1184 19341 395 14604 12236 1579 4736 395 16972 46181 5526 395 6710 50523 395 1579 789 10262 16972 395 12631 18157 395 17762 2368 4736 282216
139.0 1182 6306 394 788 2759 3547 1182 19312 394 14582 12218 1576 4729 394 16947 46112 5518 394 6700 50447 394 1576 788 10247 16947 394 12612 18129 394 17735 2365 4729 281795
140.0 1180 6293 393 787 2753 3540 1180 19273 393 14553 12193 1573 4720 393 16913 46018 5506 393 6686 50345 393 1573 787 10226 16913 393 12586 18093 393 17699 2360 4720 281223
141.0 1177 6277 392 785 2746 3531 1177 19223 392 14515 12162 1569 4708 392 16869 45900 5492 392 6669 50215 392 1569 785 10200 16869 392 12554 18046 392 17654 2354 4708 280499
142.0 1173 6257 391 782 2738 3520 1173 19163 391 14470 12124 1564 4693 391 16817 45757 5475 391 6648 50059 391 1564 782 10168 16817 391 12515 17990 391 17599 2347 4693 279627
143.0 1169 6235 390 779 2728 3507 1169 19093 390 14418 12080 1559 4676 390 16756 45591 5455 390 6624 49877 390 1559 779 10131 16756 390 12469 17924 390 17535 2338 4676 278609
144.0 1164 6209 388 776 2716 3492 1164 19014 388 14357 12029 1552 4656 388 16686 45400 5433 388 6597 49669 388 1552 776 10089 16686 388 12417 17850 388 17462 2328 4656 277446
145.0 1159 6179 386 772 2703 3476 1159 18924 386 14290 11973 1545 4635 386 16607 45187 5407 386 6566 49435 386 1545 772 10042 16607 386 12359 17766 386 17380 2317 4635 276142
146.0 1153 6147 384 768 2689 3458 1153 18826 384 14215 11910 1537 4610 384 16520 44951 5379 384 6531 49177 384 1537 768 9989 16520 384 12294 17673 384 17289 2305 4610 274700
147.0 1146 6112 382 764 2674 3438 1146 18717 382 14134 11842 1528 4584 382 16426 44693 5348 382 6494 48895 382 1528 764 9932 16426 382 12224 17571 382 17190 2292 4584 273122
148.0 1139 6074 380 759 2657 3416 1139 18600 380 14045 11768 1518 4555 380 16323 44413 5314 380 6453 48589 380 1518 759 9870 16323 380 12147 17462 380 17082 2278 4555 271413
149.0 1131 6032 377 754 2639 3393 1131 18474 377 13950 11688 1508 4524 377 16212 44112 5278 377 6409 48260 377 1508 754 9803 16212 377 12065 17343 377 16966 2262 4524 269575
150.0 1123 5989 374 749 2620 3369 1123 18340 374 13849 11603 1497 4491 374 16094 43791 5240 374 6363 47908 374 1497 749 9731 16094 374 11977 17217 374 16843 2246 4491 267614
151.0 1114 5943 371 743 2600 3343 1114 18201 371 13743 11515 1486 4457 371 15972 43459 5200 371 6315 47545 371 1486 743 9658 15972 371 11886 17086 371 16715 2229 4457 265582
152.0 1106 5897 369 737 2580 3317 1106 18059 369 13637 11425 1474 4423 369 15848 43121 5160 369 6266 47176 369 1474 737 9583 15848 369 11794 16954 369 16585 2211 4423 263520
153.0 1097 5850 366 731 2559 3291 1097 17916 366 13529 11335 1463 4388 366 15722 42780 5119 366 6216 46802 366 1463 731 9507 15722 366 11700 16819 366 16454 2194 4388 261432
154.0 1088 5803 363 725 2539 3264 1088 17772 363 13419 11243 1451 4352 363 15596 42434 5078 363 6166 46424 363 1451 725 9430 15596 363 11606 16684 363 16321 2176 4352 259322
155.0 1079 5755 360 719 2518 3237 1079 17626 360 13309 11151 1439 4317 360 15468 42087 5036 360 6115 46043 360 1439 719 9353 15468 360 11511 16547 360 16187 2158 4317 257196
156.0 1070 5708 357 713 2497 3211 1070 17480 357 13199 11059 1427 4281 357 15339 41737 4994 357 6064 45661 357 1427 713 9275 15339 357 11415 16409 357 16053 2140 4281 255060
157.0 1061 5660 354 707 2476 3184 1061 17333 354 13088 10966 1415 4245 354 15211 41387 4952 354 6013 45278 354 1415 707 9197 15211 354 11319 16272 354 15918 2122 4245 252920
158.0 1052 5612 351 701 2455 3157 1052 17186 351 12977 10873 1403 4209 351 15082 41037 4910 351 5963 44895 351 1403 701 9119 15082 351 11224 16134 351 15783 2104 4209 250779
159.0 1043 5564 348 696 2434 3130 1043 17040 348 12867 10780 1391 4173 348 14953 40687 4869 348 5912 44512 348 1391 696 9042 14953 348 11128 15997 348 15649 2087 4173 248642
160.0 1034 5516 345 690 2413 3103 1034 16894 345 12757 10688 1379 4137 345 14825 40338 4827 345 5861 44131 345 1379 690 8964 14825 345 11033 15859 345 15515 2069 4137 246511
161.0 1025 5469 342 684 2393 3076 1025 16748 342 12647 10596 1367 4102 342 14698 39991 4785 342 5811 43751 342 1367 684 8887 14698 342 10938 15723 342 15381 2051 4102 244389
162.0 1017 5422 339 678 2372 3050 1017 16604 339 12537 10504 1355 4066 339 14571 39645 4744 339 5760 43373 339 1355 678 8810 14571 339 10843 15587 339 15248 2033 4066 242277
163.0 1008 5375 336 672 2351 3023 1008 16460 336 12429 10413 1344 4031 336 14444 39302 4703 336 5711 42997 336 1344 672 8734 14444 336 10749 15452 336 15116 2015 4031 240178
164.0 999 5328 333 666 2331 2997 999 16317 333 12321 10323 1332 3996 333 14319 38961 4662 333 5661 42623 333 1332 666 8658 14319 333 10656 15318 333 14985 1998 3996 238092
165.0 990 5282 330 660 2311 2971 990 16175 330 12214 10233 1320 3961 330 14194 38622 4621 330 5612 42253 330 1320 660 8583 14194 330 10563 15185 330 14854 1981 3961 236021
166.0 982 5236 327 654 2291 2945 982 16034 327 12107 10144 1309 3927 327 14071 38285 4581 327 5563 41885 327 1309 654 8508 14071 327 10471 15052 327 14725 1963 3927 233965
167.0 973 5190 324 649 2271 2919 973 15894 324 12002 10055 1297 3892 324 13948 37951 4541 324 5514 41519 324 1297 649 8434 13948 324 10380 14921 324 14597 1946 3892 231924
168.0 965 5145 322 643 2251 2894 965 15755 322 11897 9968 1286 3858 322 13826 37620 4502 322 5466 41157 322 1286 643 8360 13826 322 10289 14791 322 14469 1929 3858 229900
169.0 956 5100 319 637 2231 2869 956 15618 319 11793 9881 1275 3825 319 13705 37292 4462 319 5418 40798 319 1275 637 8287 13705 319 10199 14662 319 14343 1912 3825 227893
170.0 948 5055 316 632 2212 2844 948 15481 316 11690 9794 1264 3791 316 13586 36966 4423 316 5371 40441 316 1264 632 8215 13586 316 10110 14534 316 14218 1896 3791 225902
171.0 940 5011 313 626 2192 2819 940 15346 313 11588 9709 1253 3758 313 13467 36643 4385 313 5324 40088 313 1253 626 8143 13467 313 10022 14407 313 14093 1879 3758 223928
172.0 931 4967 310 621 2173 2794 931 15212 310 11487 9624 1242 3725 310 13349 36323 4346 310 5278 39738 310 1242 621 8072 13349 310 9934 14281 310 13970 1863 3725 221972
173.0 923 4924 308 615 2154 2770 923 15079 308 11386 9540 1231 3693 308 13233 36005 4308 308 5232 39390 308 1231 615 8001 13233 308 9848 14156 308 13848 1846 3693 220033
174.0 915 4881 305 610 2135 2745 915 14947 305 11287 9457 1220 3661 305 13117 35691 4271 305 5186 39046 305 1220 610 7931 13117 305 9762 14032 305 13727 1830 3661 218111
175.0 907 4838 302 605 2117 2721 907 14817 302 11188 9374 1210 3629 302 13003 35379 4233 302 5141 38705 302 1210 605 7862 13003 302 9676 13910 302 13607 1814 3629 216206
176.0 899 4796 300 599 2098 2698 899 14688 300 11091 9292 1199 3597 300 12889 35070 4196 300 5096 38367 300 1199 599 7793 12889 300 9592 13788 300 13489 1798 3597 214318
177.0 891 4754 297 594 2080 2674 891 14559 297 10994 9211 1189 3566 297 12777 34764 4160 297 5051 38032 297 1189 594 7725 12777 297 9508 13668 297 13371 1783 3566 212447
178.0 884 4713 295 589 2062 2651 884 14432 295 10898 9131 1178 3534 295 12665 34461 4124 295 5007 37701 295 1178 589 7658 12665 295 9425 13549 295 13254 1767 3534 210593
179.0 876 4671 292 584 2044 2628 876 14306 292 10803 9051 1168 3504 292 12555 34160 4088 292 4963 37372 292 1168 584 7591 12555 292 9343 13430 292 13138 1752 3504 208756
180.0 868 4631 289 579 2026 2605 868 14182 289 10709 8972 1158 3473 289 12445 33862 4052 289 4920 37046 289 1158 579 7525 12445 289 9261 13313 289 13024 1737 3473 206935
181.0 861 4590 287 574 2008 2582 861 14058 287 10615 8894 1148 3443 287 12337 33567 4017 287 4877 36723 287 1148 574 7459 12337 287 9181 13197 287 12910 1721 3443 205131
182.0 853 4550 284 569 1991 2560 853 13935 284 10523 8816 1138 3413 284 12229 33274 3982 284 4835 36403 284 1138 569 7394 12229 284 9101 13082 284 12798 1706 3413 203344
183.0 846 4511 282 564 1973 2537 846 13814 282 10431 8740 1128 3383 282 12123 32985 3947 282 4793 36086 282 1128 564 7330 12123 282 9021 12968 282 12686 1692 3383 201573
184.0 838 4471 279 559 1956 2515 838 13694 279 10340 8663 1118 3354 279 12017 32697 3913 279 4751 35771 279 1118 559 7266 12017 279 8943 12855 279 12576 1677 3354 199817
185.0 831 4433 277 554 1939 2493 831 13575 277 10250 8588 1108 3324 277 11912 32413 3878 277 4710 35460 277 1108 554 7203 11912 277 8865 12743 277 12466 1662 3324 198078
186.0 824 4394 275 549 1922 2472 824 13456 275 10161 8513 1098 3295 275 11809 32131 3845 275 4669 35152 275 1098 549 7140 11809 275 8788 12633 275 12358 1648 3295 196355
187.0 817 4356 272 544 1906 2450 817 13339 272 10073 8439 1089 3267 272 11706 31851 3811 272 4628 34846 272 1089 544 7078 11706 272 8711 12523 272 12250 1633 3267 194647
188.0 810 4318 270 540 1889 2429 810 13223 270 9985 8366 1079 3238 270 11604 31574 3778 270 4588 34543 270 1079 540 7017 11604 270 8636 12414 270 12144 1619 3238 192954
189.0 803 4280 268 535 1873 2408 803 13109 268 9898 8293 1070 3210 268 11503 31300 3745 268 4548 34243 268 1070 535 6956 11503 268 8561 12306 268 12038 1605 3210 191277
190.0 796 4243 265 530 1856 2387 796 12995 265 9812 8221 1061 3182 265 11403 31028 3713 265 4508 33945 265 1061 530 6895 11403 265 8486 12199 265 11934 1591 3182 189615
191.0 789 4206 263 526 1840 2366 789 12882 263 9727 8150 1052 3155 263 11304 30758 3680 263 4469 33650 263 1052 526 6835 11304 263 8413 12093 263 11830 1577 3155 187968
192.0 782 4170 261 521 1824 2345 782 12770 261 9643 8079 1042 3127 261 11206 30491 3649 261 4430 33358 261 1042 521 6776 11206 261 8340 11988 261 11727 1564 3127 186336
193.0 775 4134 258 517 1808 2325 775 12659 258 9559 8009 1033 3100 258 11109 30227 3617 258 4392 33069 258 1033 517 6717 11109 258 8267 11884 258 11626 1550 3100 184719
194.0 768 4098 256 512 1793 2305 768 12549 256 9476 7939 1024 3073 256 11013 29964 3585 256 4354 32782 256 1024 512 6659 11013 256 8195 11781 256 11525 1537 3073 183116
195.0 762 4062 254 508 1777 2285 762 12440 254 9394 7870 1016 3047 254 10917 29705 3554 254 4316 32497 254 1016 508 6601 10917 254 8124 11679 254 11425 1523 3047 181528
196.0 755 4027 252 503 1762 2265 755 12332 252 9312 7802 1007 3020 252 10822 29447 3524 252 4279 32215 252 1007 503 6544 10822 252 8054 11577 252 11326 1510 3020 179953
197.0 749 3992 250 499 1747 2246 749 12226 250 9232 7735 998 2994 250 10729 29192 3493 250 4242 31936 250 998 499 6487 10729 250 7984 11477 250 11228 1497 2994 178393
198.0 742 3957 247 495 1731 2226 742 12120 247 9152 7667 989 2968 247 10636 28939 3463 247 4205 31659 247 989 495 6431 10636 247 7915 11378 247 11130 1484 2968 176847
199.0 736 3923 245 490 1716 2207 736 12015 245 9072 7601 981 2942 245 10543 28688 3433 245 4168 31385 245 981 490 6375 10543 245 7846 11279 245 11034 1471 2942 175315
200.0 729 3889 243 486 1702 2188 729 11911 243 8994 7535 972 2917 243 10452 28439 3403 243 4132 31113 243 972 486 6320 10452 243 7778 11181 243 10938 1458 2917 173796
201.0 723 3855 241 482 1687 2169 723 11807 241 8916 7470 964 2892 241 10362 28193 3374 241 4096 30844 241 964 482 6265 10362 241 7711 11084 241 10844 1446 2892 172291
202.0 717 3822 239 478 1672 2150 717 11705 239 8839 7405 956 2867 239 10272 27949 3344 239 4061 30577 239 956 478 6211 10272 239 7644 10989 239 10750 1433 2867 170800
203.0 710 3789 237 474 1658 2131 710 11604 237 8762 7341 947 2842 237 10183 27707 3315 237 4026 30312 237 947 474 6157 10183 237 7578 10893 237 10657 1421 2842 169321
204.0 704 3756 235 470 1643 2113 704 11503 235 8686 7278 939 2817 235 10095 27467 3287 235 3991 30050 235 939 470 6104 10095 235 7512 10799 235 10564 1409 2817 167856
205.0 698 3724 233 465 1629 2095 698 11404 233 8611 7215 931 2793 233 10008 27230 3258 233 3956 29790 233 931 465 6051 10008 233 7447 10706 233 10473 1396 2793 166404
206.0 692 3692 231 461 1615 2076 692 11305 231 8537 7152 923 2769 231 9921 26994 3230 231 3922 29532 231 923 461 5999 9921 231 7383 10613 231 10382 1384 2769 164965
207.0 686 3660 229 457 1601 2059 686 11207 229 8463 7090 915 2745 229 9835 26761 3202 229 3888 29277 229 915 457 5947 9835 229 7319 10521 229 10293 1372 2745 163538
208.0 680 3628 227 453 1587 2041 680 11111 227 8390 7029 907 2721 227 9750 26529 3174 227 3855 29024 227 907 453 5895 9750 227 7256 10430 227 10204 1360 2721 162124
209.0 674 3597 225 450 1574 2023 674 11015 225 8317 6968 899 2697 225 9666 26300 3147 225 3821 28773 225 899 450 5844 9666 225 7193 10340 225 10115 1349 2697 160723
210.0 669 3566 223 446 1560 2006 669 10919 223 8245 6908 891 2674 223 9582 26073 3120 223 3788 28524 223 891 446 5794 9582 223 7131 10251 223 10028 1337 2674 159334
211.0 663 3535 221 442 1546 1988 663 10825 221 8174 6848 884 2651 221 9500 25847 3093 221 3756 28278 221 884 442 5744 9500 221 7069 10162 221 9941 1326 2651 157957
212.0 657 3504 219 438 1533 1971 657 10731 219 8103 6789 876 2628 219 9417 25624 3066 219 3723 28033 219 876 438 5694 9417 219 7008 10074 219 9855 1314 2628 156592
213.0 651 3474 217 434 1520 1954 651 10639 217 8033 6731 868 2605 217 9336 25403 3040 217 3691 27791 217 868 434 5645 9336 217 6948 9987 217 9770 1303 2605 155240
214.0 646 3444 215 430 1507 1937 646 10547 215 7964 6673 861 2583 215 9255 25183 3013 215 3659 27551 215 861 430 5596 9255 215 6888 9901 215 9686 1291 2583 153899
215.0 640 3414 213 427 1494 1920 640 10456 213 7895 6615 854 2561 213 9176 24966 2987 213 3628 27313 213 854 427 5548 9176 213 6828 9816 213 9602 1280 2561 152570
216.0 635 3385 212 423 1481 1904 635 10366 212 7827 6558 846 2539 212 9096 24750 2962 212 3596 27077 212 846 423 5500 9096 212 6769 9731 212 9519 1269 2539 151253
217.0 629 3355 210 419 1468 1887 629 10276 210 7760 6501 839 2517 210 9018 24537 2936 210 3565 26844 210 839 419 5453 9018 210 6711 9647 210 9437 1258 2517 149947
218.0 624 3327 208 416 1455 1871 624 10187 208 7693 6445 832 2495 208 8940 24325 2911 208 3534 26612 208 832 416 5406 8940 208 6653 9564 208 9356 1247 2495 148653
219.0 618 3298 206 412 1443 1855 618 10100 206 7626 6389 824 2473 206 8863 24115 2886 206 3504 26382 206 824 412 5359 8863 206 6596 9481 206 9275 1237 2473 147370
220.0 613 3269 204 409 1430 1839 613 10012 204 7560 6334 817 2452 204 8786 23907 2861 204 3474 26155 204 817 409 5313 8786 204 6539 9399 204 9195 1226 2452 146099
221.0 608 3241 203 405 1418 1823 608 9926 203 7495 6280 810 2431 203 8711 23701 2836 203 3444 25929 203 810 405 5267 8711 203 6482 9318 203 9116 1215 2431 144838
222.0 602 3213 201 402 1406 1807 602 9840 201 7430 6226 803 2410 201 8635 23496 2812 201 3414 25705 201 803 402 5221 8635 201 6426 9238 201 9037 1205 2410 143589
223.0 597 3185 199 398 1394 1792 597 9755 199 7366 6172 796 2389 199 8561 23294 2787 199 3385 25484 199 796 398 5176 8561 199 6371 9158 199 8959 1195 2389 142351
224.0 592 3158 197 395 1382 1776 592 9671 197 7303 6119 789 2368 197 8487 23093 2763 197 3355 25264 197 789 395 5132 8487 197 6316 9079 197 8882 1184 2368 141123
225.0 587 3131 196 391 1370 1761 587 9588 196 7240 6066 783 2348 196 8414 22894 2739 196 3326 25046 196 783 391 5087 8414 196 6262 9001 196 8805 1174 2348 139906
226.0 582 3104 194 388 1358 1746 582 9505 194 7177 6014 776 2328 194 8341 22696 2716 194 3298 24830 194 776 388 5044 8341 194 6208 8923 194 8729 1164 2328 138700
227.0 577 3077 192 385 1346 1731 577 9423 192 7116 5962 769 2308 192 8269 22501 2692 192 3269 24616 192 769 385 5000 8269 192 6154 8846 192 8654 1154 2308 137504
228.0 572 3050 191 381 1335 1716 572 9342 191 7054 5910 763 2288 191 8198 22307 2669 191 3241 24404 191 763 381 4957 8198 191 6101 8770 191 8580 1144 2288 136319
229.0 567 3024 189 378 1323 1701 567 9262 189 6993 5859 756 2268 189 8128 22115 2646 189 3213 24194 189 756 378 4914 8128 189 6048 8695 189 8506 1134 2268 135144
230.0 562 2998 187 375 1312 1686 562 9182 187 6933 5809 750 2249 187 8058 21924 2623 187 3186 23985 187 750 375 4872 8058 187 5996 8620 187 8432 1124 2249 133980
231.0 557 2972 186 372 1300 1672 557 9103 186 6873 5759 743 2229 186 7988 21735 2601 186 3158 23778 186 743 372 4830 7988 186 5945 8545 186 8360 1115 2229 132825
232.0 553 2947 184 368 1289 1658 553 9024 184 6814 5709 737 2210 184 7919 21548 2578 184 3131 23574 184 737 368 4788 7919 184 5893 8472 184 8288 1105 2210 131681
233.0 548 2921 183 365 1278 1643 548 8947 183 6756 5660 730 2191 183 7851 21362 2556 183 3104 23370 183 730 365 4747 7851 183 5843 8399 183 8216 1095 2191 130546
234.0 543 2896 181 362 1267 1629 543 8869 181 6697 5611 724 2172 181 7783 21178 2534 181 3077 23169 181 724 362 4706 7783 181 5792 8326 181 8145 1086 2172 129421
235.0 538 2871 179 359 1256 1615 538 8793 179 6640 5563 718 2153 179 7716 20996 2512 179 3051 22970 179 718 359 4666 7716 179 5742 8255 179 8075 1077 2153 128307
236.0 534 2846 178 356 1245 1601 534 8717 178 6582 5515 712 2135 178 7650 20815 2491 178 3024 22772 178 712 356 4626 7650 178 5693 8184 178 8006 1067 2135 127201
237.0 529 2822 176 353 1235 1587 529 8642 176 6526 5468 705 2116 176 7584 20636 2469 176 2998 22576 176 705 353 4586 7584 176 5644 8113 176 7937 1058 2116 126106
238.0 525 2798 175 350 1224 1574 525 8568 175 6470 5420 699 2098 175 7519 20458 2448 175 2973 22381 175 699 350 4546 7519 175 5595 8043 175 7868 1049 2098 125020
239.0 520 2774 173 347 1213 1560 520 8494 173 6414 5374 693 2080 173 7454 20282 2427 173 2947 22188 173 693 347 4507 7454 173 5547 7974 173 7801 1040 2080 123943
240.0 516 2750 172 344 1203 1547 516 8421 172 6359 5327 687 2062 172 7390 20107 2406 172 2922 21997 172 687 344 4468 7390 172 5499 7905 172 7733 1031 2062 122876
241.0 511 2726 170 341 1193 1533 511 8348 170 6304 5282 682 2045 170 7326 19934 2385 170 2896 21808 170 682 341 4430 7326 170 5452 7837 170 7667 1022 2045 121818
242.0 507 2703 169 338 1182 1520 507 8277 169 6250 5236 676 2027 169 7263 19762 2365 169 2871 21620 169 676 338 4392 7263 169 5405 7770 169 7601 1013 2027 120769
243.0 502 2679 167 335 1172 1507 502 8205 167 6196 5191 670 2009 167 7201 19592 2344 167 2847 21434 167 670 335 4354 7201 167 5359 7703 167 7535 1005 2009 119730
244.0 498 2656 166 332 1162 1494 498 8135 166 6142 5146 664 1992 166 7139 19423 2324 166 2822 21250 166 664 332 4316 7139 166 5312 7637 166 7471 996 1992 118699
245.0 494 2633 165 329 1152 1481 494 8065 165 6090 5102 658 1975 165 7077 19256 2304 165 2798 21067 165 658 329 4279 7077 165 5267 7571 165 7406 988 1975 117677
246.0 490 2611 163 326 1142 1469 490 7995 163 6037 5058 653 1958 163 7016 19091 2284 163 2774 20885 163 653 326 4242 7016 163 5221 7506 163 7343 979 1958 116664
247.0 485 2588 162 324 1132 1456 485 7926 162 5985 5015 647 1941 162 6956 18926 2265 162 2750 20706 162 647 324 4206 6956 162 5176 7441 162 7279 971 1941 115660
248.0 481 2566 160 321 1123 1443 481 7858 160 5934 4971 641 1924 160 6896 18763 2245 160 2726 20527 160 641 321 4170 6896 160 5132 7377 160 7217 962 1924 114665
249.0 477 2544 159 318 1113 1431 477 7791 159 5883 4929 636 1908 159 6837 18602 2226 159 2703 20351 159 636 318 4134 6837 159 5088 7314 159 7155 954 1908 113678
250.0 473 2522 158 315 1103 1419 473 7723 158 5832 4886 630 1891 158 6778 18442 2207 158 2680 20176 158 630 315 4098 6778 158 5044 7251 158 7093 946 1891 112700
251.0 469 2500 156 313 1094 1406 469 7657 156 5782 4844 625 1875 156 6719 18283 2188 156 2657 20002 156 625 313 4063 6719 156 5001 7188 156 7032 938 1875 111730
252.0 465 2479 155 310 1084 1394 465 7591 155 5732 4803 620 1859 155 6662 18126 2169 155 2634 19830 155 620 310 4028 6662 155 4957 7126 155 6971 930 1859 110769
253.0 461 2457 154 307 1075 1382 461 7526 154 5683 4761 614 1843 154 6604 17970 2150 154 2611 19659 154 614 307 3993 6604 154 4915 7065 154 6911 922 1843 109816
254.0 457 2436 152 305 1066 1370 457 7461 152 5634 4720 609 1827 152 6547 17815 2132 152 2589 19490 152 609 305 3959 6547 152 4873 7004 152 6852 914 1827 108871
255.0 453 2415 151 302 1057 1359 453 7397 151 5585 4680 604 1811 151 6491 17662 2113 151 2566 19322 151 604 302 3925 6491 151 4831 6944 151 6793 906 1811 107934
256.0 449 2395 150 299 1048 1347 449 7333 150 5537 4639 599 1796 150 6435 17510 2095 150 2544 19156 150 599 299 3891 6435 150 4789 6884 150 6735 898 1796 107006
257.0 445 2374 148 297 1039 1335 445 7270 148 5490 4599 593 1780 148 6380 17359 2077 148 2522 18991 148 593 297 3858 6380 148 4748 6825 148 6677 890 1780 106085
258.0 441 2354 147 294 1030 1324 441 7208 147 5443 4560 588 1765 147 6325 17210 2059 147 2501 18828 147 588 294 3824 6325 147 4707 6766 147 6619 883 1765 105173
259.0 437 2333 146 292 1021 1312 437 7146 146 5396 4521 583 1750 146 6271 17062 2042 146 2479 18666 146 583 292 3792 6271 146 4667 6708 146 6562 875 1750 104268
260.0 434 2313 145 289 1012 1301 434 7084 145 5349 4482 578 1735 145 6217 16915 2024 145 2458 18506 145 578 289 3759 6217 145 4626 6650 145 6506 867 1735 103371
261.0 430 2293 143 287 1003 1290 430 7023 143 5303 4443 573 1720 143 6163 16770 2007 143 2437 18346 143 573 287 3727 6163 143 4587 6593 143 6450 860 1720 102482
262.0 426 2274 142 284 995 1279 426 6963 142 5258 4405 568 1705 142 6110 16626 1989 142 2416 18189 142 568 284 3695 6110 142 4547 6537 142 6394 853 1705 101601
263.0 423 2254 141 282 986 1268 423 6903 141 5212 4367 564 1691 141 6058 16483 1972 141 2395 18032 141 564 282 3663 6058 141 4508 6480 141 6339 845 1691 100727
264.0 419 2235 140 279 978 1257 419 6844 140 5168 4330 559 1676 140 6006 16341 1955 140 2374 17877 140 559 279 3631 6006 140 4469 6425 140 6285 838 1676 99860
265.0 415 2215 138 277 969 1246 415 6785 138 5123 4292 554 1662 138 5954 16200 1938 138 2354 17723 138 554 277 3600 5954 138 4431 6369 138 6231 831 1662 99002
266.0 412 2196 137 275 961 1235 412 6726 137 5079 4255 549 1647 137 5903 16061 1922 137 2334 17571 137 549 275 3569 5903 137 4393 6315 137 6177 824 1647 98150
267.0 408 2177 136 272 953 1225 408 6669 136 5035 4219 544 1633 136 5852 15923 1905 136 2314 17420 136 544 272 3538 5852 136 4355 6260 136 6124 817 1633 97306
268.0 405 2159 135 270 944 1214 405 6611 135 4992 4183 540 1619 135 5802 15786 1889 135 2294 17270 135 540 270 3508 5802 135 4318 6206 135 6072 810 1619 96469
269.0 401 2140 134 268 936 1204 401 6554 134 4949 4147 535 1605 134 5752 15650 1873 134 2274 17122 134 535 268 3478 5752 134 4280 6153 134 6019 803 1605 95640
270.0 398 2122 133 265 928 1194 398 6498 133 4907 4111 530 1591 133 5702 15516 1857 133 2254 16974 133 530 265 3448 5702 133 4244 6100 133 5968 796 1591 94817
271.0 394 2104 131 263 920 1183 394 6442 131 4864 4076 526 1578 131 5653 15382 1841 131 2235 16828 131 526 263 3418 5653 131 4207 6048 131 5916 789 1578 94002
272.0 391 2085 130 261 912 1173 391 6387 130 4823 4041 521 1564 130 5605 15250 1825 130 2216 16684 130 521 261 3389 5605 130 4171 5996 130 5865 782 1564 93194
273.0 388 2068 129 258 905 1163 388 6332 129 4781 4006 517 1551 129 5556 15119 1809 129 2197 16540 129 517 258 3360 5556 129 4135 5944 129 5815 775 1551 92393
274.0 384 2050 128 256 897 1153 384 6277 128 4740 3971 512 1537 128 5509 14989 1794 128 2178 16398 128 512 256 3331 5509 128 4100 5893 128 5765 769 1537 91598
275.0 381 2032 127 254 889 1143 381 6223 127 4699 3937 508 1524 127 5461 14860 1778 127 2159 16257 127 508 254 3302 5461 127 4064 5842 127 5715 762 1524 90811
276.0 378 2015 126 252 881 1133 378 6170 126 4659 3903 504 1511 126 5414 14732 1763 126 2141 16117 126 504 252 3274 5414 126 4029 5792 126 5666 755 1511 90030
277.0 375 1997 125 250 874 1124 375 6117 125 4619 3870 499 1498 125 5368 14606 1748 125 2122 15979 125 499 250 3246 5368 125 3995 5742 125 5618 749 1498 89256
278.0 371 1980 124 248 866 1114 371 6064 124 4579 3837 495 1485 124 5322 14480 1733 124 2104 15841 124 495 248 3218 5322 124 3960 5693 124 5569 743 1485 88489
279.0 368 1963 123 245 859 1104 368 6012 123 4540 3804 491 1472 123 5276 14355 1718 123 2086 15705 123 491 245 3190 5276 123 3926 5644 123 5521 736 1472 87728
280.0 365 1946 122 243 851 1095 365 5960 122 4501 3771 487 1460 122 5231 14232 1703 122 2068 15570 122 487 243 3163 5231 122 3893 5596 122 5474 730 1460 86974
281.0 362 1930 121 241 844 1085 362 5909 121 4462 3738 482 1447 121 5186 14110 1688 121 2050 15436 121 482 241 3135 5186 121 3859 5547 121 5427 724 1447 86226
282.0 359 1913 120 239 837 1076 359 5858 120 4424 3706 478 1435 120 5141 13988 1674 120 2033 15304 120 478 239 3109 5141 120 3826 5500 120 5380 717 1435 85485
283.0 356 1897 119 237 830 1067 356 5808 119 4386 3674 474 1422 119 5097 13868 1659 119 2015 15172 119 474 237 3082 5097 119 3793 5452 119 5334 711 1422 84750
284.0 353 1880 118 235 823 1058 353 5758 118 4348 3643 470 1410 118 5053 13749 1645 118 1998 15042 118 470 235 3055 5053 118 3760 5406 118 5288 705 1410 84021
285.0 350 1864 117 233 816 1049 350 5709 117 4311 3612 466 1398 117 5010 13631 1631 117 1981 14912 117 466 233 3029 5010 117 3728 5359 117 5243 699 1398 83299
286.0 347 1848 116 231 809 1040 347 5660 116 4274 3581 462 1386 116 4967 13514 1617 116 1964 14784 116 462 231 3003 4967 116 3696 5313 116 5198 693 1386 82583
287.0 344 1832 115 229 802 1031 344 5611 115 4237 3550 458 1374 115 4924 13397 1603 115 1947 14657 115 458 229 2977 4924 115 3664 5267 115 5153 687 1374 81873
288.0 341 1816 114 227 795 1022 341 5563 114 4200 3519 454 1362 114 4882 13282 1589 114 1930 14531 114 454 227 2952 4882 114 3633 5222 114 5109 681 1362 81169
289.0 338 1801 113 225 788 1013 338 5515 113 4164 3489 450 1351 113 4840 13168 1576 113 1913 14406 113 450 225 2926 4840 113 3602 5177 113 5065 675 1351 80472
290.0 335 1785 112 223 781 1004 335 5467 112 4128 3459 446 1339 112 4798 13055 1562 112 1897 14282 112 446 223 2901 4798 112 3571 5133 112 5021 669 1339 79780
291.0 332 1770 111 221 774 996 332 5420 111 4093 3429 442 1327 111 4757 12943 1549 111 1881 14160 111 442 221 2876 4757 111 3540 5089 111 4978 664 1327 79094
292.0 329 1755 110 219 768 987 329 5374 110 4058 3400 439 1316 110 4716 12831 1535 110 1864 14038 110 439 219 2851 4716 110 3509 5045 110 4935 658 1316 78414
293.0 326 1740 109 217 761 979 326 5328 109 4023 3371 435 1305 109 4675 12721 1522 109 1848 13917 109 435 217 2827 4675 109 3479 5001 109 4893 652 1305 77740
294.0 323 1725 108 216 755 970 323 5282 108 3988 3342 431 1294 108 4635 12612 1509 108 1832 13798 108 431 216 2803 4635 108 3449 4958 108 4851 647 1294 77072
295.0 321 1710 107 214 748 962 321 5236 107 3954 3313 427 1282 107 4595 12503 1496 107 1817 13679 107 427 214 2779 4595 107 3420 4916 107 4809 641 1282 76410
296.0 318 1695 106 212 742 954 318 5191 106 3920 3284 424 1271 106 4556 12396 1483 106 1801 13561 106 424 212 2755 4556 106 3390 4874 106 4768 636 1271 75753
297.0 315 1681 105 210 735 945 315 5147 105 3886 3256 420 1260 105 4517 12289 1471 105 1786 13445 105 420 210 2731 4517 105 3361 4832 105 4727 630 1260 75102
298.0 312 1666 104 208 729 937 312 5103 104 3853 3228 417 1250 104 4478 12184 1458 104 1770 13329 104 417 208 2708 4478 104 3332 4790 104 4686 625 1250 74457
299.0 310 1652 103 206 723 929 310 5059 103 3820 3200 413 1239 103 4439 12079 1445 103 1755 13215 103 413 206 2684 4439 103 3304 4749 103 4646 619 1239 73817
300.0 307 1638 102 205 716 921 307 5015 102 3787 3173 409 1228 102 4401 11975 1433 102 1740 13101 102 409 205 2661 4401 102 3275 4708 102 4606 614 1228 73182
301.0 304 1624 101 203 710 913 304 4972 101 3755 3146 406 1218 101 4363 11872 1421 101 1725 12989 101 406 203 2638 4363 101 3247 4668 101 4566 609 1218 72553
302.0 302 1610 101 201 704 905 302 4929 101 3722 3119 402 1207 101 4326 11770 1408 101 1710 12877 101 402 201 2616 4326 101 3219 4628 101 4527 604 1207 71930
303.0 299 1596 100 199 698 898 299 4887 100 3690 3092 399 1197 100 4289 11669 1396 100 1696 12766 100 399 199 2593 4289 100 3192 4588 100 4488 598 1197 71312
304.0 297 1582 99 198 692 890 297 4845 99 3659 3065 396 1187 99 4252 11569 1384 99 1681 12657 99 396 198 2571 4252 99 3164 4548 99 4450 593 1187 70699
305.0 294 1568 98 196 686 882 294 4803 98 3627 3039 392 1176 98 4215 11469 1372 98 1667 12548 98 392 196 2549 4215 98 3137 4509 98 4411 588 1176 70091
306.0 292 1555 97 194 680 875 292 4762 97 3596 3013 389 1166 97 4179 11371 1361 97 1652 12440 97 389 194 2527 4179 97 3110 4471 97 4373 583 1166 69489
307.0 289 1542 96 193 674 867 289 4721 96 3565 2987 385 1156 96 4143 11273 1349 96 1638 12333 96 385 193 2505 4143 96 3083 4432 96 4336 578 1156 68892
308.0 287 1528 96 191 669 860 287 4681 96 3534 2961 382 1146 96 4108 11176 1337 96 1624 12227 96 382 191 2484 4108 96 3057 4394 96 4299 573 1146 68300
309.0 284 1515 95 189 663 852 284 4640 95 3504 2936 379 1136 95 4072 11080 1326 95 1610 12122 95 379 189 2462 4072 95 3030 4356 95 4262 568 1136 67713
310.0 282 1502 94 188 657 845 282 4601 94 3474 2911 376 1127 94 4037 10985 1314 94 1596 12018 94 376 188 2441 4037 94 3004 4319 94 4225 563 1127 67131
311.0 279 1489 93 186 652 838 279 4561 93 3444 2886 372 1117 93 4003 10891 1303 93 1582 11915 93 372 186 2420 4003 93 2979 4282 93 4189 558 1117 66554
312.0 277 1477 92 185 646 831 277 4522 92 3414 2861 369 1107 92 3968 10797 1292 92 1569 11812 92 369 185 2399 3968 92 2953 4245 92 4153 554 1107 65982
313.0 274 1464 91 183 640 823 274 4483 91 3385 2836 366 1098 91 3934 10704 1281 91 1555 11711 91 366 183 2379 3934 91 2928 4209 91 4117 549 1098 65415
314.0 272 1451 91 181 635 816 272 4444 91 3356 2812 363 1088 91 3900 10612 1270 91 1542 11610 91 363 181 2358 3900 91 2902 4172 91 4082 544 1088 64853
315.0 270 1439 90 180 629 809 270 4406 90 3327 2788 360 1079 90 3867 10521 1259 90 1529 11510 90 360 180 2338 3867 90 2878 4136 90 4047 540 1079 64295
316.0 267 1426 89 178 624 802 267 4368 89 3299 2764 357 1070 89 3833 10431 1248 89 1516 11411 89 357 178 2318 3833 89 2853 4101 89 4012 535 1070 63743
317.0 265 1414 88 177 619 795 265 4331 88 3270 2740 354 1061 88 3801 10341 1237 88 1503 11313 88 354 177 2298 3801 88 2828 4066 88 3977 530 1061 63195
318.0 263 1402 88 175 613 789 263 4294 88 3242 2716 351 1052 88 3768 10252 1227 88 1490 11216 88 351 175 2278 3768 88 2804 4031 88 3943 526 1052 62652
319.0 261 1390 87 174 608 782 261 4257 87 3214 2693 347 1042 87 3736 10164 1216 87 1477 11120 87 347 174 2259 3736 87 2780 3996 87 3909 521 1042 62114
320.0 258 1378 86 172 603 775 258 4220 86 3187 2670 345 1034 86 3703 10077 1206 86 1464 11024 86 345 172 2239 3703 86 2756 3962 86 3876 517 1034 61580
321.0 256 1366 85 171 598 768 256 4184 85 3159 2647 342 1025 85 3672 9990 1195 85 1452 10929 85 342 171 2220 3672 85 2732 3928 85 3842 512 1025 61051
322.0 254 1354 85 169 593 762 254 4148 85 3132 2624 339 1016 85 3640 9904 1185 85 1439 10835 85 339 169 2201 3640 85 2709 3894 85 3809 508 1016 60526
323.0 252 1343 84 168 587 755 252 4112 84 3105 2602 336 1007 84 3609 9819 1175 84 1427 10742 84 336 168 2182 3609 84 2686 3861 84 3777 504 1007 60006
324.0 250 1331 83 166 582 749 250 4077 83 3079 2579 333 998 83 3578 9735 1165 83 1414 10650 83 333 166 2163 3578 83 2663 3827 83 3744 499 998 59490
325.0 247 1320 82 165 577 742 247 4042 82 3052 2557 330 990 82 3547 9651 1155 82 1402 10559 82 330 165 2145 3547 82 2640 3794 82 3712 495 990 58979
326.0 245 1308 82 164 572 736 245 4007 82 3026 2535 327 981 82 3517 9568 1145 82 1390 10468 82 327 164 2126 3517 82 2617 3762 82 3680 491 981 58472
327.0 243 1297 81 162 568 730 243 3973 81 3000 2513 324 973 81 3486 9486 1135 81 1378 10378 81 324 162 2108 3486 81 2594 3730 81 3648 486 973 57970
328.0 241 1286 80 161 563 723 241 3939 80 2974 2492 322 965 80 3456 9404 1125 80 1366 10289 80 322 161 2090 3456 80 2572 3697 80 3617 482 965 57472
329.0 239 1275 80 159 558 717 239 3905 80 2949 2470 319 956 80 3427 9324 1116 80 1355 10200 80 319 159 2072 3427 80 2550 3666 80 3586 478 956 56978
330.0 237 1264 79 158 553 711 237 3871 79 2923 2449 316 948 79 3397 9244 1106 79 1343 10113 79 316 158 2054 3397 79 2528 3634 79 3555 474 948 56488
331.0 235 1253 78 157 548 705 235 3838 78 2898 2428 313 940 78 3368 9164 1097 78 1332 10026 78 313 157 2036 3368 78 2506 3603 78 3525 470 940 56003
332.0 233 1242 78 155 544 699 233 3805 78 2873 2407 311 932 78 3339 9085 1087 78 1320 9940 78 311 155 2019 3339 78 2485 3572 78 3494 466 932 55522
333.0 231 1232 77 154 539 693 231 3772 77 2848 2387 308 924 77 3310 9007 1078 77 1309 9854 77 308 154 2002 3310 77 2464 3541 77 3464 462 924 55045
334.0 229 1221 76 153 534 687 229 3740 76 2824 2366 305 916 76 3282 8930 1069 76 1298 9769 76 305 153 1984 3282 76 2442 3511 76 3435 458 916 54572
335.0 227 1211 76 151 530 681 227 3708 76 2800 2346 303 908 76 3254 8853 1059 76 1286 9686 76 303 151 1967 3254 76 2421 3481 76 3405 454 908 54103
336.0 225 1200 75 150 525 675 225 3676 75 2776 2326 300 900 75 3226 8777 1050 75 1275 9602 75 300 150 1950 3226 75 2401 3451 75 3376 450 900 53638
337.0 223 1190 74 149 521 669 223 3644 74 2752 2306 297 892 74 3198 8702 1041 74 1264 9520 74 297 149 1934 3198 74 2380 3421 74 3347 446 892 53177
338.0 221 1180 74 147 516 664 221 3613 74 2728 2286 295 885 74 3171 8627 1032 74 1253 9438 74 295 147 1917 3171 74 2359 3392 74 3318 442 885 52720
339.0 219 1170 73 146 512 658 219 3582 73 2705 2266 292 877 73 3143 8553 1023 73 1243 9357 73 292 146 1901 3143 73 2339 3363 73 3290 439 877 52267
340.0 217 1160 72 145 507 652 217 3551 72 2681 2247 290 870 72 3116 8479 1015 72 1232 9276 72 290 145 1884 3116 72 2319 3334 72 3261 435 870 51818
341.0 216 1150 72 144 503 647 216 3521 72 2658 2227 287 862 72 3090 8406 1006 72 1221 9197 72 287 144 1868 3090 72 2299 3305 72 3233 431 862 51373
342.0 214 1140 71 142 499 641 214 3490 71 2636 2208 285 855 71 3063 8334 997 71 1211 9118 71 285 142 1852 3063 71 2279 3277 71 3205 427 855 50931
343.0 212 1130 71 141 494 636 212 3460 71 2613 2189 282 847 71 3037 8263 989 71 1201 9039 71 282 141 1836 3037 71 2260 3249 71 3178 424 847 50494
344.0 210 1120 70 140 490 630 210 3431 70 2591 2170 280 840 70 3011 8192 980 70 1190 8962 70 280 140 1820 3011 70 2240 3221 70 3151 420 840 50060
345.0 208 1111 69 139 486 625 208 3401 69 2568 2152 278 833 69 2985 8121 972 69 1180 8885 69 278 139 1805 2985 69 2221 3193 69 3124 416 833 49630
346.0 206 1101 69 138 482 619 206 3372 69 2546 2133 275 826 69 2959 8051 963 69 1170 8808 69 275 138 1789 2959 69 2202 3166 69 3097 413 826 49203
347.0 205 1092 68 136 478 614 205 3343 68 2524 2115 273 819 68 2934 7982 955 68 1160 8733 68 273 136 1774 2934 68 2183 3138 68 3070 409 819 48780
348.0 203 1082 68 135 473 609 203 3314 68 2503 2097 271 812 68 2908 7914 947 68 1150 8658 68 271 135 1759 2908 68 2164 3111 68 3044 406 812 48361
349.0 201 1073 67 134 469 604 201 3286 67 2481 2079 268 805 67 2883 7846 939 67 1140 8583 67 268 134 1743 2883 67 2146 3085 67 3018 402 805 47946
350.0 199 1064 66 133 465 598 199 3258 66 2460 2061 266 798 66 2859 7778 931 66 1130 8510 66 266 133 1728 2859 66 2127 3058 66 2992 399 798 47534
351.0 198 1055 66 132 461 593 198 3230 66 2439 2043 264 791 66 2834 7711 923 66 1120 8436 66 264 132 1714 2834 66 2109 3032 66 2966 395 791 47125
352.0 196 1045 65 131 457 588 196 3202 65 2418 2026 261 784 65 2810 7645 915 65 1111 8364 65 261 131 1699 2810 65 2091 3006 65 2940 392 784 46720
353.0 194 1037 65 130 453 583 194 3174 65 2397 2008 259 777 65 2786 7579 907 65 1101 8292 65 259 130 1684 2786 65 2073 2980 65 2915 389 777 46319
354.0 193 1028 64 128 450 578 193 3147 64 2376 1991 257 771 64 2762 7514 899 64 1092 8221 64 257 128 1670 2762 64 2055 2954 64 2890 385 771 45921
355.0 191 1019 64 127 446 573 191 3120 64 2356 1974 255 764 64 2738 7450 891 64 1082 8150 64 255 127 1656 2738 64 2038 2929 64 2865 382 764 45526
356.0 189 1010 63 126 442 568 189 3093 63 2336 1957 253 758 63 2714 7386 884 63 1073 8080 63 253 126 1641 2714 63 2020 2904 63 2841 379 758 45135
357.0 188 1001 63 125 438 563 188 3067 63 2316 1940 250 751 63 2691 7322 876 63 1064 8011 63 250 125 1627 2691 63 2003 2879 63 2816 376 751 44747
358.0 186 993 62 124 434 558 186 3040 62 2296 1923 248 745 62 2668 7259 869 62 1055 7942 62 248 124 1613 2668 62 1985 2854 62 2792 372 745 44363
359.0 185 984 62 123 431 554 185 3014 62 2276 1907 246 738 62 2645 7197 861 62 1046 7874 62 246 123 1599 2645 62 1968 2830 62 2768 369 738 43982
360.0 183 976 61 122 427 549 183 2988 61 2256 1891 244 732 61 2622 7135 854 61 1037 7806 61 244 122 1586 2622 61 1952 2805 61 2744 366 732 43604
361.0 181 967 60 121 423 544 181 2963 60 2237 1874 242 726 60 2600 7074 846 60 1028 7739 60 242 121 1572 2600 60 1935 2781 60 2721 363 726 43229
362.0 180 959 60 120 420 539 180 2937 60 2218 1858 240 719 60 2577 7013 839 60 1019 7672 60 240 120 1558 2577 60 1918 2757 60 2697 360 719 42858
363.0 178 951 59 119 416 535 178 2912 59 2199 1842 238 713 59 2555 6953 832 59 1010 7607 59 238 119 1545 2555 59 1902 2734 59 2674 357 713 42490
364.0 177 943 59 118 412 530 177 2887 59 2180 1826 236 707 59 2533 6893 825 59 1002 7541 59 236 118 1532 2533 59 1885 2710 59 2651 353 707 42124
365.0 175 935 58 117 409 526 175 2862 58 2161 1811 234 701 58 2512 6834 818 58 993 7476 58 234 117 1519 2512 58 1869 2687 58 2628 350 701 41762
