Covid-19 Recovered Estimated by PSD Model @ CDS/IISc
Day AN AP AR AS BR CH CT DL GA GJ HR HP JK JH KA KL LA LD MP MH MN OR PY PB RJ SK TN TG TR UP UT WB Total
0.0 0 0 0 0 0 0 0 0 0 0 0 0 0 0 0 0 0 0 0 0 0 0 0 0 0 0 0 0 0 0 0 0 0
1.0 0 0 0 0 0 0 0 1 0 1 1 0 0 0 1 3 0 0 0 3 0 0 0 1 1 0 1 1 0 1 0 0 16
2.0 0 0 0 0 0 0 0 1 0 1 1 0 0 0 1 3 0 0 0 4 0 0 0 1 1 0 1 1 0 1 0 0 20
3.0 0 1 0 0 0 0 0 2 0 1 1 0 0 0 1 4 0 0 1 4 0 0 0 1 1 0 1 1 0 1 0 0 23
4.0 0 1 0 0 0 0 0 2 0 1 1 0 0 0 2 4 1 0 1 5 0 0 0 1 2 0 1 2 0 2 0 0 26
5.0 0 1 0 0 0 0 0 2 0 2 1 0 0 0 2 5 1 0 1 5 0 0 0 1 2 0 1 2 0 2 0 0 29
6.0 0 1 0 0 0 0 0 2 0 2 1 0 1 0 2 5 1 0 1 6 0 0 0 1 2 0 1 2 0 2 0 1 33
7.0 0 1 0 0 0 0 0 3 0 2 2 0 1 0 2 6 1 0 1 7 0 0 0 1 2 0 2 2 0 2 0 1 38
8.0 0 1 0 0 0 1 0 3 0 2 2 0 1 0 3 7 1 0 1 8 0 0 0 2 3 0 2 3 0 3 0 1 43
9.0 0 1 0 0 0 1 0 3 0 3 2 0 1 0 3 8 1 0 1 9 0 0 0 2 3 0 2 3 0 3 0 1 49
10.0 0 1 0 0 1 1 0 4 0 3 2 0 1 0 3 9 1 0 1 10 0 0 0 2 3 0 2 4 0 3 0 1 55
11.0 0 1 0 0 1 1 0 4 0 3 3 0 1 0 4 10 1 0 1 11 0 0 0 2 4 0 3 4 0 4 1 1 63
12.0 0 2 0 0 1 1 0 5 0 4 3 0 1 0 4 12 1 0 2 13 0 0 0 3 4 0 3 5 0 4 1 1 71
13.0 0 2 0 0 1 1 0 6 0 4 3 0 1 0 5 13 2 0 2 14 0 0 0 3 5 0 4 5 0 5 1 1 80
14.0 0 2 0 0 1 1 0 6 0 5 4 1 2 0 5 15 2 0 2 16 0 1 0 3 5 0 4 6 0 6 1 2 91
15.0 0 2 0 0 1 1 0 7 0 5 4 1 2 0 6 17 2 0 2 18 0 1 0 4 6 0 5 7 0 6 1 2 103
16.0 0 3 0 0 1 1 0 8 0 6 5 1 2 0 7 19 2 0 3 21 0 1 0 4 7 0 5 7 0 7 1 2 116
17.0 1 3 0 0 1 2 1 9 0 7 6 1 2 0 8 21 3 0 3 23 0 1 0 5 8 0 6 8 0 8 1 2 130
18.0 1 3 0 0 1 2 1 10 0 8 6 1 2 0 9 24 3 0 3 26 0 1 0 5 9 0 6 9 0 9 1 2 145
19.0 1 4 0 0 2 2 1 11 0 8 7 1 3 0 10 26 3 0 4 29 0 1 0 6 10 0 7 10 0 10 1 3 162
20.0 1 4 0 1 2 2 1 12 0 9 8 1 3 0 11 29 4 0 4 32 0 1 1 7 11 0 8 12 0 11 2 3 179
21.0 1 4 0 1 2 2 1 14 0 10 9 1 3 0 12 32 4 0 5 35 0 1 1 7 12 0 9 13 0 12 2 3 197
22.0 1 5 0 1 2 3 1 15 0 11 9 1 4 0 13 35 4 0 5 39 0 1 1 8 13 0 10 14 0 14 2 4 217
23.0 1 5 0 1 2 3 1 16 0 12 10 1 4 0 14 39 5 0 6 42 0 1 1 9 14 0 11 15 0 15 2 4 237
24.0 1 6 0 1 3 3 1 18 0 13 11 1 4 0 16 42 5 0 6 46 0 1 1 9 16 0 12 17 0 16 2 4 259
25.0 1 6 0 1 3 4 1 19 0 15 12 2 5 0 17 46 6 0 7 51 0 2 1 10 17 0 13 18 0 18 2 5 282
26.0 1 7 0 1 3 4 1 21 0 16 13 2 5 0 18 50 6 0 7 55 0 2 1 11 18 0 14 20 0 19 3 5 307
27.0 1 7 0 1 3 4 1 23 0 17 14 2 6 0 20 55 7 0 8 60 0 2 1 12 20 0 15 21 0 21 3 6 334
28.0 2 8 1 1 4 5 2 25 1 19 16 2 6 1 22 59 7 1 9 65 1 2 1 13 22 1 16 23 1 23 3 6 363
29.0 2 9 1 1 4 5 2 27 1 20 17 2 7 1 24 64 8 1 9 70 1 2 1 14 24 1 18 25 1 25 3 7 393
30.0 2 10 1 1 4 5 2 29 1 22 18 2 7 1 26 70 8 1 10 76 1 2 1 15 26 1 19 27 1 27 4 7 426
31.0 2 10 1 1 5 6 2 32 1 24 20 3 8 1 28 75 9 1 11 83 1 3 1 17 28 1 21 30 1 29 4 8 461
32.0 2 11 1 1 5 6 2 34 1 26 22 3 8 1 30 82 10 1 12 89 1 3 1 18 30 1 22 32 1 31 4 8 499
33.0 2 12 1 2 5 7 2 37 1 28 23 3 9 1 33 88 11 1 13 97 1 3 2 20 33 1 24 35 1 34 5 9 541
34.0 2 13 1 2 6 7 2 40 1 30 25 3 10 1 35 96 11 1 14 105 1 3 2 21 35 1 26 38 1 37 5 10 584
35.0 3 14 1 2 6 8 3 43 1 33 27 4 11 1 38 103 12 1 15 113 1 4 2 23 38 1 28 41 1 40 5 11 631
36.0 3 15 1 2 7 9 3 47 1 35 30 4 11 1 41 112 13 1 16 122 1 4 2 25 41 1 30 44 1 43 6 11 681
37.0 3 16 1 2 7 9 3 50 1 38 32 4 12 1 44 120 14 1 17 132 1 4 2 27 44 1 33 47 1 46 6 12 735
38.0 3 18 1 2 8 10 3 54 1 41 34 4 13 1 48 129 15 1 19 142 1 4 2 29 48 1 35 51 1 50 7 13 790
39.0 4 19 1 2 8 11 4 58 1 44 37 5 14 1 51 139 17 1 20 152 1 5 2 31 51 1 38 55 1 53 7 14 849
40.0 4 20 1 3 9 11 4 62 1 47 39 5 15 1 55 149 18 1 22 163 1 5 3 33 55 1 41 59 1 57 8 15 910
41.0 4 22 1 3 10 12 4 67 1 50 42 5 16 1 59 159 19 1 23 174 1 5 3 35 59 1 44 63 1 61 8 16 973
42.0 4 23 1 3 10 13 4 71 1 54 45 6 17 1 62 170 20 1 25 186 1 6 3 38 62 1 46 67 1 65 9 17 1038
43.0 5 25 2 3 11 14 5 76 2 57 48 6 19 2 66 181 22 2 26 198 2 6 3 40 66 2 49 71 2 70 9 19 1105
44.0 5 26 2 3 11 15 5 80 2 61 51 7 20 2 71 192 23 2 28 210 2 7 3 43 71 2 53 76 2 74 10 20 1174
45.0 5 28 2 3 12 16 5 85 2 64 54 7 21 2 75 204 24 2 30 223 2 7 3 45 75 2 56 80 2 78 10 21 1244
46.0 6 29 2 4 13 17 6 90 2 68 57 7 22 2 79 215 26 2 31 236 2 7 4 48 79 2 59 85 2 83 11 22 1316
47.0 6 31 2 4 14 17 6 95 2 72 60 8 23 2 83 227 27 2 33 248 2 8 4 50 83 2 62 89 2 87 12 23 1388
48.0 6 33 2 4 14 18 6 100 2 76 63 8 25 2 88 239 29 2 35 261 2 8 4 53 88 2 65 94 2 92 12 25 1461
49.0 6 34 2 4 15 19 6 105 2 79 66 9 26 2 92 251 30 2 36 274 2 9 4 56 92 2 69 99 2 97 13 26 1533
50.0 7 36 2 4 16 20 7 110 2 83 70 9 27 2 97 263 31 2 38 287 2 9 4 58 97 2 72 103 2 101 13 27 1606
51.0 7 38 2 5 16 21 7 115 2 87 73 9 28 2 101 274 33 2 40 300 2 9 5 61 101 2 75 108 2 106 14 28 1677
52.0 7 39 2 5 17 22 7 119 2 90 75 10 29 2 105 285 34 2 41 312 2 10 5 63 105 2 78 112 2 110 15 29 1741
53.0 8 40 3 5 18 23 8 123 3 93 78 10 30 3 108 294 35 3 43 322 3 10 5 65 108 3 81 116 3 113 15 30 1799
54.0 8 42 3 5 18 23 8 127 3 96 81 10 31 3 112 304 36 3 44 332 3 10 5 68 112 3 83 119 3 117 16 31 1857
55.0 8 43 3 5 19 24 8 131 3 99 83 11 32 3 115 314 38 3 46 343 3 11 5 70 115 3 86 123 3 121 16 32 1916
56.0 8 44 3 6 19 25 8 135 3 102 86 11 33 3 119 323 39 3 47 354 3 11 6 72 119 3 88 127 3 124 17 33 1975
57.0 9 46 3 6 20 26 9 139 3 105 88 11 34 3 122 333 40 3 48 364 3 11 6 74 122 3 91 131 3 128 17 34 2035
58.0 9 47 3 6 21 26 9 144 3 108 91 12 35 3 126 343 41 3 50 375 3 12 6 76 126 3 94 135 3 132 18 35 2096
59.0 9 48 3 6 21 27 9 148 3 112 94 12 36 3 130 353 42 3 51 386 3 12 6 78 130 3 97 139 3 136 18 36 2157
60.0 9 50 3 6 22 28 9 152 3 115 96 12 37 3 134 363 43 3 53 397 3 12 6 81 134 3 99 143 3 140 19 37 2220
61.0 10 51 3 6 22 29 10 157 3 118 99 13 38 3 137 374 45 3 54 409 3 13 6 83 137 3 102 147 3 144 19 38 2284
62.0 10 53 3 7 23 30 10 161 3 122 102 13 39 3 141 384 46 3 56 420 3 13 7 85 141 3 105 151 3 148 20 39 2349
63.0 10 54 3 7 24 30 10 165 3 125 105 14 41 3 145 395 47 3 57 432 3 14 7 88 145 3 108 155 3 152 20 41 2415
64.0 10 56 3 7 24 31 10 170 3 128 108 14 42 3 149 406 49 3 59 444 3 14 7 90 149 3 111 160 3 156 21 42 2483
65.0 11 57 4 7 25 32 11 175 4 132 111 14 43 4 153 418 50 4 61 457 4 14 7 93 153 4 114 164 4 161 21 43 2552
66.0 11 59 4 7 26 33 11 180 4 136 114 15 44 4 158 429 51 4 62 469 4 15 7 95 158 4 117 169 4 165 22 44 2622
67.0 11 60 4 8 26 34 11 185 4 139 117 15 45 4 162 441 53 4 64 482 4 15 8 98 162 4 121 173 4 170 23 45 2694
68.0 12 62 4 8 27 35 12 190 4 143 120 15 46 4 166 453 54 4 66 496 4 15 8 101 166 4 124 178 4 174 23 46 2768
69.0 12 64 4 8 28 36 12 195 4 147 123 16 48 4 171 465 56 4 68 509 4 16 8 103 171 4 127 183 4 179 24 48 2844
70.0 12 65 4 8 29 37 12 200 4 151 127 16 49 4 176 478 57 4 69 523 4 16 8 106 176 4 131 188 4 184 25 49 2922
71.0 13 67 4 8 29 38 13 206 4 155 130 17 50 4 180 491 59 4 71 537 4 17 8 109 180 4 134 193 4 189 25 50 3001
72.0 13 69 4 9 30 39 13 211 4 160 134 17 52 4 185 504 60 4 73 552 4 17 9 112 185 4 138 198 4 194 26 52 3083
73.0 13 71 4 9 31 40 13 217 4 164 137 18 53 4 190 518 62 4 75 567 4 18 9 115 190 4 142 204 4 199 27 53 3166
74.0 14 73 5 9 32 41 14 223 5 168 141 18 55 5 196 532 64 5 77 582 5 18 9 118 196 5 146 209 5 205 27 55 3252
75.0 14 75 5 9 33 42 14 229 5 173 145 19 56 5 201 546 65 5 79 598 5 19 9 121 201 5 149 215 5 210 28 56 3340
76.0 14 77 5 10 34 43 14 235 5 177 149 19 58 5 206 561 67 5 82 614 5 19 10 125 206 5 153 221 5 216 29 58 3430
77.0 15 79 5 10 34 44 15 241 5 182 153 20 59 5 212 576 69 5 84 630 5 20 10 128 212 5 158 227 5 222 30 59 3522
78.0 15 81 5 10 35 46 15 248 5 187 157 20 61 5 217 592 71 5 86 647 5 20 10 131 217 5 162 233 5 228 30 61 3616
79.0 16 83 5 10 36 47 16 254 5 192 161 21 62 5 223 607 73 5 88 665 5 21 10 135 223 5 166 239 5 234 31 62 3712
80.0 16 85 5 11 37 48 16 261 5 197 165 21 64 5 229 624 75 5 91 682 5 21 11 139 229 5 171 245 5 240 32 64 3811
81.0 16 88 5 11 38 49 16 268 5 202 170 22 66 5 235 640 77 5 93 700 5 22 11 142 235 5 175 252 5 246 33 66 3911
82.0 17 90 6 11 39 51 17 275 6 208 174 22 67 6 241 657 79 6 95 719 6 22 11 146 241 6 180 258 6 253 34 67 4014
83.0 17 92 6 12 40 52 17 282 6 213 179 23 69 6 248 674 81 6 98 737 6 23 12 150 248 6 184 265 6 259 35 69 4118
84.0 18 95 6 12 41 53 18 290 6 219 183 24 71 6 254 691 83 6 100 756 6 24 12 154 254 6 189 272 6 266 35 71 4225
85.0 18 97 6 12 42 55 18 297 6 224 188 24 73 6 261 709 85 6 103 776 6 24 12 158 261 6 194 279 6 273 36 73 4334
86.0 19 99 6 12 44 56 19 305 6 230 193 25 75 6 267 727 87 6 106 796 6 25 12 162 267 6 199 286 6 280 37 75 4446
87.0 19 102 6 13 45 57 19 312 6 236 198 26 77 6 274 746 89 6 108 816 6 26 13 166 274 6 204 293 6 287 38 77 4559
88.0 20 105 7 13 46 59 20 320 7 242 203 26 78 7 281 765 92 7 111 837 7 26 13 170 281 7 209 301 7 294 39 78 4675
89.0 20 107 7 13 47 60 20 328 7 248 208 27 80 7 288 784 94 7 114 858 7 27 13 174 288 7 214 308 7 302 40 80 4792
90.0 21 110 7 14 48 62 21 337 7 254 213 27 82 7 295 804 96 7 117 879 7 27 14 179 295 7 220 316 7 309 41 82 4912
91.0 21 113 7 14 49 63 21 345 7 261 218 28 84 7 303 824 99 7 120 901 7 28 14 183 303 7 225 324 7 317 42 84 5034
92.0 22 115 7 14 51 65 22 354 7 267 224 29 87 7 310 844 101 7 123 923 7 29 14 188 310 7 231 332 7 325 43 87 5159
93.0 22 118 7 15 52 67 22 362 7 273 229 30 89 7 318 865 103 7 126 946 7 30 15 192 318 7 237 340 7 333 44 89 5285
94.0 23 121 8 15 53 68 23 371 8 280 235 30 91 8 326 886 106 8 129 969 8 30 15 197 326 8 242 348 8 341 45 91 5414
95.0 23 124 8 16 54 70 23 380 8 287 240 31 93 8 333 907 109 8 132 993 8 31 16 202 333 8 248 357 8 349 47 93 5544
96.0 24 127 8 16 56 71 24 389 8 294 246 32 95 8 341 929 111 8 135 1016 8 32 16 206 341 8 254 365 8 357 48 95 5677
97.0 24 130 8 16 57 73 24 398 8 301 252 33 98 8 350 951 114 8 138 1041 8 33 16 211 350 8 260 374 8 366 49 98 5812
98.0 25 133 8 17 58 75 25 408 8 308 258 33 100 8 358 974 116 8 141 1065 8 33 17 216 358 8 266 383 8 374 50 100 5950
99.0 26 136 9 17 60 77 26 417 9 315 264 34 102 9 366 996 119 9 145 1090 9 34 17 221 366 9 273 392 9 383 51 102 6089
100.0 26 139 9 17 61 78 26 427 9 322 270 35 105 9 375 1020 122 9 148 1115 9 35 17 227 375 9 279 401 9 392 52 105 6230
101.0 27 143 9 18 62 80 27 437 9 330 276 36 107 9 383 1043 125 9 152 1141 9 36 18 232 383 9 285 410 9 401 53 107 6374
102.0 27 146 9 18 64 82 27 447 9 337 283 36 109 9 392 1067 128 9 155 1167 9 36 18 237 392 9 292 419 9 410 55 109 6520
103.0 28 149 9 19 65 84 28 457 9 345 289 37 112 9 401 1091 131 9 159 1194 9 37 19 242 401 9 298 429 9 420 56 112 6668
104.0 29 153 10 19 67 86 29 467 10 353 296 38 114 10 410 1116 133 10 162 1220 10 38 19 248 410 10 305 439 10 429 57 114 6817
105.0 29 156 10 19 68 88 29 478 10 361 302 39 117 10 419 1140 136 10 166 1248 10 39 19 253 419 10 312 448 10 439 58 117 6969
106.0 30 159 10 20 70 90 30 488 10 369 309 40 120 10 428 1166 139 10 169 1275 10 40 20 259 428 10 319 458 10 448 60 120 7123
107.0 31 163 10 20 71 92 31 499 10 377 316 41 122 10 438 1191 143 10 173 1303 10 41 20 265 438 10 326 468 10 458 61 122 7279
108.0 31 166 10 21 73 94 31 510 10 385 322 42 125 10 447 1217 146 10 177 1331 10 42 21 270 447 10 333 478 10 468 62 125 7437
109.0 32 170 11 21 74 96 32 521 11 393 329 43 128 11 457 1243 149 11 181 1360 11 43 21 276 457 11 340 489 11 478 64 128 7597
110.0 33 174 11 22 76 98 33 532 11 401 336 43 130 11 467 1270 152 11 184 1389 11 43 22 282 467 11 347 499 11 488 65 130 7759
111.0 33 177 11 22 78 100 33 543 11 410 343 44 133 11 476 1296 155 11 188 1418 11 44 22 288 476 11 355 510 11 499 66 133 7922
112.0 34 181 11 23 79 102 34 554 11 419 351 45 136 11 486 1323 158 11 192 1448 11 45 23 294 486 11 362 520 11 509 68 136 8088
113.0 35 185 12 23 81 104 35 566 12 427 358 46 139 12 496 1351 162 12 196 1478 12 46 23 300 496 12 369 531 12 520 69 139 8255
114.0 35 188 12 24 82 106 35 577 12 436 365 47 141 12 507 1378 165 12 200 1508 12 47 24 306 507 12 377 542 12 530 71 141 8424
115.0 36 192 12 24 84 108 36 589 12 445 373 48 144 12 517 1406 168 12 204 1539 12 48 24 313 517 12 385 553 12 541 72 144 8594
116.0 37 196 12 25 86 110 37 601 12 454 380 49 147 12 527 1434 172 12 208 1569 12 49 25 319 527 12 392 564 12 552 74 147 8766
117.0 38 200 13 25 88 113 38 613 13 463 388 50 150 13 538 1463 175 13 213 1600 13 50 25 325 538 13 400 575 13 563 75 150 8940
118.0 38 204 13 25 89 115 38 625 13 472 395 51 153 13 548 1492 178 13 217 1632 13 51 25 331 548 13 408 586 13 574 76 153 9115
119.0 39 208 13 26 91 117 39 637 13 481 403 52 156 13 559 1521 182 13 221 1663 13 52 26 338 559 13 416 598 13 585 78 156 9292
120.0 40 212 13 26 93 119 40 649 13 490 411 53 159 13 570 1550 185 13 225 1695 13 53 26 344 570 13 424 609 13 596 79 159 9470
121.0 40 216 13 27 94 121 40 661 13 499 418 54 162 13 580 1579 189 13 229 1728 13 54 27 351 580 13 432 621 13 607 81 162 9650
122.0 41 220 14 27 96 124 41 674 14 509 426 55 165 14 591 1609 192 14 234 1760 14 55 27 357 591 14 440 632 14 619 82 165 9830
123.0 42 224 14 28 98 126 42 686 14 518 434 56 168 14 602 1638 196 14 238 1792 14 56 28 364 602 14 448 644 14 630 84 168 10012
124.0 43 228 14 29 100 128 43 699 14 528 442 57 171 14 613 1668 200 14 242 1825 14 57 29 371 613 14 456 656 14 642 86 171 10196
125.0 44 232 15 29 102 131 44 711 15 537 450 58 174 15 624 1698 203 15 247 1858 15 58 29 377 624 15 465 668 15 653 87 174 10380
126.0 44 236 15 30 103 133 44 724 15 547 458 59 177 15 635 1729 207 15 251 1891 15 59 30 384 635 15 473 680 15 665 89 177 10565
127.0 45 241 15 30 105 135 45 737 15 556 466 60 180 15 647 1759 211 15 256 1925 15 60 30 391 647 15 481 692 15 677 90 180 10751
128.0 46 245 15 31 107 138 46 750 15 566 474 61 184 15 658 1790 214 15 260 1958 15 61 31 398 658 15 490 704 15 688 92 184 10938
129.0 47 249 16 31 109 140 47 762 16 576 482 62 187 16 669 1820 218 16 265 1992 16 62 31 405 669 16 498 716 16 700 93 187 11125
130.0 47 253 16 32 111 142 47 775 16 585 491 63 190 16 680 1851 222 16 269 2025 16 63 32 411 680 16 506 728 16 712 95 190 11313
131.0 48 257 16 32 113 145 48 788 16 595 499 64 193 16 692 1882 225 16 273 2059 16 64 32 418 692 16 515 740 16 724 97 193 11502
132.0 49 262 16 33 114 147 49 801 16 605 507 65 196 16 703 1913 229 16 278 2093 16 65 33 425 703 16 523 752 16 736 98 196 11691
133.0 50 266 17 33 116 150 50 814 17 615 515 66 199 17 715 1944 233 17 282 2127 17 66 33 432 715 17 532 764 17 748 100 199 11881
134.0 51 270 17 34 118 152 51 827 17 625 523 68 203 17 726 1975 236 17 287 2161 17 68 34 439 726 17 540 777 17 760 101 203 12070
135.0 51 274 17 34 120 154 51 840 17 634 532 69 206 17 737 2006 240 17 292 2195 17 69 34 446 737 17 549 789 17 772 103 206 12260
136.0 52 279 17 35 122 157 52 853 17 644 540 70 209 17 749 2037 244 17 296 2229 17 70 35 453 749 17 557 801 17 784 104 209 12450
137.0 53 283 18 35 124 159 53 866 18 654 548 71 212 18 760 2068 248 18 301 2263 18 71 35 460 760 18 566 813 18 796 106 212 12640
138.0 54 287 18 36 126 161 54 879 18 664 556 72 215 18 772 2099 251 18 305 2297 18 72 36 467 772 18 574 825 18 807 108 215 12830
139.0 55 291 18 36 127 164 55 892 18 674 564 73 219 18 783 2130 255 18 310 2331 18 73 36 473 783 18 583 838 18 819 109 219 13020
140.0 55 296 18 37 129 166 55 905 18 684 573 74 222 18 794 2161 259 18 314 2365 18 74 37 480 794 18 591 850 18 831 111 222 13209
141.0 56 300 19 37 131 169 56 918 19 693 581 75 225 19 806 2192 262 19 319 2398 19 75 37 487 806 19 600 862 19 843 112 225 13397
142.0 57 304 19 38 133 171 57 931 19 703 589 76 228 19 817 2223 266 19 323 2432 19 76 38 494 817 19 608 874 19 855 114 228 13585
143.0 58 308 19 39 135 173 58 944 19 713 597 77 231 19 828 2254 270 19 327 2466 19 77 39 501 828 19 616 886 19 867 116 231 13772
144.0 59 312 20 39 137 176 59 957 20 722 605 78 234 20 839 2284 273 20 332 2499 20 78 39 508 839 20 625 898 20 879 117 234 13959
145.0 59 317 20 40 138 178 59 969 20 732 613 79 237 20 851 2315 277 20 336 2532 20 79 40 514 851 20 633 910 20 890 119 237 14144
146.0 60 321 20 40 140 180 60 982 20 741 621 80 240 20 862 2345 281 20 341 2565 20 80 40 521 862 20 641 922 20 902 120 240 14329
147.0 61 325 20 41 142 183 61 995 20 751 629 81 244 20 873 2375 284 20 345 2598 20 81 41 528 873 20 649 934 20 913 122 244 14512
148.0 62 329 21 41 144 185 62 1007 21 760 637 82 247 21 884 2404 288 21 349 2630 21 82 41 534 884 21 658 945 21 925 123 247 14693
149.0 62 333 21 42 146 187 62 1019 21 770 645 83 250 21 895 2434 291 21 354 2663 21 83 42 541 895 21 666 957 21 936 125 250 14874
150.0 63 337 21 42 147 189 63 1032 21 779 653 84 253 21 905 2463 295 21 358 2695 21 84 42 547 905 21 674 968 21 947 126 253 15052
151.0 64 341 21 43 149 192 64 1044 21 788 660 85 256 21 916 2492 298 21 362 2726 21 85 43 554 916 21 682 980 21 958 128 256 15229
152.0 65 345 22 43 151 194 65 1056 22 797 668 86 259 22 926 2521 302 22 366 2758 22 86 43 560 926 22 689 991 22 970 129 259 15405
153.0 65 349 22 44 153 196 65 1068 22 806 675 87 261 22 937 2549 305 22 370 2789 22 87 44 566 937 22 697 1002 22 980 131 261 15578
154.0 66 352 22 44 154 198 66 1079 22 815 683 88 264 22 947 2577 308 22 374 2819 22 88 44 573 947 22 705 1013 22 991 132 264 15749
155.0 67 356 22 45 156 200 67 1091 22 824 690 89 267 22 957 2605 312 22 378 2850 22 89 45 579 957 22 712 1024 22 1002 134 267 15918
156.0 67 360 22 45 157 202 67 1102 22 832 697 90 270 22 967 2632 315 22 382 2879 22 90 45 585 967 22 720 1035 22 1012 135 270 16084
157.0 68 364 23 45 159 205 68 1114 23 841 704 91 273 23 977 2659 318 23 386 2909 23 91 45 591 977 23 727 1045 23 1023 136 273 16248
158.0 69 367 23 46 161 207 69 1125 23 849 711 92 275 23 987 2685 321 23 390 2938 23 92 46 597 987 23 734 1056 23 1033 138 275 16410
159.0 70 371 23 46 162 209 70 1135 23 857 718 93 278 23 996 2711 324 23 394 2966 23 93 46 602 996 23 742 1066 23 1043 139 278 16569
160.0 70 374 23 47 164 211 70 1146 23 865 725 94 281 23 1006 2737 327 23 398 2994 23 94 47 608 1006 23 749 1076 23 1053 140 281 16724
161.0 71 378 24 47 165 212 71 1157 24 873 732 94 283 24 1015 2762 330 24 401 3021 24 94 47 614 1015 24 755 1086 24 1062 142 283 16877
162.0 71 381 24 48 167 214 71 1167 24 881 738 95 286 24 1024 2786 333 24 405 3048 24 95 48 619 1024 24 762 1095 24 1072 143 286 17027
163.0 72 384 24 48 168 216 72 1177 24 889 745 96 288 24 1033 2810 336 24 408 3074 24 96 48 625 1033 24 769 1105 24 1081 144 288 17174
164.0 73 388 24 48 170 218 73 1187 24 896 751 97 291 24 1041 2834 339 24 412 3100 24 97 48 630 1041 24 775 1114 24 1090 145 291 17317
165.0 73 391 24 49 171 220 73 1196 24 903 757 98 293 24 1050 2857 342 24 415 3125 24 98 49 635 1050 24 781 1123 24 1099 146 293 17457
166.0 74 394 25 49 172 221 74 1206 25 910 763 98 295 25 1058 2879 344 25 418 3150 25 98 49 640 1058 25 787 1132 25 1107 148 295 17593
167.0 74 397 25 50 174 223 74 1215 25 917 769 99 298 25 1066 2901 347 25 421 3173 25 99 50 645 1066 25 793 1140 25 1116 149 298 17726
168.0 75 400 25 50 175 225 75 1224 25 924 774 100 300 25 1074 2922 350 25 425 3196 25 100 50 649 1074 25 799 1149 25 1124 150 300 17855
169.0 75 402 25 50 176 226 75 1232 25 930 780 101 302 25 1081 2942 352 25 427 3219 25 101 50 654 1081 25 805 1157 25 1132 151 302 17980
170.0 76 405 25 51 177 228 76 1240 25 937 785 101 304 25 1089 2962 354 25 430 3240 25 101 51 658 1089 25 810 1165 25 1139 152 304 18101
171.0 76 408 25 51 178 229 76 1249 25 943 790 102 306 25 1096 2981 357 25 433 3261 25 102 51 662 1096 25 815 1172 25 1147 153 306 18218
172.0 77 410 26 51 179 231 77 1256 26 949 795 103 308 26 1102 3000 359 26 436 3282 26 103 51 667 1102 26 820 1179 26 1154 154 308 18331
173.0 77 413 26 52 181 232 77 1264 26 954 799 103 309 26 1109 3017 361 26 438 3301 26 103 52 671 1109 26 825 1186 26 1161 155 309 18439
174.0 78 415 26 52 182 233 78 1271 26 960 804 104 311 26 1115 3034 363 26 441 3320 26 104 52 674 1115 26 830 1193 26 1167 156 311 18543
175.0 78 417 26 52 183 235 78 1278 26 965 808 104 313 26 1121 3051 365 26 443 3338 26 104 52 678 1121 26 834 1199 26 1173 156 313 18643
176.0 79 419 26 52 183 236 79 1284 26 970 812 105 314 26 1127 3066 367 26 446 3355 26 105 52 681 1127 26 839 1206 26 1179 157 314 18738
177.0 79 421 26 53 184 237 79 1290 26 974 816 105 316 26 1132 3081 369 26 448 3371 26 105 53 685 1132 26 843 1211 26 1185 158 316 18829
178.0 79 423 26 53 185 238 79 1296 26 979 820 106 317 26 1138 3095 370 26 450 3386 26 106 53 688 1138 26 847 1217 26 1190 159 317 18914
179.0 80 425 27 53 186 239 80 1302 27 983 824 106 319 27 1142 3108 372 27 452 3401 27 106 53 691 1142 27 850 1222 27 1196 159 319 18996
180.0 80 427 27 53 187 240 80 1307 27 987 827 107 320 27 1147 3121 373 27 453 3414 27 107 53 694 1147 27 854 1227 27 1200 160 320 19072
181.0 80 428 27 54 187 241 80 1312 27 991 830 107 321 27 1151 3132 375 27 455 3427 27 107 54 696 1151 27 857 1232 27 1205 161 321 19143
182.0 81 430 27 54 188 242 81 1316 27 994 833 107 322 27 1155 3143 376 27 457 3439 27 107 54 699 1155 27 860 1236 27 1209 161 322 19209
183.0 81 431 27 54 189 243 81 1321 27 997 836 108 323 27 1159 3153 377 27 458 3450 27 108 54 701 1159 27 862 1240 27 1213 162 323 19271
184.0 81 432 27 54 189 243 81 1324 27 1000 838 108 324 27 1162 3163 378 27 460 3460 27 108 54 703 1162 27 865 1243 27 1216 162 324 19327
185.0 81 434 27 54 190 244 81 1328 27 1003 840 108 325 27 1165 3171 379 27 461 3469 27 108 54 705 1165 27 867 1247 27 1220 163 325 19378
186.0 81 435 27 54 190 244 81 1331 27 1005 842 109 326 27 1168 3178 380 27 462 3477 27 109 54 706 1168 27 869 1250 27 1222 163 326 19424
187.0 82 436 27 54 191 245 82 1334 27 1007 844 109 327 27 1171 3185 381 27 463 3485 27 109 54 708 1171 27 871 1252 27 1225 163 327 19465
188.0 82 436 27 55 191 245 82 1336 27 1009 845 109 327 27 1173 3191 382 27 464 3491 27 109 55 709 1173 27 873 1255 27 1227 164 327 19500
189.0 82 437 27 55 191 246 82 1338 27 1011 847 109 328 27 1175 3196 382 27 464 3496 27 109 55 710 1175 27 874 1257 27 1229 164 328 19530
190.0 82 438 27 55 191 246 82 1340 27 1012 848 109 328 27 1176 3200 383 27 465 3501 27 109 55 711 1176 27 875 1258 27 1231 164 328 19555
191.0 82 438 27 55 192 246 82 1342 27 1013 849 110 329 27 1177 3203 383 27 465 3504 27 110 55 712 1177 27 876 1259 27 1232 164 329 19575
192.0 82 438 27 55 192 247 82 1342 27 1014 849 110 329 27 1178 3206 384 27 466 3507 27 110 55 712 1178 27 877 1260 27 1233 164 329 19589
193.0 82 439 27 55 192 247 82 1343 27 1014 850 110 329 27 1179 3207 384 27 466 3509 27 110 55 713 1179 27 877 1261 27 1233 164 329 19599
194.0 82 439 27 55 192 247 82 1343 27 1014 850 110 329 27 1179 3208 384 27 466 3509 27 110 55 713 1179 27 877 1261 27 1234 164 329 19602
195.0 82 439 27 55 192 247 82 1343 27 1014 850 110 329 27 1179 3207 384 27 466 3509 27 110 55 713 1179 27 877 1261 27 1234 164 329 19601
196.0 82 438 27 55 192 247 82 1343 27 1014 850 110 329 27 1178 3206 384 27 466 3508 27 110 55 713 1178 27 877 1261 27 1233 164 329 19594
197.0 82 438 27 55 192 246 82 1342 27 1013 849 110 329 27 1178 3204 383 27 466 3506 27 110 55 712 1178 27 876 1260 27 1232 164 329 19582
198.0 82 438 27 55 192 246 82 1341 27 1012 848 109 328 27 1177 3201 383 27 465 3502 27 109 55 711 1177 27 876 1259 27 1231 164 328 19564
199.0 82 437 27 55 191 246 82 1339 27 1011 847 109 328 27 1175 3198 383 27 465 3498 27 109 55 711 1175 27 875 1257 27 1230 164 328 19542
200.0 82 437 27 55 191 246 82 1337 27 1010 846 109 328 27 1174 3193 382 27 464 3493 27 109 55 710 1174 27 873 1255 27 1228 164 328 19514
201.0 82 436 27 54 191 245 82 1335 27 1008 845 109 327 27 1172 3188 381 27 463 3487 27 109 54 708 1172 27 872 1253 27 1226 163 327 19481
202.0 82 435 27 54 190 245 82 1332 27 1006 843 109 326 27 1169 3181 381 27 462 3481 27 109 54 707 1169 27 870 1251 27 1224 163 326 19442
203.0 81 434 27 54 190 244 81 1329 27 1004 841 109 326 27 1167 3174 380 27 461 3473 27 109 54 705 1167 27 868 1248 27 1221 163 326 19399
204.0 81 433 27 54 189 244 81 1326 27 1001 839 108 325 27 1164 3166 379 27 460 3464 27 108 54 704 1164 27 866 1245 27 1218 162 325 19351
205.0 81 432 27 54 189 243 81 1322 27 999 837 108 324 27 1161 3158 378 27 459 3455 27 108 54 702 1161 27 864 1242 27 1215 162 324 19297
206.0 81 431 27 54 188 242 81 1318 27 996 834 108 323 27 1157 3148 377 27 457 3444 27 108 54 700 1157 27 861 1238 27 1211 161 323 19239
207.0 80 429 27 54 188 241 80 1314 27 992 831 107 322 27 1153 3138 375 27 456 3433 27 107 54 697 1153 27 858 1234 27 1207 161 322 19176
208.0 80 428 27 53 187 241 80 1309 27 989 828 107 321 27 1149 3127 374 27 454 3421 27 107 53 695 1149 27 855 1229 27 1203 160 321 19107
209.0 80 426 27 53 186 240 80 1304 27 985 825 106 319 27 1145 3115 373 27 453 3408 27 106 53 692 1145 27 852 1225 27 1198 160 319 19035
210.0 80 424 27 53 186 239 80 1299 27 981 822 106 318 27 1140 3102 371 27 451 3394 27 106 53 689 1140 27 848 1220 27 1193 159 318 18957
211.0 79 422 26 53 185 238 79 1294 26 977 818 106 317 26 1135 3089 370 26 449 3379 26 106 53 686 1135 26 845 1214 26 1188 158 317 18875
212.0 79 420 26 53 184 236 79 1288 26 972 815 105 315 26 1130 3074 368 26 447 3363 26 105 53 683 1130 26 841 1209 26 1182 158 315 18788
213.0 78 418 26 52 183 235 78 1281 26 968 811 105 314 26 1124 3059 366 26 445 3347 26 105 52 680 1124 26 837 1203 26 1177 157 314 18697
214.0 78 416 26 52 182 234 78 1275 26 963 806 104 312 26 1119 3044 364 26 442 3330 26 104 52 676 1119 26 833 1197 26 1171 156 312 18601
215.0 78 414 26 52 181 233 78 1268 26 957 802 104 311 26 1113 3028 362 26 440 3312 26 104 52 673 1113 26 828 1190 26 1164 155 311 18501
216.0 77 412 26 51 180 232 77 1261 26 952 798 103 309 26 1106 3010 360 26 437 3294 26 103 51 669 1106 26 823 1184 26 1158 154 309 18397
217.0 77 409 26 51 179 230 77 1253 26 946 793 102 307 26 1100 2993 358 26 435 3274 26 102 51 665 1100 26 819 1177 26 1151 153 307 18289
218.0 76 407 25 51 178 229 76 1246 25 941 788 102 305 25 1093 2974 356 25 432 3254 25 102 51 661 1093 25 814 1169 25 1144 153 305 18177
219.0 76 404 25 51 177 227 76 1238 25 935 783 101 303 25 1086 2955 354 25 429 3233 25 101 51 657 1086 25 808 1162 25 1137 152 303 18061
220.0 75 401 25 50 176 226 75 1230 25 928 778 100 301 25 1079 2936 351 25 427 3212 25 100 50 652 1079 25 803 1154 25 1129 151 301 17941
221.0 75 399 25 50 174 224 75 1221 25 922 773 100 299 25 1072 2916 349 25 424 3190 25 100 50 648 1072 25 797 1146 25 1121 150 299 17818
222.0 74 396 25 49 173 223 74 1212 25 915 767 99 297 25 1064 2895 346 25 421 3167 25 99 49 643 1064 25 792 1138 25 1113 148 297 17691
223.0 74 393 25 49 172 221 74 1203 25 909 761 98 295 25 1056 2873 344 25 418 3144 25 98 49 639 1056 25 786 1130 25 1105 147 295 17560
224.0 73 390 24 49 171 219 73 1194 24 902 756 97 292 24 1048 2852 341 24 414 3120 24 97 49 634 1048 24 780 1121 24 1097 146 292 17426
225.0 73 387 24 48 169 218 73 1185 24 895 750 97 290 24 1040 2829 339 24 411 3095 24 97 48 629 1040 24 774 1112 24 1088 145 290 17289
226.0 72 384 24 48 168 216 72 1175 24 887 744 96 288 24 1031 2806 336 24 408 3070 24 96 48 624 1031 24 768 1103 24 1079 144 288 17149
227.0 71 381 24 48 166 214 71 1165 24 880 737 95 285 24 1023 2783 333 24 404 3044 24 95 48 618 1023 24 761 1094 24 1070 143 285 17006
228.0 71 377 24 47 165 212 71 1155 24 872 731 94 283 24 1014 2759 330 24 401 3018 24 94 47 613 1014 24 755 1085 24 1061 141 283 16859
229.0 70 374 23 47 164 210 70 1145 23 865 725 93 280 23 1005 2734 327 23 397 2992 23 93 47 608 1005 23 748 1075 23 1052 140 280 16711
230.0 69 371 23 46 162 208 69 1135 23 857 718 93 278 23 996 2710 324 23 394 2964 23 93 46 602 996 23 741 1065 23 1042 139 278 16559
231.0 69 367 23 46 161 206 69 1124 23 849 711 92 275 23 987 2684 321 23 390 2937 23 92 46 597 987 23 734 1055 23 1032 138 275 16405
232.0 68 364 23 45 159 205 68 1114 23 841 704 91 273 23 977 2659 318 23 386 2909 23 91 45 591 977 23 727 1045 23 1023 136 273 16248
233.0 68 360 23 45 158 203 68 1103 23 833 698 90 270 23 968 2633 315 23 383 2880 23 90 45 585 968 23 720 1035 23 1013 135 270 16089
234.0 67 356 22 45 156 200 67 1092 22 824 691 89 267 22 958 2606 312 22 379 2852 22 89 45 579 958 22 713 1025 22 1002 134 267 15928
235.0 66 353 22 44 154 198 66 1080 22 816 684 88 265 22 948 2580 309 22 375 2822 22 88 44 573 948 22 706 1014 22 992 132 265 15765
236.0 65 349 22 44 153 196 65 1069 22 807 676 87 262 22 938 2553 305 22 371 2793 22 87 44 567 938 22 698 1004 22 982 131 262 15600
237.0 65 345 22 43 151 194 65 1058 22 799 669 86 259 22 928 2525 302 22 367 2763 22 86 43 561 928 22 691 993 22 971 130 259 15434
238.0 64 342 21 43 149 192 64 1046 21 790 662 85 256 21 918 2498 299 21 363 2733 21 85 43 555 918 21 683 982 21 961 128 256 15265
239.0 63 338 21 42 148 190 63 1034 21 781 654 84 253 21 908 2470 296 21 359 2702 21 84 42 549 908 21 676 971 21 950 127 253 15095
240.0 63 334 21 42 146 188 63 1023 21 772 647 83 250 21 897 2442 292 21 355 2672 21 83 42 543 897 21 668 960 21 939 125 250 14923
241.0 62 330 21 41 144 186 62 1011 21 763 640 83 248 21 887 2414 289 21 351 2641 21 83 41 536 887 21 660 949 21 928 124 248 14750
242.0 61 326 20 41 143 183 61 999 20 754 632 82 245 20 877 2385 285 20 347 2609 20 82 41 530 877 20 652 938 20 917 122 245 14576
243.0 60 322 20 40 141 181 60 987 20 745 624 81 242 20 866 2357 282 20 342 2578 20 81 40 524 866 20 645 926 20 906 121 242 14401
244.0 60 318 20 40 139 179 60 975 20 736 617 80 239 20 855 2328 279 20 338 2547 20 80 40 517 855 20 637 915 20 895 119 239 14225
245.0 59 314 20 39 138 177 59 963 20 727 609 79 236 20 845 2299 275 20 334 2515 20 79 39 511 845 20 629 904 20 884 118 236 14048
246.0 58 310 19 39 136 175 58 951 19 718 601 78 233 19 834 2270 272 19 330 2483 19 78 39 504 834 19 621 892 19 873 116 233 13870
247.0 57 306 19 38 134 172 57 938 19 708 594 77 230 19 823 2240 268 19 326 2451 19 77 38 498 823 19 613 881 19 862 115 230 13691
248.0 57 302 19 38 132 170 57 926 19 699 586 76 227 19 813 2211 265 19 321 2419 19 76 38 491 813 19 605 869 19 850 113 227 13512
249.0 56 298 19 37 131 168 56 914 19 690 578 75 224 19 802 2182 261 19 317 2387 19 75 37 485 802 19 597 858 19 839 112 224 13332
250.0 55 294 18 37 129 166 55 901 18 681 570 74 221 18 791 2152 258 18 313 2355 18 74 37 478 791 18 589 846 18 828 110 221 13152
251.0 54 290 18 36 127 163 54 889 18 671 562 73 218 18 780 2123 254 18 308 2322 18 73 36 472 780 18 581 835 18 816 109 218 12972
252.0 54 286 18 36 125 161 54 877 18 662 555 72 215 18 769 2093 250 18 304 2290 18 72 36 465 769 18 572 823 18 805 107 215 12791
253.0 53 282 18 35 123 159 53 864 18 653 547 71 212 18 758 2064 247 18 300 2258 18 71 35 459 758 18 564 811 18 794 106 212 12611
254.0 52 278 17 35 122 156 52 852 17 643 539 70 209 17 748 2034 243 17 296 2225 17 70 35 452 748 17 556 800 17 782 104 209 12431
255.0 51 274 17 34 120 154 51 840 17 634 531 69 206 17 737 2005 240 17 291 2193 17 69 34 445 737 17 548 788 17 771 103 206 12250
256.0 51 270 17 34 118 152 51 827 17 625 523 68 203 17 726 1975 236 17 287 2161 17 68 34 439 726 17 540 777 17 760 101 203 12070
257.0 50 266 17 33 116 150 50 815 17 615 516 67 200 17 715 1946 233 17 283 2129 17 67 33 432 715 17 532 765 17 748 100 200 11890
258.0 49 262 16 33 115 147 49 803 16 606 508 66 197 16 704 1916 229 16 278 2097 16 66 33 426 704 16 524 753 16 737 98 197 11711
259.0 48 258 16 32 113 145 48 790 16 597 500 65 194 16 694 1887 226 16 274 2064 16 65 32 419 694 16 516 742 16 726 97 194 11532
260.0 48 254 16 32 111 143 48 778 16 588 492 64 191 16 683 1858 222 16 270 2033 16 64 32 413 683 16 508 730 16 715 95 191 11354
261.0 47 250 16 31 109 141 47 766 16 578 485 63 188 16 672 1829 219 16 266 2001 16 63 31 406 672 16 500 719 16 703 94 188 11176
262.0 46 246 15 31 108 138 46 754 15 569 477 62 185 15 661 1800 215 15 262 1969 15 62 31 400 661 15 492 708 15 692 92 185 10999
263.0 45 242 15 30 106 136 45 742 15 560 469 61 182 15 651 1771 212 15 257 1938 15 61 30 394 651 15 484 696 15 681 91 182 10823
264.0 45 238 15 30 104 134 45 730 15 551 462 60 179 15 640 1742 208 15 253 1906 15 60 30 387 640 15 477 685 15 670 89 179 10648
265.0 44 234 15 29 103 132 44 718 15 542 454 59 176 15 630 1714 205 15 249 1875 15 59 29 381 630 15 469 674 15 659 88 176 10473
266.0 43 230 14 29 101 130 43 706 14 533 447 58 173 14 619 1685 202 14 245 1844 14 58 29 375 619 14 461 663 14 648 86 173 10300
267.0 42 227 14 28 99 127 42 694 14 524 439 57 170 14 609 1657 198 14 241 1813 14 57 28 368 609 14 453 652 14 637 85 170 10127
268.0 42 223 14 28 97 125 42 682 14 515 432 56 167 14 599 1629 195 14 237 1782 14 56 28 362 599 14 446 641 14 627 84 167 9956
269.0 41 219 14 27 96 123 41 671 14 506 424 55 164 14 589 1601 192 14 233 1752 14 55 27 356 589 14 438 630 14 616 82 164 9786
270.0 40 215 13 27 94 121 40 659 13 498 417 54 161 13 578 1574 188 13 229 1722 13 54 27 350 578 13 430 619 13 605 81 161 9617
271.0 40 211 13 26 93 119 40 648 13 489 410 53 159 13 568 1546 185 13 225 1692 13 53 26 344 568 13 423 608 13 595 79 159 9450
272.0 39 208 13 26 91 117 39 636 13 480 403 52 156 13 558 1519 182 13 221 1662 13 52 26 338 558 13 415 597 13 584 78 156 9284
273.0 38 204 13 26 89 115 38 625 13 472 395 51 153 13 548 1492 179 13 217 1632 13 51 26 332 548 13 408 587 13 574 77 153 9119
274.0 38 200 13 25 88 113 38 614 13 463 388 50 150 13 539 1465 175 13 213 1603 13 50 25 326 539 13 401 576 13 564 75 150 8955
275.0 37 197 12 25 86 111 37 603 12 455 381 49 148 12 529 1439 172 12 209 1574 12 49 25 320 529 12 394 566 12 553 74 148 8793
276.0 36 193 12 24 85 109 36 592 12 447 374 48 145 12 519 1413 169 12 205 1545 12 48 24 314 519 12 386 555 12 543 72 145 8633
277.0 36 190 12 24 83 107 36 581 12 439 367 47 142 12 510 1387 166 12 201 1517 12 47 24 308 510 12 379 545 12 533 71 142 8474
278.0 35 186 12 23 81 105 35 570 12 430 361 47 140 12 500 1361 163 12 198 1489 12 47 23 302 500 12 372 535 12 523 70 140 8317
279.0 34 183 11 23 80 103 34 559 11 422 354 46 137 11 491 1335 160 11 194 1461 11 46 23 297 491 11 365 525 11 514 68 137 8161
280.0 34 179 11 22 78 101 34 549 11 414 347 45 134 11 482 1310 157 11 190 1433 11 45 22 291 482 11 358 515 11 504 67 134 8007
281.0 33 176 11 22 77 99 33 538 11 406 341 44 132 11 472 1285 154 11 187 1406 11 44 22 286 472 11 352 505 11 494 66 132 7855
282.0 32 172 11 22 75 97 32 528 11 399 334 43 129 11 463 1261 151 11 183 1379 11 43 22 280 463 11 345 496 11 485 65 129 7705
283.0 32 169 11 21 74 95 32 518 11 391 328 42 127 11 454 1236 148 11 180 1353 11 42 21 275 454 11 338 486 11 476 63 127 7556
284.0 31 166 10 21 73 93 31 508 10 383 321 41 124 10 446 1212 145 10 176 1326 10 41 21 269 446 10 332 477 10 466 62 124 7409
285.0 30 163 10 20 71 91 30 498 10 376 315 41 122 10 437 1189 142 10 173 1300 10 41 20 264 437 10 325 467 10 457 61 122 7263
286.0 30 159 10 20 70 90 30 488 10 368 309 40 119 10 428 1165 139 10 169 1275 10 40 20 259 428 10 319 458 10 448 60 119 7120
287.0 29 156 10 20 68 88 29 478 10 361 303 39 117 10 420 1142 137 10 166 1249 10 39 20 254 420 10 312 449 10 439 59 117 6978
288.0 29 153 10 19 67 86 29 469 10 354 296 38 115 10 411 1119 134 10 163 1224 10 38 19 249 411 10 306 440 10 430 57 115 6839
289.0 28 150 9 19 66 84 28 459 9 347 291 37 112 9 403 1096 131 9 159 1200 9 37 19 244 403 9 300 431 9 422 56 112 6701
290.0 28 147 9 18 64 83 28 450 9 340 285 37 110 9 395 1074 129 9 156 1175 9 37 18 239 395 9 294 422 9 413 55 110 6565
291.0 27 144 9 18 63 81 27 441 9 333 279 36 108 9 387 1052 126 9 153 1151 9 36 18 234 387 9 288 414 9 405 54 108 6430
292.0 26 141 9 18 62 79 26 432 9 326 273 35 106 9 379 1031 123 9 150 1127 9 35 18 229 379 9 282 405 9 396 53 106 6298
293.0 26 138 9 17 60 78 26 423 9 319 267 35 104 9 371 1009 121 9 147 1104 9 35 17 224 371 9 276 397 9 388 52 104 6168
294.0 25 135 8 17 59 76 25 414 8 313 262 34 101 8 363 988 118 8 144 1081 8 34 17 220 363 8 270 389 8 380 51 101 6039
295.0 25 132 8 17 58 74 25 405 8 306 256 33 99 8 356 968 116 8 141 1058 8 33 17 215 356 8 265 380 8 372 50 99 5913
296.0 24 130 8 16 57 73 24 397 8 300 251 32 97 8 348 947 113 8 138 1036 8 32 16 210 348 8 259 372 8 364 49 97 5788
297.0 24 127 8 16 55 71 24 388 8 293 246 32 95 8 341 927 111 8 135 1014 8 32 16 206 341 8 254 364 8 357 48 95 5665
298.0 23 124 8 16 54 70 23 380 8 287 240 31 93 8 333 907 109 8 132 993 8 31 16 202 333 8 248 357 8 349 47 93 5544
299.0 23 121 8 15 53 68 23 372 8 281 235 30 91 8 326 888 106 8 129 971 8 30 15 197 326 8 243 349 8 341 46 91 5425
300.0 22 119 7 15 52 67 22 364 7 275 230 30 89 7 319 869 104 7 126 950 7 30 15 193 319 7 238 341 7 334 45 89 5308
301.0 22 116 7 15 51 65 22 356 7 269 225 29 87 7 312 850 102 7 123 930 7 29 15 189 312 7 232 334 7 327 44 87 5193
302.0 21 114 7 14 50 64 21 348 7 263 220 28 85 7 305 831 99 7 121 909 7 28 14 185 305 7 227 327 7 320 43 85 5079
303.0 21 111 7 14 49 63 21 340 7 257 215 28 83 7 299 813 97 7 118 889 7 28 14 181 299 7 222 320 7 313 42 83 4968
304.0 20 109 7 14 48 61 20 333 7 251 211 27 82 7 292 795 95 7 116 870 7 27 14 177 292 7 217 313 7 306 41 82 4858
305.0 20 106 7 13 47 60 20 326 7 246 206 27 80 7 286 777 93 7 113 850 7 27 13 173 286 7 213 306 7 299 40 80 4751
306.0 19 104 6 13 45 58 19 318 6 240 201 26 78 6 279 760 91 6 110 832 6 26 13 169 279 6 208 299 6 292 39 78 4645
307.0 19 102 6 13 44 57 19 311 6 235 197 25 76 6 273 743 89 6 108 813 6 25 13 165 273 6 203 292 6 286 38 76 4541
308.0 19 99 6 12 43 56 19 304 6 230 192 25 74 6 267 726 87 6 106 795 6 25 12 161 267 6 199 286 6 279 37 74 4439
309.0 18 97 6 12 42 55 18 297 6 224 188 24 73 6 261 710 85 6 103 777 6 24 12 158 261 6 194 279 6 273 36 73 4338
310.0 18 95 6 12 42 53 18 291 6 219 184 24 71 6 255 694 83 6 101 759 6 24 12 154 255 6 190 273 6 267 36 71 4240
311.0 17 93 6 12 41 52 17 284 6 214 180 23 70 6 249 678 81 6 99 742 6 23 12 151 249 6 185 267 6 261 35 70 4143
312.0 17 91 6 11 40 51 17 277 6 209 176 23 68 6 243 662 79 6 96 725 6 23 11 147 243 6 181 260 6 255 34 68 4048
313.0 17 88 6 11 39 50 17 271 6 205 171 22 66 6 238 647 77 6 94 708 6 22 11 144 238 6 177 254 6 249 33 66 3955
314.0 16 86 5 11 38 49 16 265 5 200 167 22 65 5 232 632 76 5 92 692 5 22 11 140 232 5 173 249 5 243 32 65 3863
315.0 16 84 5 11 37 47 16 259 5 195 164 21 63 5 227 617 74 5 90 676 5 21 11 137 227 5 169 243 5 237 32 63 3773
316.0 15 82 5 10 36 46 15 253 5 191 160 21 62 5 222 603 72 5 88 660 5 21 10 134 222 5 165 237 5 232 31 62 3685
317.0 15 81 5 10 35 45 15 247 5 186 156 20 60 5 216 589 70 5 86 644 5 20 10 131 216 5 161 232 5 227 30 60 3599
318.0 15 79 5 10 34 44 15 241 5 182 152 20 59 5 211 575 69 5 84 629 5 20 10 128 211 5 157 226 5 221 29 59 3514
319.0 14 77 5 10 34 43 14 235 5 178 149 19 58 5 206 562 67 5 82 614 5 19 10 125 206 5 154 221 5 216 29 58 3431
320.0 14 75 5 9 33 42 14 230 5 173 145 19 56 5 201 548 66 5 80 600 5 19 9 122 201 5 150 216 5 211 28 56 3350
321.0 14 73 5 9 32 41 14 224 5 169 142 18 55 5 197 535 64 5 78 585 5 18 9 119 197 5 146 210 5 206 27 55 3270
322.0 13 71 4 9 31 40 13 219 4 165 138 18 54 4 192 522 63 4 76 571 4 18 9 116 192 4 143 205 4 201 27 54 3192
323.0 13 70 4 9 31 39 13 214 4 161 135 17 52 4 187 510 61 4 74 558 4 17 9 113 187 4 139 200 4 196 26 52 3116
324.0 13 68 4 9 30 38 13 208 4 157 132 17 51 4 183 498 60 4 72 544 4 17 9 111 183 4 136 196 4 191 26 51 3041
325.0 12 66 4 8 29 37 12 203 4 154 129 17 50 4 178 486 58 4 71 531 4 17 8 108 178 4 133 191 4 187 25 50 2967
326.0 12 65 4 8 28 36 12 198 4 150 126 16 49 4 174 474 57 4 69 518 4 16 8 105 174 4 130 186 4 182 24 49 2895
327.0 12 63 4 8 28 36 12 194 4 146 122 16 47 4 170 462 55 4 67 506 4 16 8 103 170 4 126 182 4 178 24 47 2825
328.0 12 62 4 8 27 35 12 189 4 143 119 15 46 4 166 451 54 4 66 493 4 15 8 100 166 4 123 177 4 173 23 46 2756
329.0 11 60 4 8 26 34 11 184 4 139 117 15 45 4 162 440 53 4 64 481 4 15 8 98 162 4 120 173 4 169 23 45 2688
330.0 11 59 4 7 26 33 11 180 4 136 114 15 44 4 158 429 51 4 62 469 4 15 7 95 158 4 117 169 4 165 22 44 2622
331.0 11 57 4 7 25 32 11 175 4 132 111 14 43 4 154 419 50 4 61 458 4 14 7 93 154 4 114 165 4 161 21 43 2558
332.0 10 56 3 7 24 31 10 171 3 129 108 14 42 3 150 408 49 3 59 447 3 14 7 91 150 3 112 160 3 157 21 42 2494
333.0 10 54 3 7 24 31 10 167 3 126 105 14 41 3 146 398 48 3 58 435 3 14 7 88 146 3 109 156 3 153 20 41 2432
334.0 10 53 3 7 23 30 10 163 3 123 103 13 40 3 143 388 46 3 56 425 3 13 7 86 143 3 106 153 3 149 20 40 2372
335.0 10 52 3 6 23 29 10 158 3 120 100 13 39 3 139 378 45 3 55 414 3 13 6 84 139 3 104 149 3 146 19 39 2313
336.0 9 50 3 6 22 28 9 155 3 117 98 13 38 3 136 369 44 3 54 404 3 13 6 82 136 3 101 145 3 142 19 38 2255
337.0 9 49 3 6 22 28 9 151 3 114 95 12 37 3 132 360 43 3 52 394 3 12 6 80 132 3 98 141 3 138 18 37 2198
338.0 9 48 3 6 21 27 9 147 3 111 93 12 36 3 129 351 42 3 51 384 3 12 6 78 129 3 96 138 3 135 18 36 2143
339.0 9 47 3 6 20 26 9 143 3 108 91 12 35 3 126 342 41 3 50 374 3 12 6 76 126 3 93 134 3 131 18 35 2089
340.0 9 46 3 6 20 26 9 140 3 105 88 11 34 3 122 333 40 3 48 364 3 11 6 74 122 3 91 131 3 128 17 34 2036
341.0 8 44 3 6 19 25 8 136 3 103 86 11 33 3 119 325 39 3 47 355 3 11 6 72 119 3 89 128 3 125 17 33 1984
342.0 8 43 3 5 19 24 8 133 3 100 84 11 32 3 116 316 38 3 46 346 3 11 5 70 116 3 87 124 3 122 16 32 1933
343.0 8 42 3 5 18 24 8 129 3 98 82 11 32 3 113 308 37 3 45 337 3 11 5 69 113 3 84 121 3 119 16 32 1884
344.0 8 41 3 5 18 23 8 126 3 95 80 10 31 3 110 300 36 3 44 329 3 10 5 67 110 3 82 118 3 116 15 31 1836
345.0 8 40 3 5 18 23 8 123 3 93 78 10 30 3 108 293 35 3 43 320 3 10 5 65 108 3 80 115 3 113 15 30 1789
346.0 7 39 2 5 17 22 7 119 2 90 76 10 29 2 105 285 34 2 41 312 2 10 5 63 105 2 78 112 2 110 15 29 1743
347.0 7 38 2 5 17 21 7 116 2 88 74 9 28 2 102 278 33 2 40 304 2 9 5 62 102 2 76 109 2 107 14 28 1698
348.0 7 37 2 5 16 21 7 113 2 86 72 9 28 2 99 271 32 2 39 296 2 9 5 60 99 2 74 106 2 104 14 28 1654
349.0 7 36 2 5 16 20 7 110 2 83 70 9 27 2 97 264 32 2 38 288 2 9 5 59 97 2 72 104 2 101 14 27 1611
350.0 7 35 2 4 15 20 7 108 2 81 68 9 26 2 94 257 31 2 37 281 2 9 4 57 94 2 70 101 2 99 13 26 1569
351.0 6 34 2 4 15 19 6 105 2 79 66 9 26 2 92 250 30 2 36 274 2 9 4 56 92 2 68 98 2 96 13 26 1528
352.0 6 33 2 4 15 19 6 102 2 77 65 8 25 2 90 244 29 2 35 266 2 8 4 54 90 2 67 96 2 94 12 25 1488
353.0 6 32 2 4 14 18 6 99 2 75 63 8 24 2 87 237 28 2 34 259 2 8 4 53 87 2 65 93 2 91 12 24 1449
354.0 6 32 2 4 14 18 6 97 2 73 61 8 24 2 85 231 28 2 34 253 2 8 4 51 85 2 63 91 2 89 12 24 1411
355.0 6 31 2 4 13 17 6 94 2 71 60 8 23 2 83 225 27 2 33 246 2 8 4 50 83 2 62 88 2 87 12 23 1374
356.0 6 30 2 4 13 17 6 92 2 69 58 7 22 2 80 219 26 2 32 240 2 7 4 49 80 2 60 86 2 84 11 22 1338
357.0 5 29 2 4 13 16 5 89 2 67 56 7 22 2 78 213 26 2 31 233 2 7 4 47 78 2 58 84 2 82 11 22 1303
358.0 5 28 2 4 12 16 5 87 2 66 55 7 21 2 76 208 25 2 30 227 2 7 4 46 76 2 57 82 2 80 11 21 1268
359.0 5 28 2 3 12 16 5 85 2 64 54 7 21 2 74 202 24 2 29 221 2 7 3 45 74 2 55 79 2 78 10 21 1235
360.0 5 27 2 3 12 15 5 82 2 62 52 7 20 2 72 197 24 2 29 215 2 7 3 44 72 2 54 77 2 76 10 20 1202
361.0 5 26 2 3 11 15 5 80 2 61 51 7 20 2 70 191 23 2 28 209 2 7 3 43 70 2 52 75 2 74 10 20 1170
362.0 5 25 2 3 11 14 5 78 2 59 49 6 19 2 68 186 22 2 27 204 2 6 3 41 68 2 51 73 2 72 10 19 1139
363.0 5 25 2 3 11 14 5 76 2 57 48 6 19 2 67 181 22 2 26 198 2 6 3 40 67 2 50 71 2 70 9 19 1109
364.0 5 24 2 3 11 14 5 74 2 56 47 6 18 2 65 177 21 2 26 193 2 6 3 39 65 2 48 69 2 68 9 18 1079
365.0 4 23 1 3 10 13 4 72 1 54 46 6 18 1 63 172 21 1 25 188 1 6 3 38 63 1 47 68 1 66 9 18 1050
