Covid-19 Deaths Estimated by PSD Model @ CDS/IISc
Day AN AP AR AS BR CH CT DL GA GJ HR HP JK JH KA KL LA LD MP MH MN OR PY PB RJ SK TN TG TR UP UT WB Total
0.0 0 0 0 0 0 0 0 0 0 0 0 0 0 0 0 0 0 0 0 0 0 0 0 0 0 0 0 0 0 0 0 0 0
1.0 0 0 0 0 0 0 0 0 0 0 0 0 0 0 0 0 0 0 0 0 0 0 0 0 0 0 0 0 0 0 0 0 1
2.0 0 0 0 0 0 0 0 0 0 0 0 0 0 0 0 0 0 0 0 0 0 0 0 0 0 0 0 0 0 0 0 0 2
3.0 0 0 0 0 0 0 0 0 0 0 0 0 0 0 0 0 0 0 0 1 0 0 0 0 0 0 0 0 0 0 0 0 3
4.0 0 0 0 0 0 0 0 0 0 0 0 0 0 0 0 1 0 0 0 1 0 0 0 0 0 0 0 0 0 0 0 0 3
5.0 0 0 0 0 0 0 0 0 0 0 0 0 0 0 0 1 0 0 0 1 0 0 0 0 0 0 0 0 0 0 0 0 4
6.0 0 0 0 0 0 0 0 0 0 0 0 0 0 0 0 1 0 0 0 1 0 0 0 0 0 0 0 0 0 0 0 0 5
7.0 0 0 0 0 0 0 0 0 0 0 0 0 0 0 0 1 0 0 0 1 0 0 0 0 0 0 0 0 0 0 0 0 6
8.0 0 0 0 0 0 0 0 0 0 0 0 0 0 0 0 1 0 0 0 1 0 0 0 0 0 0 0 0 0 0 0 0 7
9.0 0 0 0 0 0 0 0 1 0 0 0 0 0 0 0 1 0 0 0 1 0 0 0 0 0 0 0 1 0 1 0 0 8
10.0 0 0 0 0 0 0 0 1 0 0 0 0 0 0 1 2 0 0 0 2 0 0 0 0 1 0 0 1 0 1 0 0 9
11.0 0 0 0 0 0 0 0 1 0 1 0 0 0 0 1 2 0 0 0 2 0 0 0 0 1 0 0 1 0 1 0 0 11
12.0 0 0 0 0 0 0 0 1 0 1 1 0 0 0 1 2 0 0 0 2 0 0 0 0 1 0 1 1 0 1 0 0 12
13.0 0 0 0 0 0 0 0 1 0 1 1 0 0 0 1 2 0 0 0 2 0 0 0 1 1 0 1 1 0 1 0 0 14
14.0 0 0 0 0 0 0 0 1 0 1 1 0 0 0 1 3 0 0 0 3 0 0 0 1 1 0 1 1 0 1 0 0 16
15.0 0 0 0 0 0 0 0 1 0 1 1 0 0 0 1 3 0 0 0 3 0 0 0 1 1 0 1 1 0 1 0 0 18
16.0 0 0 0 0 0 0 0 1 0 1 1 0 0 0 1 3 0 0 0 4 0 0 0 1 1 0 1 1 0 1 0 0 20
17.0 0 1 0 0 0 0 0 2 0 1 1 0 0 0 1 4 0 0 1 4 0 0 0 1 1 0 1 1 0 1 0 0 23
18.0 0 1 0 0 0 0 0 2 0 1 1 0 0 0 2 4 0 0 1 5 0 0 0 1 2 0 1 2 0 2 0 0 25
19.0 0 1 0 0 0 0 0 2 0 1 1 0 0 0 2 5 1 0 1 5 0 0 0 1 2 0 1 2 0 2 0 0 28
20.0 0 1 0 0 0 0 0 2 0 2 1 0 1 0 2 5 1 0 1 6 0 0 0 1 2 0 1 2 0 2 0 1 31
21.0 0 1 0 0 0 0 0 2 0 2 1 0 1 0 2 6 1 0 1 6 0 0 0 1 2 0 2 2 0 2 0 1 34
22.0 0 1 0 0 0 0 0 3 0 2 2 0 1 0 2 6 1 0 1 7 0 0 0 1 2 0 2 2 0 2 0 1 37
23.0 0 1 0 0 0 1 0 3 0 2 2 0 1 0 2 7 1 0 1 7 0 0 0 1 2 0 2 3 0 3 0 1 40
24.0 0 1 0 0 0 1 0 3 0 2 2 0 1 0 3 7 1 0 1 8 0 0 0 2 3 0 2 3 0 3 0 1 44
25.0 0 1 0 0 0 1 0 3 0 2 2 0 1 0 3 8 1 0 1 9 0 0 0 2 3 0 2 3 0 3 0 1 48
26.0 0 1 0 0 1 1 0 4 0 3 2 0 1 0 3 8 1 0 1 9 0 0 0 2 3 0 2 3 0 3 0 1 51
27.0 0 1 0 0 1 1 0 4 0 3 2 0 1 0 3 9 1 0 1 10 0 0 0 2 3 0 2 4 0 3 0 1 56
28.0 0 1 0 0 1 1 0 4 0 3 3 0 1 0 4 10 1 0 1 11 0 0 0 2 4 0 3 4 0 4 1 1 60
29.0 0 1 0 0 1 1 0 4 0 3 3 0 1 0 4 11 1 0 2 12 0 0 0 2 4 0 3 4 0 4 1 1 65
30.0 0 2 0 0 1 1 0 5 0 4 3 0 1 0 4 11 1 0 2 12 0 0 0 3 4 0 3 4 0 4 1 1 69
31.0 0 2 0 0 1 1 0 5 0 4 3 0 1 0 4 12 1 0 2 13 0 0 0 3 4 0 3 5 0 5 1 1 75
32.0 0 2 0 0 1 1 0 5 0 4 3 0 1 0 5 13 2 0 2 14 0 0 0 3 5 0 4 5 0 5 1 1 80
33.0 0 2 0 0 1 1 0 6 0 4 4 0 1 0 5 14 2 0 2 15 0 0 0 3 5 0 4 6 0 5 1 1 86
34.0 0 2 0 0 1 1 0 6 0 5 4 1 2 0 6 15 2 0 2 16 0 1 0 3 6 0 4 6 0 6 1 2 92
35.0 0 2 0 0 1 1 0 7 0 5 4 1 2 0 6 16 2 0 2 18 0 1 0 4 6 0 4 6 0 6 1 2 98
36.0 0 2 0 0 1 1 0 7 0 5 5 1 2 0 6 17 2 0 2 19 0 1 0 4 6 0 5 7 0 7 1 2 105
37.0 0 3 0 0 1 1 0 8 0 6 5 1 2 0 7 18 2 0 3 20 0 1 0 4 7 0 5 7 0 7 1 2 112
38.0 1 3 0 0 1 2 1 8 0 6 5 1 2 0 7 20 2 0 3 21 0 1 0 4 7 0 5 8 0 8 1 2 120
39.0 1 3 0 0 1 2 1 9 0 7 6 1 2 0 8 21 2 0 3 23 0 1 0 5 8 0 6 8 0 8 1 2 127
40.0 1 3 0 0 1 2 1 9 0 7 6 1 2 0 8 22 3 0 3 24 0 1 0 5 8 0 6 9 0 8 1 2 135
41.0 1 3 0 0 1 2 1 10 0 7 6 1 2 0 9 23 3 0 3 26 0 1 0 5 9 0 6 9 0 9 1 2 143
42.0 1 3 0 0 1 2 1 10 0 8 7 1 3 0 9 25 3 0 4 27 0 1 0 5 9 0 7 10 0 10 1 3 151
43.0 1 4 0 0 2 2 1 11 0 8 7 1 3 0 10 26 3 0 4 29 0 1 0 6 10 0 7 10 0 10 1 3 159
44.0 1 4 0 0 2 2 1 11 0 9 7 1 3 0 10 27 3 0 4 30 0 1 0 6 10 0 8 11 0 11 1 3 168
45.0 1 4 0 0 2 2 1 12 0 9 8 1 3 0 11 29 3 0 4 32 0 1 0 6 11 0 8 11 0 11 1 3 176
46.0 1 4 0 1 2 2 1 13 0 10 8 1 3 0 11 30 4 0 4 33 0 1 1 7 11 0 8 12 0 12 2 3 184
47.0 1 4 0 1 2 2 1 13 0 10 8 1 3 0 12 31 4 0 5 34 0 1 1 7 12 0 9 12 0 12 2 3 192
48.0 1 4 0 1 2 3 1 14 0 10 9 1 3 0 12 33 4 0 5 36 0 1 1 7 12 0 9 13 0 13 2 3 201
49.0 1 5 0 1 2 3 1 14 0 11 9 1 3 0 13 34 4 0 5 37 0 1 1 8 13 0 9 13 0 13 2 3 208
50.0 1 5 0 1 2 3 1 15 0 11 9 1 4 0 13 35 4 0 5 39 0 1 1 8 13 0 10 14 0 14 2 4 216
51.0 1 5 0 1 2 3 1 15 0 12 10 1 4 0 13 37 4 0 5 40 0 1 1 8 13 0 10 14 0 14 2 4 224
52.0 1 5 0 1 2 3 1 16 0 12 10 1 4 0 14 38 5 0 5 41 0 1 1 8 14 0 10 15 0 15 2 4 231
53.0 1 5 0 1 2 3 1 16 0 12 10 1 4 0 14 39 5 0 6 43 0 1 1 9 14 0 11 15 0 15 2 4 238
54.0 1 5 0 1 2 3 1 17 0 13 11 1 4 0 15 40 5 0 6 44 0 1 1 9 15 0 11 16 0 15 2 4 245
55.0 1 6 0 1 2 3 1 17 0 13 11 1 4 0 15 41 5 0 6 45 0 1 1 9 15 0 11 16 0 16 2 4 252
56.0 1 6 0 1 3 3 1 18 0 13 11 1 4 0 16 42 5 0 6 46 0 1 1 9 16 0 12 17 0 16 2 4 260
57.0 1 6 0 1 3 3 1 18 0 14 12 1 4 0 16 44 5 0 6 48 0 1 1 10 16 0 12 17 0 17 2 4 267
58.0 1 6 0 1 3 3 1 19 0 14 12 2 5 0 16 45 5 0 7 49 0 2 1 10 16 0 12 18 0 17 2 5 274
59.0 1 6 0 1 3 4 1 19 0 15 12 2 5 0 17 46 6 0 7 50 0 2 1 10 17 0 13 18 0 18 2 5 282
60.0 1 6 0 1 3 4 1 20 0 15 13 2 5 0 17 47 6 0 7 52 0 2 1 11 17 0 13 19 0 18 2 5 290
61.0 1 7 0 1 3 4 1 20 0 15 13 2 5 0 18 49 6 0 7 53 0 2 1 11 18 0 13 19 0 19 2 5 297
62.0 1 7 0 1 3 4 1 21 0 16 13 2 5 0 18 50 6 0 7 55 0 2 1 11 18 0 14 20 0 19 3 5 305
63.0 1 7 0 1 3 4 1 21 0 16 14 2 5 0 19 51 6 0 7 56 0 2 1 11 19 0 14 20 0 20 3 5 313
64.0 1 7 0 1 3 4 1 22 0 17 14 2 5 0 19 53 6 0 8 58 0 2 1 12 19 0 14 21 0 20 3 5 322
65.0 1 7 0 1 3 4 1 23 0 17 14 2 6 0 20 54 6 0 8 59 0 2 1 12 20 0 15 21 0 21 3 6 330
66.0 1 8 0 1 3 4 1 23 0 18 15 2 6 0 20 55 7 0 8 61 0 2 1 12 20 0 15 22 0 21 3 6 339
67.0 1 8 0 1 3 4 1 24 0 18 15 2 6 0 21 57 7 0 8 62 0 2 1 13 21 0 16 22 0 22 3 6 348
68.0 1 8 0 1 3 4 1 24 0 18 15 2 6 0 21 58 7 0 8 64 0 2 1 13 21 0 16 23 0 22 3 6 357
69.0 2 8 1 1 4 5 2 25 1 19 16 2 6 1 22 60 7 1 9 66 1 2 1 13 22 1 16 24 1 23 3 6 366
70.0 2 8 1 1 4 5 2 26 1 19 16 2 6 1 23 61 7 1 9 67 1 2 1 14 23 1 17 24 1 24 3 6 376
71.0 2 9 1 1 4 5 2 26 1 20 17 2 6 1 23 63 8 1 9 69 1 2 1 14 23 1 17 25 1 24 3 6 386
72.0 2 9 1 1 4 5 2 27 1 20 17 2 7 1 24 65 8 1 9 71 1 2 1 14 24 1 18 25 1 25 3 7 396
73.0 2 9 1 1 4 5 2 28 1 21 18 2 7 1 24 66 8 1 10 73 1 2 1 15 24 1 18 26 1 26 3 7 406
74.0 2 9 1 1 4 5 2 29 1 22 18 2 7 1 25 68 8 1 10 75 1 2 1 15 25 1 19 27 1 26 3 7 417
75.0 2 10 1 1 4 5 2 29 1 22 19 2 7 1 26 70 8 1 10 77 1 2 1 16 26 1 19 28 1 27 4 7 428
76.0 2 10 1 1 4 6 2 30 1 23 19 2 7 1 26 72 9 1 10 79 1 2 1 16 26 1 20 28 1 28 4 7 439
77.0 2 10 1 1 4 6 2 31 1 23 20 3 8 1 27 74 9 1 11 81 1 3 1 16 27 1 20 29 1 28 4 8 450
78.0 2 10 1 1 5 6 2 32 1 24 20 3 8 1 28 76 9 1 11 83 1 3 1 17 28 1 21 30 1 29 4 8 462
79.0 2 11 1 1 5 6 2 32 1 25 21 3 8 1 29 78 9 1 11 85 1 3 1 17 29 1 21 30 1 30 4 8 474
80.0 2 11 1 1 5 6 2 33 1 25 21 3 8 1 29 80 10 1 12 87 1 3 1 18 29 1 22 31 1 31 4 8 486
81.0 2 11 1 1 5 6 2 34 1 26 22 3 8 1 30 82 10 1 12 89 1 3 1 18 30 1 22 32 1 31 4 8 499
82.0 2 11 1 1 5 6 2 35 1 26 22 3 9 1 31 84 10 1 12 92 1 3 1 19 31 1 23 33 1 32 4 9 511
83.0 2 12 1 1 5 7 2 36 1 27 23 3 9 1 32 86 10 1 12 94 1 3 1 19 32 1 23 34 1 33 4 9 525
84.0 2 12 1 2 5 7 2 37 1 28 23 3 9 1 32 88 11 1 13 96 1 3 2 20 32 1 24 35 1 34 5 9 538
85.0 2 12 1 2 5 7 2 38 1 29 24 3 9 1 33 90 11 1 13 99 1 3 2 20 33 1 25 35 1 35 5 9 551
86.0 2 13 1 2 6 7 2 39 1 29 25 3 9 1 34 92 11 1 13 101 1 3 2 21 34 1 25 36 1 36 5 9 565
87.0 2 13 1 2 6 7 2 40 1 30 25 3 10 1 35 95 11 1 14 104 1 3 2 21 35 1 26 37 1 36 5 10 579
88.0 2 13 1 2 6 7 2 41 1 31 26 3 10 1 36 97 12 1 14 106 1 3 2 22 36 1 27 38 1 37 5 10 594
89.0 3 14 1 2 6 8 3 42 1 31 26 3 10 1 37 100 12 1 14 109 1 3 2 22 37 1 27 39 1 38 5 10 608
90.0 3 14 1 2 6 8 3 43 1 32 27 3 10 1 37 102 12 1 15 112 1 3 2 23 37 1 28 40 1 39 5 10 623
91.0 3 14 1 2 6 8 3 44 1 33 28 4 11 1 38 104 12 1 15 114 1 4 2 23 38 1 29 41 1 40 5 11 638
92.0 3 15 1 2 6 8 3 45 1 34 28 4 11 1 39 107 13 1 16 117 1 4 2 24 39 1 29 42 1 41 5 11 654
93.0 3 15 1 2 7 8 3 46 1 35 29 4 11 1 40 110 13 1 16 120 1 4 2 24 40 1 30 43 1 42 6 11 669
94.0 3 15 1 2 7 9 3 47 1 35 30 4 12 1 41 112 13 1 16 123 1 4 2 25 41 1 31 44 1 43 6 12 685
95.0 3 16 1 2 7 9 3 48 1 36 30 4 12 1 42 115 14 1 17 126 1 4 2 26 42 1 31 45 1 44 6 12 701
96.0 3 16 1 2 7 9 3 49 1 37 31 4 12 1 43 117 14 1 17 129 1 4 2 26 43 1 32 46 1 45 6 12 718
97.0 3 16 1 2 7 9 3 50 1 38 32 4 12 1 44 120 14 1 17 132 1 4 2 27 44 1 33 47 1 46 6 12 735
98.0 3 17 1 2 7 9 3 52 1 39 33 4 13 1 45 123 15 1 18 135 1 4 2 27 45 1 34 48 1 47 6 13 752
99.0 3 17 1 2 8 10 3 53 1 40 33 4 13 1 46 126 15 1 18 138 1 4 2 28 46 1 34 49 1 48 6 13 769
100.0 3 18 1 2 8 10 3 54 1 41 34 4 13 1 47 129 15 1 19 141 1 4 2 29 47 1 35 51 1 49 7 13 786
101.0 3 18 1 2 8 10 3 55 1 42 35 4 13 1 48 132 16 1 19 144 1 4 2 29 48 1 36 52 1 51 7 13 804
102.0 3 18 1 2 8 10 3 56 1 43 36 5 14 1 49 134 16 1 20 147 1 5 2 30 49 1 37 53 1 52 7 14 822
103.0 4 19 1 2 8 11 4 58 1 43 36 5 14 1 51 137 16 1 20 150 1 5 2 31 51 1 38 54 1 53 7 14 840
104.0 4 19 1 2 8 11 4 59 1 44 37 5 14 1 52 140 17 1 20 154 1 5 2 31 52 1 38 55 1 54 7 14 859
105.0 4 20 1 2 9 11 4 60 1 45 38 5 15 1 53 144 17 1 21 157 1 5 2 32 53 1 39 56 1 55 7 15 877
106.0 4 20 1 3 9 11 4 61 1 46 39 5 15 1 54 147 18 1 21 160 1 5 3 33 54 1 40 58 1 56 8 15 896
107.0 4 20 1 3 9 12 4 63 1 47 40 5 15 1 55 150 18 1 22 164 1 5 3 33 55 1 41 59 1 58 8 15 915
108.0 4 21 1 3 9 12 4 64 1 48 41 5 16 1 56 153 18 1 22 167 1 5 3 34 56 1 42 60 1 59 8 16 935
109.0 4 21 1 3 9 12 4 65 1 49 41 5 16 1 57 156 19 1 23 171 1 5 3 35 57 1 43 61 1 60 8 16 954
110.0 4 22 1 3 10 12 4 67 1 50 42 5 16 1 59 159 19 1 23 174 1 5 3 35 59 1 44 63 1 61 8 16 974
111.0 4 22 1 3 10 13 4 68 1 51 43 6 17 1 60 163 19 1 24 178 1 6 3 36 60 1 44 64 1 63 8 17 994
112.0 4 23 1 3 10 13 4 69 1 52 44 6 17 1 61 166 20 1 24 182 1 6 3 37 61 1 45 65 1 64 9 17 1014
113.0 4 23 1 3 10 13 4 71 1 54 45 6 17 1 62 169 20 1 25 185 1 6 3 38 62 1 46 67 1 65 9 17 1034
114.0 4 24 1 3 10 13 4 72 1 55 46 6 18 1 63 173 21 1 25 189 1 6 3 38 63 1 47 68 1 66 9 18 1055
115.0 5 24 2 3 11 14 5 74 2 56 47 6 18 2 65 176 21 2 26 193 2 6 3 39 65 2 48 69 2 68 9 18 1076
116.0 5 25 2 3 11 14 5 75 2 57 48 6 18 2 66 179 21 2 26 196 2 6 3 40 66 2 49 71 2 69 9 18 1097
117.0 5 25 2 3 11 14 5 77 2 58 48 6 19 2 67 183 22 2 27 200 2 6 3 41 67 2 50 72 2 70 9 19 1118
118.0 5 25 2 3 11 14 5 78 2 59 49 6 19 2 68 186 22 2 27 204 2 6 3 41 68 2 51 73 2 72 10 19 1139
119.0 5 26 2 3 11 15 5 80 2 60 50 6 19 2 70 190 23 2 28 208 2 6 3 42 70 2 52 75 2 73 10 19 1160
120.0 5 26 2 3 12 15 5 81 2 61 51 7 20 2 71 193 23 2 28 212 2 7 3 43 71 2 53 76 2 74 10 20 1182
121.0 5 27 2 3 12 15 5 82 2 62 52 7 20 2 72 197 24 2 29 215 2 7 3 44 72 2 54 77 2 76 10 20 1203
122.0 5 27 2 3 12 15 5 84 2 63 53 7 21 2 74 200 24 2 29 219 2 7 3 45 74 2 55 79 2 77 10 21 1225
123.0 5 28 2 3 12 16 5 85 2 65 54 7 21 2 75 204 24 2 30 223 2 7 3 45 75 2 56 80 2 78 10 21 1247
124.0 5 28 2 4 12 16 5 87 2 66 55 7 21 2 76 208 25 2 30 227 2 7 4 46 76 2 57 82 2 80 11 21 1269
125.0 5 29 2 4 13 16 5 88 2 67 56 7 22 2 78 211 25 2 31 231 2 7 4 47 78 2 58 83 2 81 11 22 1291
126.0 6 29 2 4 13 17 6 90 2 68 57 7 22 2 79 215 26 2 31 235 2 7 4 48 79 2 59 84 2 83 11 22 1313
127.0 6 30 2 4 13 17 6 92 2 69 58 7 22 2 80 219 26 2 32 239 2 7 4 49 80 2 60 86 2 84 11 22 1335
128.0 6 30 2 4 13 17 6 93 2 70 59 8 23 2 82 222 27 2 32 243 2 8 4 49 82 2 61 87 2 85 11 23 1358
129.0 6 31 2 4 14 17 6 95 2 71 60 8 23 2 83 226 27 2 33 247 2 8 4 50 83 2 62 89 2 87 12 23 1380
130.0 6 31 2 4 14 18 6 96 2 73 61 8 24 2 84 229 27 2 33 251 2 8 4 51 84 2 63 90 2 88 12 24 1402
131.0 6 32 2 4 14 18 6 98 2 74 62 8 24 2 86 233 28 2 34 255 2 8 4 52 86 2 64 92 2 90 12 24 1425
132.0 6 32 2 4 14 18 6 99 2 75 63 8 24 2 87 237 28 2 34 259 2 8 4 53 87 2 65 93 2 91 12 24 1447
133.0 6 33 2 4 14 18 6 101 2 76 64 8 25 2 88 240 29 2 35 263 2 8 4 53 88 2 66 95 2 92 12 25 1470
134.0 6 33 2 4 15 19 6 102 2 77 65 8 25 2 90 244 29 2 35 267 2 8 4 54 90 2 67 96 2 94 13 25 1492
135.0 6 34 2 4 15 19 6 104 2 78 66 8 25 2 91 248 30 2 36 271 2 8 4 55 91 2 68 97 2 95 13 25 1514
136.0 6 34 2 4 15 19 6 105 2 80 67 9 26 2 92 251 30 2 37 275 2 9 4 56 92 2 69 99 2 97 13 26 1537
137.0 7 35 2 4 15 20 7 107 2 81 68 9 26 2 94 255 31 2 37 279 2 9 4 57 94 2 70 100 2 98 13 26 1559
138.0 7 35 2 4 15 20 7 108 2 82 69 9 27 2 95 259 31 2 38 283 2 9 4 57 95 2 71 102 2 100 13 27 1581
139.0 7 36 2 4 16 20 7 110 2 83 70 9 27 2 96 262 31 2 38 287 2 9 4 58 96 2 72 103 2 101 13 27 1603
140.0 7 36 2 5 16 20 7 111 2 84 70 9 27 2 98 266 32 2 39 291 2 9 5 59 98 2 73 105 2 102 14 27 1625
141.0 7 37 2 5 16 21 7 113 2 85 71 9 28 2 99 270 32 2 39 295 2 9 5 60 99 2 74 106 2 104 14 28 1647
142.0 7 37 2 5 16 21 7 114 2 86 72 9 28 2 100 273 33 2 40 299 2 9 5 61 100 2 75 107 2 105 14 28 1669
143.0 7 38 2 5 17 21 7 116 2 87 73 9 28 2 102 277 33 2 40 303 2 9 5 61 102 2 76 109 2 106 14 28 1690
144.0 7 38 2 5 17 22 7 117 2 89 74 10 29 2 103 280 34 2 41 306 2 10 5 62 103 2 77 110 2 108 14 29 1712
145.0 7 39 2 5 17 22 7 119 2 90 75 10 29 2 104 284 34 2 41 310 2 10 5 63 104 2 78 112 2 109 15 29 1733
146.0 7 39 2 5 17 22 7 120 2 91 76 10 29 2 106 287 34 2 42 314 2 10 5 64 106 2 79 113 2 110 15 29 1754
147.0 7 40 2 5 17 22 7 122 2 92 77 10 30 2 107 290 35 2 42 318 2 10 5 65 107 2 79 114 2 112 15 30 1775
148.0 8 40 3 5 18 23 8 123 3 93 78 10 30 3 108 294 35 3 43 321 3 10 5 65 108 3 80 116 3 113 15 30 1796
149.0 8 41 3 5 18 23 8 124 3 94 79 10 30 3 109 297 36 3 43 325 3 10 5 66 109 3 81 117 3 114 15 30 1816
150.0 8 41 3 5 18 23 8 126 3 95 80 10 31 3 110 301 36 3 44 329 3 10 5 67 110 3 82 118 3 116 15 31 1836
151.0 8 42 3 5 18 23 8 127 3 96 80 10 31 3 112 304 36 3 44 332 3 10 5 68 112 3 83 119 3 117 16 31 1856
152.0 8 42 3 5 18 24 8 129 3 97 81 10 31 3 113 307 37 3 45 336 3 10 5 68 113 3 84 121 3 118 16 31 1876
153.0 8 42 3 5 19 24 8 130 3 98 82 11 32 3 114 310 37 3 45 339 3 11 5 69 114 3 85 122 3 119 16 32 1895
154.0 8 43 3 5 19 24 8 131 3 99 83 11 32 3 115 313 37 3 46 343 3 11 5 70 115 3 86 123 3 120 16 32 1914
155.0 8 43 3 5 19 24 8 132 3 100 84 11 32 3 116 316 38 3 46 346 3 11 5 70 116 3 87 124 3 122 16 32 1933
156.0 8 44 3 5 19 25 8 134 3 101 85 11 33 3 117 319 38 3 46 349 3 11 5 71 117 3 87 126 3 123 16 33 1951
157.0 8 44 3 6 19 25 8 135 3 102 85 11 33 3 118 322 39 3 47 353 3 11 6 72 118 3 88 127 3 124 17 33 1969
158.0 8 44 3 6 19 25 8 136 3 103 86 11 33 3 119 325 39 3 47 356 3 11 6 72 119 3 89 128 3 125 17 33 1987
159.0 8 45 3 6 20 25 8 137 3 104 87 11 34 3 121 328 39 3 48 359 3 11 6 73 121 3 90 129 3 126 17 34 2004
160.0 8 45 3 6 20 25 8 138 3 105 88 11 34 3 122 331 40 3 48 362 3 11 6 73 122 3 90 130 3 127 17 34 2021
161.0 9 46 3 6 20 26 9 140 3 105 88 11 34 3 123 333 40 3 48 365 3 11 6 74 123 3 91 131 3 128 17 34 2037
162.0 9 46 3 6 20 26 9 141 3 106 89 11 34 3 123 336 40 3 49 368 3 11 6 75 123 3 92 132 3 129 17 34 2053
163.0 9 46 3 6 20 26 9 142 3 107 90 12 35 3 124 339 41 3 49 370 3 12 6 75 124 3 93 133 3 130 17 35 2069
164.0 9 47 3 6 20 26 9 143 3 108 90 12 35 3 125 341 41 3 50 373 3 12 6 76 125 3 93 134 3 131 17 35 2084
165.0 9 47 3 6 21 26 9 144 3 109 91 12 35 3 126 343 41 3 50 376 3 12 6 76 126 3 94 135 3 132 18 35 2098
166.0 9 47 3 6 21 27 9 145 3 109 92 12 35 3 127 346 41 3 50 378 3 12 6 77 127 3 95 136 3 133 18 35 2112
167.0 9 48 3 6 21 27 9 146 3 110 92 12 36 3 128 348 42 3 51 381 3 12 6 77 128 3 95 137 3 134 18 36 2126
168.0 9 48 3 6 21 27 9 147 3 111 93 12 36 3 129 350 42 3 51 383 3 12 6 78 129 3 96 138 3 135 18 36 2139
169.0 9 48 3 6 21 27 9 147 3 111 93 12 36 3 129 352 42 3 51 385 3 12 6 78 129 3 96 138 3 135 18 36 2151
170.0 9 48 3 6 21 27 9 148 3 112 94 12 36 3 130 354 42 3 51 387 3 12 6 79 130 3 97 139 3 136 18 36 2163
171.0 9 49 3 6 21 27 9 149 3 113 94 12 36 3 131 356 43 3 52 389 3 12 6 79 131 3 97 140 3 137 18 36 2175
172.0 9 49 3 6 21 28 9 150 3 113 95 12 37 3 131 358 43 3 52 391 3 12 6 79 131 3 98 141 3 138 18 37 2186
173.0 9 49 3 6 21 28 9 150 3 114 95 12 37 3 132 359 43 3 52 393 3 12 6 80 132 3 98 141 3 138 18 37 2196
174.0 9 49 3 6 22 28 9 151 3 114 96 12 37 3 133 361 43 3 52 395 3 12 6 80 133 3 99 142 3 139 19 37 2206
175.0 9 50 3 6 22 28 9 152 3 115 96 12 37 3 133 362 43 3 53 396 3 12 6 81 133 3 99 142 3 139 19 37 2215
176.0 9 50 3 6 22 28 9 152 3 115 96 12 37 3 134 364 44 3 53 398 3 12 6 81 134 3 99 143 3 140 19 37 2223
177.0 9 50 3 6 22 28 9 153 3 115 97 12 37 3 134 365 44 3 53 399 3 12 6 81 134 3 100 144 3 140 19 37 2231
178.0 9 50 3 6 22 28 9 153 3 116 97 13 38 3 135 366 44 3 53 401 3 13 6 81 135 3 100 144 3 141 19 38 2238
179.0 9 50 3 6 22 28 9 154 3 116 97 13 38 3 135 367 44 3 53 402 3 13 6 82 135 3 100 144 3 141 19 38 2245
180.0 9 50 3 6 22 28 9 154 3 116 98 13 38 3 135 368 44 3 54 403 3 13 6 82 135 3 101 145 3 142 19 38 2251
181.0 9 50 3 6 22 28 9 155 3 117 98 13 38 3 136 369 44 3 54 404 3 13 6 82 136 3 101 145 3 142 19 38 2256
182.0 9 51 3 6 22 28 9 155 3 117 98 13 38 3 136 370 44 3 54 405 3 13 6 82 136 3 101 145 3 142 19 38 2261
183.0 10 51 3 6 22 29 10 155 3 117 98 13 38 3 136 371 44 3 54 406 3 13 6 82 136 3 101 146 3 143 19 38 2265
184.0 10 51 3 6 22 29 10 155 3 117 98 13 38 3 136 371 44 3 54 406 3 13 6 83 136 3 102 146 3 143 19 38 2269
185.0 10 51 3 6 22 29 10 156 3 118 98 13 38 3 137 372 44 3 54 407 3 13 6 83 137 3 102 146 3 143 19 38 2272
186.0 10 51 3 6 22 29 10 156 3 118 99 13 38 3 137 372 45 3 54 407 3 13 6 83 137 3 102 146 3 143 19 38 2274
187.0 10 51 3 6 22 29 10 156 3 118 99 13 38 3 137 372 45 3 54 407 3 13 6 83 137 3 102 146 3 143 19 38 2275
188.0 10 51 3 6 22 29 10 156 3 118 99 13 38 3 137 372 45 3 54 407 3 13 6 83 137 3 102 146 3 143 19 38 2276
189.0 10 51 3 6 22 29 10 156 3 118 99 13 38 3 137 372 45 3 54 407 3 13 6 83 137 3 102 146 3 143 19 38 2276
190.0 10 51 3 6 22 29 10 156 3 118 99 13 38 3 137 372 45 3 54 407 3 13 6 83 137 3 102 146 3 143 19 38 2276
191.0 10 51 3 6 22 29 10 156 3 118 99 13 38 3 137 372 45 3 54 407 3 13 6 83 137 3 102 146 3 143 19 38 2275
192.0 10 51 3 6 22 29 10 156 3 118 99 13 38 3 137 372 45 3 54 407 3 13 6 83 137 3 102 146 3 143 19 38 2273
193.0 10 51 3 6 22 29 10 156 3 117 98 13 38 3 137 372 44 3 54 406 3 13 6 83 137 3 102 146 3 143 19 38 2270
194.0 10 51 3 6 22 29 10 155 3 117 98 13 38 3 136 371 44 3 54 406 3 13 6 82 136 3 101 146 3 143 19 38 2267
195.0 9 51 3 6 22 28 9 155 3 117 98 13 38 3 136 370 44 3 54 405 3 13 6 82 136 3 101 146 3 142 19 38 2263
196.0 9 51 3 6 22 28 9 155 3 117 98 13 38 3 136 370 44 3 54 404 3 13 6 82 136 3 101 145 3 142 19 38 2259
197.0 9 50 3 6 22 28 9 154 3 117 98 13 38 3 136 369 44 3 54 404 3 13 6 82 136 3 101 145 3 142 19 38 2254
198.0 9 50 3 6 22 28 9 154 3 116 97 13 38 3 135 368 44 3 53 402 3 13 6 82 135 3 101 145 3 141 19 38 2248
199.0 9 50 3 6 22 28 9 154 3 116 97 13 38 3 135 367 44 3 53 401 3 13 6 82 135 3 100 144 3 141 19 38 2242
200.0 9 50 3 6 22 28 9 153 3 116 97 13 38 3 134 366 44 3 53 400 3 13 6 81 134 3 100 144 3 141 19 38 2235
201.0 9 50 3 6 22 28 9 153 3 115 97 12 37 3 134 364 44 3 53 399 3 12 6 81 134 3 100 143 3 140 19 37 2227
202.0 9 50 3 6 22 28 9 152 3 115 96 12 37 3 133 363 43 3 53 397 3 12 6 81 133 3 99 143 3 140 19 37 2219
203.0 9 49 3 6 22 28 9 151 3 114 96 12 37 3 133 362 43 3 53 396 3 12 6 80 133 3 99 142 3 139 19 37 2210
204.0 9 49 3 6 22 28 9 151 3 114 95 12 37 3 132 360 43 3 52 394 3 12 6 80 132 3 99 142 3 139 18 37 2201
205.0 9 49 3 6 21 28 9 150 3 113 95 12 37 3 132 359 43 3 52 392 3 12 6 80 132 3 98 141 3 138 18 37 2191
206.0 9 49 3 6 21 27 9 149 3 113 95 12 37 3 131 357 43 3 52 390 3 12 6 79 131 3 98 140 3 137 18 37 2180
207.0 9 49 3 6 21 27 9 149 3 112 94 12 36 3 130 355 42 3 52 388 3 12 6 79 130 3 97 140 3 137 18 36 2169
208.0 9 48 3 6 21 27 9 148 3 112 94 12 36 3 130 353 42 3 51 386 3 12 6 78 130 3 97 139 3 136 18 36 2158
209.0 9 48 3 6 21 27 9 147 3 111 93 12 36 3 129 351 42 3 51 384 3 12 6 78 129 3 96 138 3 135 18 36 2145
210.0 9 48 3 6 21 27 9 146 3 110 92 12 36 3 128 349 42 3 51 382 3 12 6 78 128 3 95 137 3 134 18 36 2133
211.0 9 47 3 6 21 27 9 145 3 110 92 12 36 3 127 347 41 3 50 379 3 12 6 77 127 3 95 136 3 133 18 36 2119
212.0 9 47 3 6 21 27 9 144 3 109 91 12 35 3 127 345 41 3 50 377 3 12 6 77 127 3 94 135 3 133 18 35 2105
213.0 9 47 3 6 20 26 9 143 3 108 91 12 35 3 126 342 41 3 50 374 3 12 6 76 126 3 94 135 3 132 18 35 2091
214.0 9 46 3 6 20 26 9 142 3 107 90 12 35 3 125 340 41 3 49 372 3 12 6 76 125 3 93 134 3 131 17 35 2076
215.0 9 46 3 6 20 26 9 141 3 107 89 12 35 3 124 337 40 3 49 369 3 12 6 75 124 3 92 133 3 130 17 35 2061
216.0 9 46 3 6 20 26 9 140 3 106 89 11 34 3 123 335 40 3 49 366 3 11 6 74 123 3 92 132 3 129 17 34 2045
217.0 9 45 3 6 20 26 9 139 3 105 88 11 34 3 122 332 40 3 48 363 3 11 6 74 122 3 91 131 3 128 17 34 2029
218.0 8 45 3 6 20 25 8 138 3 104 87 11 34 3 121 329 39 3 48 360 3 11 6 73 121 3 90 129 3 127 17 34 2012
219.0 8 45 3 6 20 25 8 137 3 103 87 11 33 3 120 327 39 3 47 357 3 11 6 73 120 3 89 128 3 126 17 33 1995
220.0 8 44 3 6 19 25 8 136 3 102 86 11 33 3 119 324 39 3 47 354 3 11 6 72 119 3 89 127 3 124 17 33 1978
221.0 8 44 3 5 19 25 8 134 3 101 85 11 33 3 118 321 38 3 47 351 3 11 5 71 118 3 88 126 3 123 16 33 1960
222.0 8 43 3 5 19 24 8 133 3 100 84 11 33 3 117 318 38 3 46 348 3 11 5 71 117 3 87 125 3 122 16 33 1942
223.0 8 43 3 5 19 24 8 132 3 100 83 11 32 3 116 315 38 3 46 344 3 11 5 70 116 3 86 124 3 121 16 32 1923
224.0 8 43 3 5 19 24 8 131 3 99 83 11 32 3 115 312 37 3 45 341 3 11 5 69 115 3 85 123 3 120 16 32 1905
225.0 8 42 3 5 18 24 8 129 3 98 82 11 32 3 113 309 37 3 45 338 3 11 5 69 113 3 84 121 3 119 16 32 1885
226.0 8 42 3 5 18 23 8 128 3 97 81 10 31 3 112 305 37 3 44 334 3 10 5 68 112 3 84 120 3 117 16 31 1866
227.0 8 41 3 5 18 23 8 127 3 96 80 10 31 3 111 302 36 3 44 330 3 10 5 67 111 3 83 119 3 116 15 31 1846
228.0 8 41 3 5 18 23 8 125 3 94 79 10 31 3 110 299 36 3 43 327 3 10 5 66 110 3 82 117 3 115 15 31 1826
229.0 8 40 3 5 18 23 8 124 3 93 78 10 30 3 109 295 35 3 43 323 3 10 5 66 109 3 81 116 3 114 15 30 1806
230.0 7 40 2 5 17 22 7 122 2 92 77 10 30 2 107 292 35 2 42 320 2 10 5 65 107 2 80 115 2 112 15 30 1785
231.0 7 39 2 5 17 22 7 121 2 91 76 10 30 2 106 289 35 2 42 316 2 10 5 64 106 2 79 114 2 111 15 30 1764
232.0 7 39 2 5 17 22 7 119 2 90 76 10 29 2 105 285 34 2 41 312 2 10 5 63 105 2 78 112 2 110 15 29 1743
233.0 7 39 2 5 17 22 7 118 2 89 75 10 29 2 104 282 34 2 41 308 2 10 5 63 104 2 77 111 2 108 14 29 1722
234.0 7 38 2 5 17 21 7 117 2 88 74 10 29 2 102 278 33 2 40 304 2 10 5 62 102 2 76 109 2 107 14 29 1701
235.0 7 38 2 5 16 21 7 115 2 87 73 9 28 2 101 275 33 2 40 301 2 9 5 61 101 2 75 108 2 106 14 28 1679
236.0 7 37 2 5 16 21 7 114 2 86 72 9 28 2 100 271 32 2 39 297 2 9 5 60 100 2 74 107 2 104 14 28 1657
237.0 7 37 2 5 16 21 7 112 2 85 71 9 27 2 98 268 32 2 39 293 2 9 5 59 98 2 73 105 2 103 14 27 1635
238.0 7 36 2 5 16 20 7 111 2 83 70 9 27 2 97 264 32 2 38 289 2 9 5 59 97 2 72 104 2 102 14 27 1613
239.0 7 36 2 4 16 20 7 109 2 82 69 9 27 2 96 260 31 2 38 285 2 9 4 58 96 2 71 102 2 100 13 27 1591
240.0 7 35 2 4 15 20 7 108 2 81 68 9 26 2 94 257 31 2 37 281 2 9 4 57 94 2 70 101 2 99 13 26 1569
241.0 6 35 2 4 15 19 6 106 2 80 67 9 26 2 93 253 30 2 37 277 2 9 4 56 93 2 69 100 2 97 13 26 1547
242.0 6 34 2 4 15 19 6 104 2 79 66 9 26 2 92 249 30 2 36 273 2 9 4 55 92 2 68 98 2 96 13 26 1524
243.0 6 34 2 4 15 19 6 103 2 78 65 8 25 2 90 246 29 2 36 269 2 8 4 55 90 2 67 97 2 95 13 25 1502
244.0 6 33 2 4 14 19 6 101 2 77 64 8 25 2 89 242 29 2 35 265 2 8 4 54 89 2 66 95 2 93 12 25 1480
245.0 6 33 2 4 14 18 6 100 2 75 63 8 24 2 88 238 29 2 35 261 2 8 4 53 88 2 65 94 2 92 12 24 1457
246.0 6 32 2 4 14 18 6 98 2 74 62 8 24 2 86 235 28 2 34 257 2 8 4 52 86 2 64 92 2 90 12 24 1435
247.0 6 32 2 4 14 18 6 97 2 73 61 8 24 2 85 231 28 2 34 253 2 8 4 51 85 2 63 91 2 89 12 24 1412
248.0 6 31 2 4 14 17 6 95 2 72 60 8 23 2 84 227 27 2 33 249 2 8 4 51 84 2 62 89 2 87 12 23 1390
249.0 6 31 2 4 13 17 6 94 2 71 59 8 23 2 82 224 27 2 33 245 2 8 4 50 82 2 61 88 2 86 11 23 1368
250.0 6 30 2 4 13 17 6 92 2 70 58 8 23 2 81 220 26 2 32 241 2 8 4 49 81 2 60 87 2 85 11 23 1345
251.0 6 30 2 4 13 17 6 91 2 68 57 7 22 2 80 216 26 2 31 237 2 7 4 48 80 2 59 85 2 83 11 22 1323
252.0 5 29 2 4 13 16 5 89 2 67 56 7 22 2 78 213 25 2 31 233 2 7 4 47 78 2 58 84 2 82 11 22 1301
253.0 5 29 2 4 13 16 5 88 2 66 55 7 21 2 77 209 25 2 30 229 2 7 4 46 77 2 57 82 2 80 11 21 1279
254.0 5 28 2 4 12 16 5 86 2 65 54 7 21 2 76 206 25 2 30 225 2 7 4 46 76 2 56 81 2 79 11 21 1256
255.0 5 28 2 3 12 16 5 85 2 64 54 7 21 2 74 202 24 2 29 221 2 7 3 45 74 2 55 79 2 78 10 21 1235
256.0 5 27 2 3 12 15 5 83 2 63 53 7 20 2 73 198 24 2 29 217 2 7 3 44 73 2 54 78 2 76 10 20 1213
257.0 5 27 2 3 12 15 5 82 2 62 52 7 20 2 72 195 23 2 28 213 2 7 3 43 72 2 53 77 2 75 10 20 1191
258.0 5 26 2 3 11 15 5 80 2 61 51 7 20 2 70 191 23 2 28 209 2 7 3 43 70 2 52 75 2 74 10 20 1169
259.0 5 26 2 3 11 14 5 79 2 59 50 6 19 2 69 188 22 2 27 205 2 6 3 42 69 2 51 74 2 72 10 19 1148
260.0 5 25 2 3 11 14 5 77 2 58 49 6 19 2 68 184 22 2 27 202 2 6 3 41 68 2 50 72 2 71 9 19 1127
261.0 5 25 2 3 11 14 5 76 2 57 48 6 19 2 66 181 22 2 26 198 2 6 3 40 66 2 49 71 2 70 9 19 1105
262.0 5 24 2 3 11 14 5 74 2 56 47 6 18 2 65 177 21 2 26 194 2 6 3 39 65 2 49 70 2 68 9 18 1084
263.0 4 24 1 3 10 13 4 73 1 55 46 6 18 1 64 174 21 1 25 190 1 6 3 39 64 1 48 68 1 67 9 18 1064
264.0 4 23 1 3 10 13 4 71 1 54 45 6 18 1 63 171 20 1 25 187 1 6 3 38 63 1 47 67 1 66 9 18 1043
265.0 4 23 1 3 10 13 4 70 1 53 44 6 17 1 61 167 20 1 24 183 1 6 3 37 61 1 46 66 1 64 9 17 1022
266.0 4 22 1 3 10 13 4 69 1 52 43 6 17 1 60 164 20 1 24 179 1 6 3 36 60 1 45 64 1 63 8 17 1002
267.0 4 22 1 3 10 12 4 67 1 51 43 5 16 1 59 161 19 1 23 176 1 5 3 36 59 1 44 63 1 62 8 16 982
268.0 4 22 1 3 9 12 4 66 1 50 42 5 16 1 58 157 19 1 23 172 1 5 3 35 58 1 43 62 1 61 8 16 962
269.0 4 21 1 3 9 12 4 65 1 49 41 5 16 1 57 154 18 1 22 169 1 5 3 34 57 1 42 61 1 59 8 16 943
270.0 4 21 1 3 9 12 4 63 1 48 40 5 15 1 56 151 18 1 22 165 1 5 3 34 56 1 41 59 1 58 8 15 923
271.0 4 20 1 3 9 11 4 62 1 47 39 5 15 1 54 148 18 1 21 162 1 5 3 33 54 1 40 58 1 57 8 15 904
272.0 4 20 1 2 9 11 4 61 1 46 38 5 15 1 53 145 17 1 21 158 1 5 2 32 53 1 40 57 1 56 7 15 885
273.0 4 19 1 2 8 11 4 59 1 45 38 5 15 1 52 142 17 1 21 155 1 5 2 31 52 1 39 56 1 55 7 15 866
274.0 4 19 1 2 8 11 4 58 1 44 37 5 14 1 51 139 17 1 20 152 1 5 2 31 51 1 38 55 1 53 7 14 848
275.0 3 19 1 2 8 10 3 57 1 43 36 5 14 1 50 136 16 1 20 148 1 5 2 30 50 1 37 53 1 52 7 14 829
276.0 3 18 1 2 8 10 3 56 1 42 35 5 14 1 49 133 16 1 19 145 1 5 2 29 49 1 36 52 1 51 7 14 811
277.0 3 18 1 2 8 10 3 54 1 41 34 4 13 1 48 130 16 1 19 142 1 4 2 29 48 1 36 51 1 50 7 13 793
278.0 3 17 1 2 8 10 3 53 1 40 34 4 13 1 47 127 15 1 18 139 1 4 2 28 47 1 35 50 1 49 7 13 776
279.0 3 17 1 2 7 10 3 52 1 39 33 4 13 1 46 124 15 1 18 136 1 4 2 28 46 1 34 49 1 48 6 13 758
280.0 3 17 1 2 7 9 3 51 1 38 32 4 12 1 45 121 15 1 18 133 1 4 2 27 45 1 33 48 1 47 6 12 741
281.0 3 16 1 2 7 9 3 50 1 37 31 4 12 1 44 119 14 1 17 130 1 4 2 26 44 1 32 47 1 46 6 12 725
282.0 3 16 1 2 7 9 3 49 1 37 31 4 12 1 43 116 14 1 17 127 1 4 2 26 43 1 32 46 1 45 6 12 708
283.0 3 15 1 2 7 9 3 47 1 36 30 4 12 1 42 113 14 1 16 124 1 4 2 25 42 1 31 44 1 44 6 12 692
284.0 3 15 1 2 7 9 3 46 1 35 29 4 11 1 41 111 13 1 16 121 1 4 2 25 41 1 30 43 1 43 6 11 676
285.0 3 15 1 2 6 8 3 45 1 34 29 4 11 1 40 108 13 1 16 118 1 4 2 24 40 1 30 42 1 42 6 11 660
286.0 3 14 1 2 6 8 3 44 1 33 28 4 11 1 39 105 13 1 15 115 1 4 2 23 39 1 29 41 1 41 5 11 644
287.0 3 14 1 2 6 8 3 43 1 33 27 4 11 1 38 103 12 1 15 113 1 4 2 23 38 1 28 40 1 40 5 11 629
288.0 3 14 1 2 6 8 3 42 1 32 27 3 10 1 37 100 12 1 15 110 1 3 2 22 37 1 27 39 1 39 5 10 614
289.0 3 13 1 2 6 8 3 41 1 31 26 3 10 1 36 98 12 1 14 107 1 3 2 22 36 1 27 39 1 38 5 10 599
290.0 2 13 1 2 6 7 2 40 1 30 25 3 10 1 35 96 11 1 14 105 1 3 2 21 35 1 26 38 1 37 5 10 585
291.0 2 13 1 2 6 7 2 39 1 30 25 3 10 1 34 93 11 1 14 102 1 3 2 21 34 1 26 37 1 36 5 10 570
292.0 2 12 1 2 5 7 2 38 1 29 24 3 9 1 33 91 11 1 13 100 1 3 2 20 33 1 25 36 1 35 5 9 556
293.0 2 12 1 2 5 7 2 37 1 28 24 3 9 1 33 89 11 1 13 97 1 3 2 20 33 1 24 35 1 34 5 9 542
294.0 2 12 1 1 5 7 2 36 1 27 23 3 9 1 32 87 10 1 13 95 1 3 1 19 32 1 24 34 1 33 4 9 529
295.0 2 12 1 1 5 6 2 35 1 27 22 3 9 1 31 84 10 1 12 92 1 3 1 19 31 1 23 33 1 32 4 9 516
296.0 2 11 1 1 5 6 2 34 1 26 22 3 8 1 30 82 10 1 12 90 1 3 1 18 30 1 22 32 1 32 4 8 503
297.0 2 11 1 1 5 6 2 34 1 25 21 3 8 1 29 80 10 1 12 88 1 3 1 18 29 1 22 32 1 31 4 8 490
298.0 2 11 1 1 5 6 2 33 1 25 21 3 8 1 29 78 9 1 11 85 1 3 1 17 29 1 21 31 1 30 4 8 477
299.0 2 10 1 1 5 6 2 32 1 24 20 3 8 1 28 76 9 1 11 83 1 3 1 17 28 1 21 30 1 29 4 8 465
300.0 2 10 1 1 4 6 2 31 1 23 20 3 8 1 27 74 9 1 11 81 1 3 1 16 27 1 20 29 1 29 4 8 453
301.0 2 10 1 1 4 6 2 30 1 23 19 2 7 1 27 72 9 1 10 79 1 2 1 16 27 1 20 28 1 28 4 7 441
302.0 2 10 1 1 4 5 2 29 1 22 19 2 7 1 26 70 8 1 10 77 1 2 1 16 26 1 19 28 1 27 4 7 430
303.0 2 9 1 1 4 5 2 29 1 22 18 2 7 1 25 68 8 1 10 75 1 2 1 15 25 1 19 27 1 26 4 7 419
304.0 2 9 1 1 4 5 2 28 1 21 18 2 7 1 25 67 8 1 10 73 1 2 1 15 25 1 18 26 1 26 3 7 408
305.0 2 9 1 1 4 5 2 27 1 21 17 2 7 1 24 65 8 1 9 71 1 2 1 14 24 1 18 26 1 25 3 7 397
306.0 2 9 1 1 4 5 2 26 1 20 17 2 6 1 23 63 8 1 9 69 1 2 1 14 23 1 17 25 1 24 3 6 386
307.0 2 8 1 1 4 5 2 26 1 19 16 2 6 1 23 61 7 1 9 67 1 2 1 14 23 1 17 24 1 24 3 6 376
308.0 2 8 1 1 4 5 2 25 1 19 16 2 6 1 22 60 7 1 9 65 1 2 1 13 22 1 16 24 1 23 3 6 366
309.0 1 8 0 1 3 4 1 24 0 18 15 2 6 0 21 58 7 0 8 64 0 2 1 13 21 0 16 23 0 22 3 6 356
310.0 1 8 0 1 3 4 1 24 0 18 15 2 6 0 21 57 7 0 8 62 0 2 1 13 21 0 15 22 0 22 3 6 346
311.0 1 8 0 1 3 4 1 23 0 17 15 2 6 0 20 55 7 0 8 60 0 2 1 12 20 0 15 22 0 21 3 6 337
312.0 1 7 0 1 3 4 1 22 0 17 14 2 5 0 20 54 6 0 8 59 0 2 1 12 20 0 15 21 0 21 3 5 327
313.0 1 7 0 1 3 4 1 22 0 16 14 2 5 0 19 52 6 0 8 57 0 2 1 12 19 0 14 20 0 20 3 5 318
314.0 1 7 0 1 3 4 1 21 0 16 13 2 5 0 19 51 6 0 7 55 0 2 1 11 19 0 14 20 0 19 3 5 309
315.0 1 7 0 1 3 4 1 21 0 16 13 2 5 0 18 49 6 0 7 54 0 2 1 11 18 0 13 19 0 19 3 5 301
316.0 1 7 0 1 3 4 1 20 0 15 13 2 5 0 18 48 6 0 7 52 0 2 1 11 18 0 13 19 0 18 2 5 292
317.0 1 6 0 1 3 4 1 19 0 15 12 2 5 0 17 46 6 0 7 51 0 2 1 10 17 0 13 18 0 18 2 5 284
318.0 1 6 0 1 3 3 1 19 0 14 12 2 5 0 17 45 5 0 7 49 0 2 1 10 17 0 12 18 0 17 2 5 276
319.0 1 6 0 1 3 3 1 18 0 14 12 2 5 0 16 44 5 0 6 48 0 2 1 10 16 0 12 17 0 17 2 5 268
320.0 1 6 0 1 3 3 1 18 0 13 11 1 4 0 16 43 5 0 6 47 0 1 1 9 16 0 12 17 0 16 2 4 261
321.0 1 6 0 1 2 3 1 17 0 13 11 1 4 0 15 41 5 0 6 45 0 1 1 9 15 0 11 16 0 16 2 4 253
322.0 1 6 0 1 2 3 1 17 0 13 11 1 4 0 15 40 5 0 6 44 0 1 1 9 15 0 11 16 0 15 2 4 246
323.0 1 5 0 1 2 3 1 16 0 12 10 1 4 0 14 39 5 0 6 43 0 1 1 9 14 0 11 15 0 15 2 4 239
324.0 1 5 0 1 2 3 1 16 0 12 10 1 4 0 14 38 5 0 6 41 0 1 1 8 14 0 10 15 0 15 2 4 232
325.0 1 5 0 1 2 3 1 15 0 12 10 1 4 0 14 37 4 0 5 40 0 1 1 8 14 0 10 14 0 14 2 4 225
326.0 1 5 0 1 2 3 1 15 0 11 9 1 4 0 13 36 4 0 5 39 0 1 1 8 13 0 10 14 0 14 2 4 218
327.0 1 5 0 1 2 3 1 15 0 11 9 1 4 0 13 35 4 0 5 38 0 1 1 8 13 0 9 14 0 13 2 4 212
328.0 1 5 0 1 2 3 1 14 0 11 9 1 3 0 12 34 4 0 5 37 0 1 1 7 12 0 9 13 0 13 2 3 206
329.0 1 4 0 1 2 3 1 14 0 10 9 1 3 0 12 33 4 0 5 36 0 1 1 7 12 0 9 13 0 13 2 3 200
330.0 1 4 0 1 2 2 1 13 0 10 8 1 3 0 12 32 4 0 5 35 0 1 1 7 12 0 9 12 0 12 2 3 194
331.0 1 4 0 1 2 2 1 13 0 10 8 1 3 0 11 31 4 0 4 34 0 1 1 7 11 0 8 12 0 12 2 3 188
332.0 1 4 0 1 2 2 1 12 0 9 8 1 3 0 11 30 4 0 4 33 0 1 1 7 11 0 8 12 0 11 2 3 182
333.0 1 4 0 0 2 2 1 12 0 9 8 1 3 0 11 29 3 0 4 32 0 1 0 6 11 0 8 11 0 11 1 3 177
334.0 1 4 0 0 2 2 1 12 0 9 7 1 3 0 10 28 3 0 4 31 0 1 0 6 10 0 8 11 0 11 1 3 172
335.0 1 4 0 0 2 2 1 11 0 9 7 1 3 0 10 27 3 0 4 30 0 1 0 6 10 0 7 11 0 10 1 3 166
336.0 1 4 0 0 2 2 1 11 0 8 7 1 3 0 10 26 3 0 4 29 0 1 0 6 10 0 7 10 0 10 1 3 161
337.0 1 4 0 0 2 2 1 11 0 8 7 1 3 0 9 26 3 0 4 28 0 1 0 6 9 0 7 10 0 10 1 3 156
338.0 1 3 0 0 1 2 1 10 0 8 7 1 3 0 9 25 3 0 4 27 0 1 0 6 9 0 7 10 0 10 1 3 152
339.0 1 3 0 0 1 2 1 10 0 8 6 1 2 0 9 24 3 0 3 26 0 1 0 5 9 0 7 9 0 9 1 2 147
340.0 1 3 0 0 1 2 1 10 0 7 6 1 2 0 9 23 3 0 3 26 0 1 0 5 9 0 6 9 0 9 1 2 142
341.0 1 3 0 0 1 2 1 9 0 7 6 1 2 0 8 23 3 0 3 25 0 1 0 5 8 0 6 9 0 9 1 2 138
342.0 1 3 0 0 1 2 1 9 0 7 6 1 2 0 8 22 3 0 3 24 0 1 0 5 8 0 6 9 0 8 1 2 134
343.0 1 3 0 0 1 2 1 9 0 7 6 1 2 0 8 21 3 0 3 23 0 1 0 5 8 0 6 8 0 8 1 2 130
344.0 1 3 0 0 1 2 1 9 0 7 5 1 2 0 8 21 2 0 3 22 0 1 0 5 8 0 6 8 0 8 1 2 126
345.0 1 3 0 0 1 2 1 8 0 6 5 1 2 0 7 20 2 0 3 22 0 1 0 4 7 0 5 8 0 8 1 2 122
346.0 0 3 0 0 1 1 0 8 0 6 5 1 2 0 7 19 2 0 3 21 0 1 0 4 7 0 5 8 0 7 1 2 118
347.0 0 3 0 0 1 1 0 8 0 6 5 1 2 0 7 19 2 0 3 20 0 1 0 4 7 0 5 7 0 7 1 2 114
348.0 0 2 0 0 1 1 0 8 0 6 5 1 2 0 7 18 2 0 3 20 0 1 0 4 7 0 5 7 0 7 1 2 111
349.0 0 2 0 0 1 1 0 7 0 6 5 1 2 0 6 18 2 0 3 19 0 1 0 4 6 0 5 7 0 7 1 2 107
350.0 0 2 0 0 1 1 0 7 0 5 4 1 2 0 6 17 2 0 2 19 0 1 0 4 6 0 5 7 0 7 1 2 104
351.0 0 2 0 0 1 1 0 7 0 5 4 1 2 0 6 16 2 0 2 18 0 1 0 4 6 0 4 6 0 6 1 2 100
352.0 0 2 0 0 1 1 0 7 0 5 4 1 2 0 6 16 2 0 2 17 0 1 0 4 6 0 4 6 0 6 1 2 97
353.0 0 2 0 0 1 1 0 6 0 5 4 1 2 0 6 15 2 0 2 17 0 1 0 3 6 0 4 6 0 6 1 2 94
354.0 0 2 0 0 1 1 0 6 0 5 4 1 2 0 5 15 2 0 2 16 0 1 0 3 5 0 4 6 0 6 1 2 91
355.0 0 2 0 0 1 1 0 6 0 5 4 0 1 0 5 14 2 0 2 16 0 0 0 3 5 0 4 6 0 6 1 1 88
356.0 0 2 0 0 1 1 0 6 0 4 4 0 1 0 5 14 2 0 2 15 0 0 0 3 5 0 4 5 0 5 1 1 85
357.0 0 2 0 0 1 1 0 6 0 4 4 0 1 0 5 14 2 0 2 15 0 0 0 3 5 0 4 5 0 5 1 1 83
358.0 0 2 0 0 1 1 0 5 0 4 3 0 1 0 5 13 2 0 2 14 0 0 0 3 5 0 4 5 0 5 1 1 80
359.0 0 2 0 0 1 1 0 5 0 4 3 0 1 0 5 13 2 0 2 14 0 0 0 3 5 0 3 5 0 5 1 1 77
360.0 0 2 0 0 1 1 0 5 0 4 3 0 1 0 4 12 1 0 2 13 0 0 0 3 4 0 3 5 0 5 1 1 75
361.0 0 2 0 0 1 1 0 5 0 4 3 0 1 0 4 12 1 0 2 13 0 0 0 3 4 0 3 5 0 5 1 1 72
362.0 0 2 0 0 1 1 0 5 0 4 3 0 1 0 4 11 1 0 2 13 0 0 0 3 4 0 3 5 0 4 1 1 70
363.0 0 2 0 0 1 1 0 5 0 4 3 0 1 0 4 11 1 0 2 12 0 0 0 2 4 0 3 4 0 4 1 1 68
364.0 0 1 0 0 1 1 0 4 0 3 3 0 1 0 4 11 1 0 2 12 0 0 0 2 4 0 3 4 0 4 1 1 65
365.0 0 1 0 0 1 1 0 4 0 3 3 0 1 0 4 10 1 0 2 11 0 0 0 2 4 0 3 4 0 4 1 1 63
