Covid-19 Nucleation Estimated by PSD Model @ CDS/IISc
Day AN AP AR AS BR CH CT DL GA GJ HR HP JK JH KA KL LA LD MP MH MN OR PY PB RJ SK TN TG TR UP UT WB Total
0.0 0 0 0 0 0 0 0 0 0 0 0 0 0 0 0 0 0 0 0 0 0 0 0 0 0 0 0 0 0 0 0 0 0
1.0 1 4 0 1 2 3 1 14 0 10 9 1 3 0 12 33 4 0 5 36 0 1 1 7 12 0 9 13 0 13 2 3 200
2.0 1 4 0 0 2 2 1 11 0 9 7 1 3 0 10 27 3 0 4 29 0 1 0 6 10 0 7 11 0 10 1 3 164
3.0 1 4 0 0 2 2 1 11 0 9 7 1 3 0 10 27 3 0 4 30 0 1 0 6 10 0 7 11 0 11 1 3 167
4.0 1 4 0 1 2 2 1 12 0 9 8 1 3 0 11 30 4 0 4 33 0 1 1 7 11 0 8 12 0 11 2 3 182
5.0 1 5 0 1 2 3 1 14 0 10 9 1 3 0 12 33 4 0 5 36 0 1 1 7 12 0 9 13 0 13 2 3 203
6.0 1 5 0 1 2 3 1 16 0 12 10 1 4 0 14 37 4 0 5 41 0 1 1 8 14 0 10 15 0 14 2 4 229
7.0 1 6 0 1 3 3 1 18 0 13 11 1 4 0 15 42 5 0 6 46 0 1 1 9 15 0 12 17 0 16 2 4 258
8.0 1 6 0 1 3 4 1 20 0 15 13 2 5 0 17 48 6 0 7 52 0 2 1 11 17 0 13 19 0 18 2 5 290
9.0 1 7 0 1 3 4 1 22 0 17 14 2 5 0 20 53 6 0 8 58 0 2 1 12 20 0 15 21 0 21 3 5 327
10.0 2 8 1 1 4 5 2 25 1 19 16 2 6 1 22 60 7 1 9 66 1 2 1 13 22 1 16 24 1 23 3 6 367
11.0 2 9 1 1 4 5 2 28 1 21 18 2 7 1 25 67 8 1 10 74 1 2 1 15 25 1 18 26 1 26 3 7 411
12.0 2 10 1 1 5 6 2 32 1 24 20 3 8 1 28 75 9 1 11 82 1 3 1 17 28 1 21 30 1 29 4 8 460
13.0 2 12 1 1 5 6 2 35 1 27 22 3 9 1 31 84 10 1 12 92 1 3 1 19 31 1 23 33 1 32 4 9 514
14.0 2 13 1 2 6 7 2 39 1 30 25 3 10 1 35 94 11 1 14 103 1 3 2 21 35 1 26 37 1 36 5 10 574
15.0 3 14 1 2 6 8 3 44 1 33 28 4 11 1 38 105 13 1 15 114 1 4 2 23 38 1 29 41 1 40 5 11 639
16.0 3 16 1 2 7 9 3 48 1 36 30 4 12 1 42 115 14 1 17 126 1 4 2 26 42 1 31 45 1 44 6 12 702
17.0 3 17 1 2 7 10 3 52 1 39 33 4 13 1 46 124 15 1 18 136 1 4 2 28 46 1 34 49 1 48 6 13 760
18.0 3 18 1 2 8 10 3 56 1 42 35 5 14 1 49 134 16 1 19 146 1 5 2 30 49 1 37 53 1 51 7 14 818
19.0 4 20 1 2 9 11 4 60 1 45 38 5 15 1 53 143 17 1 21 156 1 5 2 32 53 1 39 56 1 55 7 15 874
20.0 4 21 1 3 9 12 4 64 1 48 40 5 16 1 56 152 18 1 22 166 1 5 3 34 56 1 41 60 1 58 8 16 927
21.0 4 22 1 3 10 12 4 67 1 51 42 5 16 1 59 160 19 1 23 175 1 5 3 36 59 1 44 63 1 62 8 16 979
22.0 4 23 1 3 10 13 4 70 1 53 44 6 17 1 61 167 20 1 24 183 1 6 3 37 61 1 46 66 1 64 9 17 1021
23.0 5 25 2 3 11 14 5 75 2 57 48 6 18 2 66 180 21 2 26 196 2 6 3 40 66 2 49 71 2 69 9 18 1097
24.0 5 26 2 3 11 15 5 80 2 61 51 7 20 2 71 192 23 2 28 210 2 7 3 43 71 2 53 76 2 74 10 20 1174
25.0 5 28 2 4 12 16 5 86 2 65 54 7 21 2 75 205 25 2 30 224 2 7 4 46 75 2 56 81 2 79 11 21 1253
26.0 6 30 2 4 13 17 6 92 2 69 58 7 22 2 80 219 26 2 32 239 2 7 4 49 80 2 60 86 2 84 11 22 1337
27.0 6 32 2 4 14 18 6 98 2 74 62 8 24 2 86 233 28 2 34 255 2 8 4 52 86 2 64 92 2 90 12 24 1426
28.0 6 34 2 4 15 19 6 104 2 79 66 9 26 2 91 249 30 2 36 272 2 9 4 55 91 2 68 98 2 96 13 26 1521
29.0 7 36 2 5 16 20 7 111 2 84 70 9 27 2 98 265 32 2 39 290 2 9 5 59 98 2 73 104 2 102 14 27 1621
30.0 7 39 2 5 17 22 7 118 2 89 75 10 29 2 104 283 34 2 41 309 2 10 5 63 104 2 77 111 2 109 15 29 1728
31.0 8 41 3 5 18 23 8 126 3 95 80 10 31 3 111 301 36 3 44 330 3 10 5 67 111 3 82 118 3 116 15 31 1842
32.0 8 44 3 5 19 25 8 134 3 102 85 11 33 3 118 321 38 3 47 351 3 11 5 71 118 3 88 126 3 123 16 33 1962
33.0 9 47 3 6 20 26 9 143 3 108 91 12 35 3 126 342 41 3 50 374 3 12 6 76 126 3 93 134 3 131 18 35 2089
34.0 9 50 3 6 22 28 9 152 3 115 96 12 37 3 134 364 44 3 53 398 3 12 6 81 134 3 100 143 3 140 19 37 2223
35.0 10 53 3 7 23 30 10 162 3 122 103 13 40 3 142 387 46 3 56 423 3 13 7 86 142 3 106 152 3 149 20 40 2365
36.0 11 56 4 7 25 32 11 172 4 130 109 14 42 4 151 412 49 4 60 450 4 14 7 91 151 4 113 162 4 158 21 42 2515
37.0 11 59 4 7 26 33 11 182 4 137 115 15 45 4 160 434 52 4 63 475 4 15 7 97 160 4 119 171 4 167 22 45 2654
38.0 12 62 4 8 27 35 12 190 4 144 121 16 47 4 167 455 54 4 66 498 4 16 8 101 167 4 124 179 4 175 23 47 2780
39.0 12 65 4 8 28 37 12 199 4 150 126 16 49 4 175 475 57 4 69 520 4 16 8 106 175 4 130 187 4 183 24 49 2905
40.0 13 68 4 8 30 38 13 207 4 157 131 17 51 4 182 495 59 4 72 542 4 17 8 110 182 4 135 195 4 191 25 51 3028
41.0 13 70 4 9 31 40 13 216 4 163 136 18 53 4 189 515 62 4 75 563 4 18 9 114 189 4 141 202 4 198 26 53 3145
42.0 14 73 5 9 32 41 14 223 5 169 141 18 55 5 196 533 64 5 77 583 5 18 9 118 196 5 146 210 5 205 27 55 3257
43.0 14 75 5 9 33 42 14 230 5 174 146 19 56 5 202 550 66 5 80 602 5 19 9 122 202 5 150 216 5 212 28 56 3361
44.0 15 77 5 10 34 44 15 237 5 179 150 19 58 5 208 566 68 5 82 619 5 19 10 126 208 5 155 222 5 218 29 58 3457
45.0 15 79 5 10 35 45 15 243 5 183 154 20 59 5 213 580 69 5 84 635 5 20 10 129 213 5 159 228 5 223 30 59 3545
46.0 15 81 5 10 35 46 15 248 5 187 157 20 61 5 218 593 71 5 86 648 5 20 10 132 218 5 162 233 5 228 30 61 3622
47.0 15 83 5 10 36 46 15 253 5 191 160 21 62 5 222 604 72 5 88 660 5 21 10 134 222 5 165 237 5 232 31 62 3689
48.0 16 84 5 10 37 47 16 257 5 194 162 21 63 5 225 613 73 5 89 670 5 21 10 136 225 5 168 241 5 236 31 63 3745
49.0 16 85 5 11 37 48 16 260 5 196 164 21 64 5 228 620 74 5 90 678 5 21 11 138 228 5 170 244 5 238 32 64 3789
50.0 16 85 5 11 37 48 16 262 5 198 166 21 64 5 230 625 75 5 91 684 5 21 11 139 230 5 171 246 5 240 32 64 3820
51.0 16 86 5 11 38 48 16 263 5 199 166 21 64 5 231 628 75 5 91 687 5 21 11 140 231 5 172 247 5 242 32 64 3839
52.0 16 87 5 11 38 49 16 267 5 201 169 22 65 5 234 636 76 5 92 696 5 22 11 141 234 5 174 250 5 245 33 65 3889
53.0 17 89 6 11 39 50 17 272 6 206 172 22 67 6 239 650 78 6 94 711 6 22 11 144 239 6 178 256 6 250 33 67 3972
54.0 17 91 6 11 40 51 17 278 6 210 176 23 68 6 244 663 79 6 96 726 6 23 11 147 244 6 181 261 6 255 34 68 4053
55.0 17 93 6 12 40 52 17 283 6 214 179 23 69 6 249 677 81 6 98 740 6 23 12 150 249 6 185 266 6 260 35 69 4135
56.0 18 94 6 12 41 53 18 289 6 218 183 24 71 6 254 691 83 6 100 756 6 24 12 154 254 6 189 272 6 266 35 71 4222
57.0 18 97 6 12 42 54 18 296 6 223 187 24 72 6 259 706 84 6 103 772 6 24 12 157 259 6 193 277 6 271 36 72 4313
58.0 18 99 6 12 43 55 18 302 6 228 191 25 74 6 265 721 86 6 105 789 6 25 12 160 265 6 197 284 6 277 37 74 4408
59.0 19 101 6 13 44 57 19 309 6 233 195 25 76 6 271 738 88 6 107 807 6 25 13 164 271 6 202 290 6 284 38 76 4509
60.0 19 103 6 13 45 58 19 316 6 239 200 26 77 6 278 755 90 6 110 826 6 26 13 168 278 6 207 297 6 290 39 77 4614
61.0 20 106 7 13 46 59 20 324 7 244 205 26 79 7 284 773 93 7 112 846 7 26 13 172 284 7 211 304 7 297 40 79 4725
62.0 20 108 7 14 47 61 20 332 7 250 210 27 81 7 291 792 95 7 115 866 7 27 14 176 291 7 217 311 7 305 41 81 4839
63.0 21 111 7 14 49 62 21 340 7 257 215 28 83 7 298 811 97 7 118 888 7 28 14 180 298 7 222 319 7 312 42 83 4958
64.0 21 114 7 14 50 64 21 348 7 263 220 28 85 7 306 832 99 7 121 910 7 28 14 185 306 7 227 327 7 320 43 85 5081
65.0 22 117 7 15 51 66 22 357 7 270 226 29 87 7 313 852 102 7 124 933 7 29 15 189 313 7 233 335 7 328 44 87 5209
66.0 22 120 7 15 52 67 22 366 7 276 232 30 90 7 321 874 105 7 127 956 7 30 15 194 321 7 239 344 7 336 45 90 5341
67.0 23 123 8 15 54 69 23 375 8 283 238 31 92 8 329 896 107 8 130 981 8 31 15 199 329 8 245 352 8 345 46 92 5478
68.0 24 126 8 16 55 71 24 385 8 291 244 31 94 8 338 919 110 8 134 1006 8 31 16 204 338 8 251 361 8 354 47 94 5619
69.0 24 129 8 16 56 73 24 395 8 298 250 32 97 8 347 943 113 8 137 1032 8 32 16 210 347 8 258 371 8 363 48 97 5764
70.0 25 132 8 17 58 74 25 405 8 306 256 33 99 8 356 968 116 8 141 1059 8 33 17 215 356 8 265 380 8 372 50 99 5914
71.0 25 136 8 17 59 76 25 416 8 314 263 34 102 8 365 993 119 8 144 1086 8 34 17 221 365 8 272 390 8 382 51 102 6068
72.0 26 139 9 17 61 78 26 427 9 322 270 35 105 9 375 1019 122 9 148 1115 9 35 17 226 375 9 279 401 9 392 52 105 6227
73.0 27 143 9 18 63 80 27 438 9 331 277 36 107 9 384 1046 125 9 152 1144 9 36 18 232 384 9 286 411 9 402 54 107 6391
74.0 28 147 9 18 64 83 28 450 9 339 284 37 110 9 394 1073 128 9 156 1174 9 37 18 239 394 9 294 422 9 413 55 110 6559
75.0 28 151 9 19 66 85 28 461 9 348 292 38 113 9 405 1102 132 9 160 1205 9 38 19 245 405 9 301 433 9 424 56 113 6733
76.0 29 155 10 19 68 87 29 473 10 357 299 39 116 10 415 1130 135 10 164 1236 10 39 19 251 415 10 309 444 10 435 58 116 6905
77.0 30 158 10 20 69 89 30 485 10 366 307 40 119 10 426 1158 139 10 168 1267 10 40 20 257 426 10 317 455 10 445 59 119 7077
78.0 30 162 10 20 71 91 30 497 10 375 314 41 122 10 436 1187 142 10 172 1298 10 41 20 264 436 10 325 467 10 456 61 122 7252
79.0 31 166 10 21 73 94 31 509 10 385 322 42 125 10 447 1216 145 10 177 1330 10 42 21 270 447 10 333 478 10 468 62 125 7431
80.0 32 170 11 21 75 96 32 522 11 394 330 43 128 11 458 1246 149 11 181 1363 11 43 21 277 458 11 341 490 11 479 64 128 7612
81.0 33 174 11 22 76 98 33 534 11 403 338 44 131 11 469 1276 153 11 185 1396 11 44 22 283 469 11 349 502 11 491 65 131 7795
82.0 33 179 11 22 78 100 33 547 11 413 346 45 134 11 480 1306 156 11 190 1429 11 45 22 290 480 11 357 514 11 502 67 134 7982
83.0 34 183 11 23 80 103 34 560 11 423 354 46 137 11 491 1337 160 11 194 1463 11 46 23 297 491 11 366 526 11 514 69 137 8171
84.0 35 187 12 23 82 105 35 573 12 433 363 47 140 12 503 1368 164 12 199 1497 12 47 23 304 503 12 374 538 12 526 70 140 8363
85.0 36 191 12 24 84 108 36 586 12 443 371 48 144 12 515 1400 168 12 203 1532 12 48 24 311 515 12 383 551 12 539 72 144 8557
86.0 37 196 12 24 86 110 37 600 12 453 380 49 147 12 526 1432 171 12 208 1567 12 49 24 318 526 12 392 563 12 551 73 147 8754
87.0 38 200 13 25 88 113 38 614 13 463 388 50 150 13 538 1465 175 13 213 1603 13 50 25 326 538 13 401 576 13 564 75 150 8954
88.0 38 205 13 26 90 115 38 627 13 474 397 51 154 13 551 1498 179 13 218 1639 13 51 26 333 551 13 410 589 13 576 77 154 9156
89.0 39 209 13 26 92 118 39 641 13 484 406 52 157 13 563 1532 183 13 223 1676 13 52 26 340 563 13 419 602 13 589 79 157 9361
90.0 40 214 13 27 94 120 40 656 13 495 415 54 161 13 575 1566 187 13 227 1713 13 54 27 348 575 13 428 616 13 602 80 161 9568
91.0 41 219 14 27 96 123 41 670 14 506 424 55 164 14 588 1600 191 14 232 1750 14 55 27 356 588 14 438 629 14 615 82 164 9778
92.0 42 224 14 28 98 126 42 685 14 517 433 56 168 14 601 1635 196 14 238 1788 14 56 28 363 601 14 447 643 14 629 84 168 9990
93.0 43 228 14 29 100 128 43 699 14 528 442 57 171 14 614 1670 200 14 243 1827 14 57 29 371 614 14 457 657 14 642 86 171 10204
94.0 44 233 15 29 102 131 44 714 15 539 452 58 175 15 627 1705 204 15 248 1866 15 58 29 379 627 15 466 670 15 656 87 175 10421
95.0 45 238 15 30 104 134 45 729 15 551 461 60 179 15 640 1741 208 15 253 1905 15 60 30 387 640 15 476 685 15 670 89 179 10641
96.0 46 243 15 30 106 137 46 744 15 562 471 61 182 15 653 1777 213 15 258 1945 15 61 30 395 653 15 486 699 15 684 91 182 10862
97.0 47 248 16 31 109 140 47 760 16 574 481 62 186 16 667 1814 217 16 264 1985 16 62 31 403 667 16 496 713 16 698 93 186 11086
98.0 47 253 16 32 111 142 47 775 16 585 490 63 190 16 680 1851 221 16 269 2025 16 63 32 411 680 16 506 728 16 712 95 190 11312
99.0 48 258 16 32 113 145 48 791 16 597 500 65 194 16 694 1888 226 16 274 2066 16 65 32 420 694 16 516 742 16 726 97 194 11539
100.0 49 263 16 33 115 148 49 807 16 609 510 66 198 16 708 1926 230 16 280 2107 16 66 33 428 708 16 527 757 16 741 99 198 11769
101.0 50 269 17 34 117 151 50 822 17 621 520 67 201 17 722 1964 235 17 285 2148 17 67 34 436 722 17 537 772 17 755 101 201 12001
102.0 51 274 17 34 120 154 51 838 17 633 530 68 205 17 736 2002 240 17 291 2190 17 68 34 445 736 17 548 787 17 770 103 205 12234
103.0 52 279 17 35 122 157 52 855 17 645 541 70 209 17 750 2040 244 17 296 2232 17 70 35 453 750 17 558 802 17 785 105 209 12469
104.0 53 284 18 36 124 160 53 871 18 658 551 71 213 18 764 2079 249 18 302 2275 18 71 36 462 764 18 569 817 18 800 107 213 12706
105.0 54 290 18 36 127 163 54 887 18 670 561 72 217 18 778 2118 253 18 308 2317 18 72 36 471 778 18 579 833 18 815 109 217 12944
106.0 55 295 18 37 129 166 55 903 18 682 572 74 221 18 793 2157 258 18 313 2360 18 74 37 479 793 18 590 848 18 830 111 221 13184
107.0 56 300 19 38 131 169 56 920 19 695 582 75 225 19 807 2197 263 19 319 2403 19 75 38 488 807 19 601 864 19 845 113 225 13425
108.0 57 306 19 38 134 172 57 937 19 707 593 76 229 19 822 2236 268 19 325 2447 19 76 38 497 822 19 612 879 19 860 115 229 13667
109.0 58 311 19 39 136 175 58 953 19 720 603 78 233 19 837 2276 272 19 331 2490 19 78 39 506 837 19 623 895 19 875 117 233 13910
110.0 59 317 20 40 139 178 59 970 20 732 614 79 238 20 851 2316 277 20 337 2534 20 79 40 515 851 20 633 911 20 891 119 238 14153
111.0 60 322 20 40 141 181 60 987 20 745 624 81 242 20 866 2356 282 20 342 2578 20 81 40 524 866 20 644 926 20 906 121 242 14398
112.0 61 328 20 41 143 184 61 1004 20 758 635 82 246 20 881 2396 287 20 348 2622 20 82 41 532 881 20 655 942 20 922 123 246 14644
113.0 62 333 21 42 146 187 62 1020 21 771 646 83 250 21 895 2436 292 21 354 2666 21 83 42 541 895 21 666 958 21 937 125 250 14889
114.0 64 339 21 42 148 191 64 1037 21 783 656 85 254 21 910 2477 296 21 360 2710 21 85 42 550 910 21 677 974 21 953 127 254 15136
115.0 65 344 22 43 151 194 65 1054 22 796 667 86 258 22 925 2517 301 22 366 2754 22 86 43 559 925 22 688 990 22 968 129 258 15382
116.0 66 350 22 44 153 197 66 1071 22 809 678 87 262 22 940 2557 306 22 372 2798 22 87 44 568 940 22 699 1005 22 984 131 262 15629
117.0 67 355 22 44 155 200 67 1088 22 822 688 89 266 22 955 2598 311 22 377 2842 22 89 44 577 955 22 711 1021 22 999 133 266 15875
118.0 68 361 23 45 158 203 68 1105 23 834 699 90 271 23 970 2638 316 23 383 2886 23 90 45 586 970 23 722 1037 23 1015 135 271 16122
119.0 69 366 23 46 160 206 69 1122 23 847 710 92 275 23 984 2678 320 23 389 2930 23 92 46 595 984 23 733 1053 23 1030 137 275 16367
120.0 70 372 23 46 163 209 70 1138 23 860 720 93 279 23 999 2718 325 23 395 2974 23 93 46 604 999 23 744 1069 23 1046 139 279 16613
121.0 71 377 24 47 165 212 71 1155 24 872 731 94 283 24 1014 2758 330 24 401 3018 24 94 47 613 1014 24 754 1085 24 1061 141 283 16857
122.0 72 383 24 48 167 215 72 1172 24 885 741 96 287 24 1028 2798 335 24 407 3061 24 96 48 622 1028 24 765 1100 24 1076 144 287 17101
123.0 73 388 24 49 170 218 73 1189 24 898 752 97 291 24 1043 2838 340 24 412 3105 24 97 49 631 1043 24 776 1116 24 1092 146 291 17344
124.0 74 394 25 49 172 221 74 1205 25 910 762 98 295 25 1058 2878 344 25 418 3148 25 98 49 639 1058 25 787 1131 25 1107 148 295 17585
125.0 75 399 25 50 175 224 75 1222 25 922 773 100 299 25 1072 2917 349 25 424 3191 25 100 50 648 1072 25 798 1147 25 1122 150 299 17825
126.0 76 404 25 51 177 227 76 1238 25 935 783 101 303 25 1086 2956 354 25 429 3234 25 101 51 657 1086 25 808 1162 25 1137 152 303 18064
127.0 77 410 26 51 179 230 77 1254 26 947 793 102 307 26 1101 2995 358 26 435 3276 26 102 51 665 1101 26 819 1177 26 1152 154 307 18300
128.0 78 415 26 52 181 233 78 1270 26 959 804 104 311 26 1115 3033 363 26 441 3318 26 104 52 674 1115 26 830 1192 26 1167 156 311 18535
129.0 79 420 26 52 184 236 79 1286 26 971 814 105 315 26 1129 3071 367 26 446 3360 26 105 52 682 1129 26 840 1207 26 1181 157 315 18768
130.0 80 425 27 53 186 239 80 1302 27 983 824 106 319 27 1143 3109 372 27 452 3401 27 106 53 691 1143 27 850 1222 27 1196 159 319 18998
131.0 81 430 27 54 188 242 81 1318 27 995 834 108 323 27 1156 3146 376 27 457 3442 27 108 54 699 1156 27 860 1237 27 1210 161 323 19225
132.0 82 435 27 54 190 245 82 1333 27 1007 843 109 326 27 1170 3183 381 27 462 3482 27 109 54 707 1170 27 871 1251 27 1224 163 326 19450
133.0 83 440 28 55 193 248 83 1348 28 1018 853 110 330 28 1183 3219 385 28 468 3522 28 110 55 715 1183 28 880 1266 28 1238 165 330 19672
134.0 83 445 28 56 195 250 83 1363 28 1029 862 111 334 28 1196 3255 389 28 473 3561 28 111 56 723 1196 28 890 1280 28 1252 167 334 19891
135.0 84 450 28 56 197 253 84 1378 28 1041 872 112 337 28 1209 3290 394 28 478 3600 28 112 56 731 1209 28 900 1294 28 1265 169 337 20107
136.0 85 455 28 57 199 256 85 1393 28 1051 881 114 341 28 1222 3325 398 28 483 3638 28 114 57 739 1222 28 909 1307 28 1279 171 341 20319
137.0 86 459 29 57 201 258 86 1407 29 1062 890 115 345 29 1235 3359 402 29 488 3675 29 115 57 746 1235 29 919 1321 29 1292 172 345 20528
138.0 87 464 29 58 203 261 87 1421 29 1073 899 116 348 29 1247 3393 406 29 493 3712 29 116 58 754 1247 29 928 1334 29 1305 174 348 20732
139.0 88 468 29 59 205 263 88 1435 29 1083 908 117 351 29 1259 3425 410 29 498 3747 29 117 59 761 1259 29 937 1347 29 1317 176 351 20933
140.0 89 473 30 59 207 266 89 1448 30 1093 916 118 355 30 1271 3458 414 30 502 3783 30 118 59 768 1271 30 946 1359 30 1330 177 355 21129
141.0 89 477 30 60 209 268 89 1461 30 1103 924 119 358 30 1282 3489 417 30 507 3817 30 119 60 775 1282 30 954 1372 30 1342 179 358 21321
142.0 90 481 30 60 211 271 90 1474 30 1113 933 120 361 30 1294 3520 421 30 511 3850 30 120 60 782 1294 30 963 1384 30 1354 180 361 21508
143.0 91 485 30 61 212 273 91 1486 30 1122 940 121 364 30 1304 3549 425 30 516 3883 30 121 61 789 1304 30 971 1395 30 1365 182 364 21691
144.0 92 489 31 61 214 275 92 1499 31 1132 948 122 367 31 1315 3578 428 31 520 3915 31 122 61 795 1315 31 979 1407 31 1376 184 367 21868
145.0 92 493 31 62 216 277 92 1510 31 1141 956 123 370 31 1326 3607 432 31 524 3946 31 123 62 801 1326 31 986 1418 31 1387 185 370 22040
146.0 93 497 31 62 217 280 93 1522 31 1149 963 124 373 31 1336 3634 435 31 528 3976 31 124 62 808 1336 31 994 1429 31 1398 186 373 22207
147.0 94 501 31 63 219 282 94 1533 31 1158 970 125 375 31 1345 3660 438 31 532 4004 31 125 63 813 1345 31 1001 1439 31 1408 188 375 22369
148.0 95 504 32 63 221 284 95 1544 32 1166 977 126 378 32 1355 3686 441 32 536 4032 32 126 63 819 1355 32 1008 1449 32 1418 189 378 22524
149.0 95 507 32 63 222 285 95 1554 32 1173 983 127 381 32 1364 3710 444 32 539 4059 32 127 63 825 1364 32 1015 1459 32 1427 190 381 22674
150.0 96 511 32 64 223 287 96 1564 32 1181 989 128 383 32 1372 3734 447 32 543 4085 32 128 64 830 1372 32 1021 1468 32 1436 191 383 22818
151.0 96 514 32 64 225 289 96 1573 32 1188 995 128 385 32 1381 3756 449 32 546 4110 32 128 64 835 1381 32 1027 1477 32 1445 193 385 22956
152.0 97 517 32 65 226 291 97 1582 32 1195 1001 129 387 32 1388 3778 452 32 549 4133 32 129 65 840 1388 32 1033 1485 32 1453 194 387 23087
153.0 97 519 32 65 227 292 97 1591 32 1201 1006 130 390 32 1396 3798 454 32 552 4155 32 130 65 844 1396 32 1039 1493 32 1461 195 390 23212
154.0 98 522 33 65 228 294 98 1599 33 1207 1012 131 392 33 1403 3818 457 33 555 4177 33 131 65 848 1403 33 1044 1501 33 1468 196 392 23330
155.0 98 525 33 66 229 295 98 1606 33 1213 1016 131 393 33 1410 3836 459 33 557 4197 33 131 66 852 1410 33 1049 1508 33 1475 197 393 23442
156.0 99 527 33 66 231 296 99 1614 33 1218 1021 132 395 33 1416 3853 461 33 560 4215 33 132 66 856 1416 33 1054 1515 33 1482 198 395 23546
157.0 99 529 33 66 231 298 99 1620 33 1224 1025 132 397 33 1422 3869 463 33 562 4233 33 132 66 860 1422 33 1058 1521 33 1488 198 397 23644
158.0 100 531 33 66 232 299 100 1627 33 1228 1029 133 398 33 1427 3884 465 33 564 4249 33 133 66 863 1427 33 1062 1527 33 1494 199 398 23734
159.0 100 533 33 67 233 300 100 1632 33 1233 1033 133 400 33 1432 3897 466 33 566 4264 33 133 67 866 1432 33 1066 1532 33 1499 200 400 23817
160.0 100 535 33 67 234 301 100 1637 33 1236 1036 134 401 33 1437 3910 468 33 568 4277 33 134 67 869 1437 33 1069 1537 33 1504 201 401 23893
161.0 101 536 34 67 235 302 101 1642 34 1240 1039 134 402 34 1441 3921 469 34 570 4290 34 134 67 871 1441 34 1072 1542 34 1508 201 402 23962
162.0 101 538 34 67 235 302 101 1646 34 1243 1042 134 403 34 1445 3931 470 34 571 4301 34 134 67 874 1445 34 1075 1546 34 1512 202 403 24023
163.0 101 539 34 67 236 303 101 1650 34 1246 1044 135 404 34 1448 3940 471 34 572 4310 34 135 67 875 1448 34 1078 1549 34 1515 202 404 24076
164.0 101 540 34 67 236 304 101 1653 34 1248 1046 135 405 34 1451 3947 472 34 574 4318 34 135 67 877 1451 34 1080 1552 34 1518 202 405 24122
165.0 101 541 34 68 237 304 101 1656 34 1250 1047 135 405 34 1453 3953 473 34 574 4325 34 135 68 879 1453 34 1081 1554 34 1521 203 405 24160
166.0 101 541 34 68 237 304 101 1658 34 1252 1049 135 406 34 1455 3958 474 34 575 4330 34 135 68 880 1455 34 1083 1556 34 1522 203 406 24190
167.0 102 542 34 68 237 305 102 1659 34 1253 1050 135 406 34 1456 3962 474 34 576 4334 34 135 68 880 1456 34 1084 1558 34 1524 203 406 24212
168.0 102 542 34 68 237 305 102 1660 34 1254 1050 136 407 34 1457 3964 474 34 576 4337 34 136 68 881 1457 34 1084 1559 34 1525 203 407 24226
169.0 102 542 34 68 237 305 102 1661 34 1254 1051 136 407 34 1457 3965 474 34 576 4338 34 136 68 881 1457 34 1085 1559 34 1525 203 407 24233
170.0 102 542 34 68 237 305 102 1661 34 1254 1051 136 407 34 1457 3965 474 34 576 4338 34 136 68 881 1457 34 1084 1559 34 1525 203 407 24231
171.0 102 542 34 68 237 305 102 1660 34 1253 1050 136 407 34 1457 3964 474 34 576 4336 34 136 68 881 1457 34 1084 1558 34 1524 203 407 24222
172.0 102 542 34 68 237 305 102 1659 34 1253 1049 135 406 34 1456 3961 474 34 575 4333 34 135 68 880 1456 34 1083 1557 34 1523 203 406 24204
173.0 101 541 34 68 237 304 101 1657 34 1251 1048 135 406 34 1454 3957 473 34 575 4329 34 135 68 879 1454 34 1082 1556 34 1522 203 406 24179
174.0 101 540 34 68 236 304 101 1655 34 1249 1047 135 405 34 1452 3951 473 34 574 4323 34 135 68 878 1452 34 1081 1553 34 1520 203 405 24146
175.0 101 539 34 67 236 303 101 1652 34 1247 1045 135 405 34 1450 3944 472 34 573 4315 34 135 67 877 1450 34 1079 1551 34 1517 202 405 24104
176.0 101 538 34 67 236 303 101 1649 34 1245 1043 135 404 34 1447 3936 471 34 572 4306 34 135 67 875 1447 34 1077 1548 34 1514 202 404 24055
177.0 101 537 34 67 235 302 101 1645 34 1242 1040 134 403 34 1443 3927 470 34 571 4296 34 134 67 873 1443 34 1074 1544 34 1510 201 403 23998
178.0 100 536 33 67 234 301 100 1640 33 1239 1038 134 402 33 1439 3916 469 33 569 4285 33 134 67 870 1439 33 1071 1540 33 1506 201 402 23934
179.0 100 534 33 67 234 300 100 1635 33 1235 1035 133 400 33 1435 3905 467 33 567 4272 33 133 67 868 1435 33 1068 1535 33 1502 200 400 23861
180.0 100 532 33 67 233 299 100 1630 33 1231 1031 133 399 33 1430 3891 466 33 565 4257 33 133 67 865 1430 33 1064 1530 33 1497 200 399 23781
181.0 99 530 33 66 232 298 99 1624 33 1226 1027 133 398 33 1425 3877 464 33 563 4242 33 133 66 862 1425 33 1060 1524 33 1491 199 398 23693
182.0 99 528 33 66 231 297 99 1617 33 1221 1023 132 396 33 1419 3861 462 33 561 4224 33 132 66 858 1419 33 1056 1518 33 1485 198 396 23598
183.0 99 526 33 66 230 296 99 1610 33 1216 1019 131 394 33 1413 3845 460 33 559 4206 33 131 66 854 1413 33 1052 1512 33 1479 197 394 23495
184.0 98 523 33 65 229 294 98 1603 33 1210 1014 131 392 33 1406 3827 458 33 556 4186 33 131 65 850 1406 33 1047 1504 33 1472 196 392 23385
185.0 98 521 33 65 228 293 98 1595 33 1204 1009 130 390 33 1399 3807 456 33 553 4165 33 130 65 846 1399 33 1041 1497 33 1464 195 390 23267
186.0 97 518 32 65 227 291 97 1586 32 1198 1003 129 388 32 1392 3787 453 32 550 4143 32 129 65 842 1392 32 1036 1489 32 1457 194 388 23143
187.0 97 515 32 64 225 290 97 1577 32 1191 998 129 386 32 1384 3765 451 32 547 4119 32 129 64 837 1384 32 1030 1480 32 1448 193 386 23011
188.0 96 512 32 64 224 288 96 1568 32 1184 992 128 384 32 1376 3743 448 32 544 4095 32 128 64 832 1376 32 1024 1472 32 1440 192 384 22873
189.0 95 509 32 64 223 286 95 1558 32 1176 985 127 381 32 1367 3719 445 32 540 4069 32 127 64 826 1367 32 1017 1462 32 1430 191 381 22728
190.0 95 505 32 63 221 284 95 1547 32 1168 979 126 379 32 1358 3694 442 32 537 4042 32 126 63 821 1358 32 1010 1452 32 1421 189 379 22576
191.0 94 502 31 63 219 282 94 1536 31 1160 972 125 376 31 1348 3668 439 31 533 4013 31 125 63 815 1348 31 1003 1442 31 1411 188 376 22418
192.0 93 498 31 62 218 280 93 1525 31 1152 965 124 373 31 1338 3641 436 31 529 3984 31 124 62 809 1338 31 996 1432 31 1401 187 373 22253
193.0 93 494 31 62 216 278 93 1513 31 1143 957 124 371 31 1328 3614 432 31 525 3953 31 124 62 803 1328 31 988 1421 31 1390 185 371 22083
194.0 92 490 31 61 214 276 92 1501 31 1134 950 123 368 31 1317 3585 429 31 521 3922 31 123 61 797 1317 31 980 1409 31 1379 184 368 21906
195.0 91 486 30 61 213 273 91 1489 30 1124 942 122 365 30 1306 3555 425 30 517 3889 30 122 61 790 1306 30 972 1398 30 1367 182 365 21724
196.0 90 482 30 60 211 271 90 1476 30 1114 934 120 361 30 1295 3524 422 30 512 3855 30 120 60 783 1295 30 964 1386 30 1355 181 361 21536
197.0 90 478 30 60 209 269 90 1463 30 1104 925 119 358 30 1284 3492 418 30 507 3821 30 119 60 776 1284 30 955 1373 30 1343 179 358 21343
198.0 89 473 30 59 207 266 89 1449 30 1094 917 118 355 30 1272 3460 414 30 503 3785 30 118 59 769 1272 30 946 1360 30 1331 177 355 21144
199.0 88 469 29 59 205 264 88 1435 29 1084 908 117 351 29 1259 3427 410 29 498 3749 29 117 59 761 1259 29 937 1347 29 1318 176 351 20941
200.0 87 464 29 58 203 261 87 1421 29 1073 899 116 348 29 1247 3393 406 29 493 3711 29 116 58 754 1247 29 928 1334 29 1305 174 348 20732
201.0 86 459 29 57 201 258 86 1406 29 1062 890 115 344 29 1234 3358 402 29 488 3673 29 115 57 746 1234 29 918 1320 29 1291 172 344 20519
202.0 85 454 28 57 199 256 85 1391 28 1051 880 114 341 28 1221 3322 398 28 483 3634 28 114 57 738 1221 28 909 1306 28 1278 170 341 20302
203.0 84 449 28 56 197 253 84 1376 28 1039 871 112 337 28 1208 3286 393 28 477 3595 28 112 56 730 1208 28 899 1292 28 1264 169 337 20080
204.0 83 444 28 56 194 250 83 1361 28 1027 861 111 333 28 1194 3249 389 28 472 3554 28 111 56 722 1194 28 889 1277 28 1250 167 333 19854
205.0 82 439 27 55 192 247 82 1345 27 1016 851 110 329 27 1180 3211 384 27 467 3513 27 110 55 714 1180 27 878 1263 27 1235 165 329 19624
206.0 81 434 27 54 190 244 81 1329 27 1003 841 108 325 27 1166 3173 380 27 461 3471 27 108 54 705 1166 27 868 1248 27 1220 163 325 19391
207.0 80 429 27 54 188 241 80 1313 27 991 830 107 321 27 1152 3134 375 27 455 3429 27 107 54 697 1152 27 857 1232 27 1206 161 321 19154
208.0 79 423 26 53 185 238 79 1296 26 979 820 106 317 26 1138 3095 370 26 450 3386 26 106 53 688 1138 26 847 1217 26 1190 159 317 18914
209.0 78 418 26 52 183 235 78 1280 26 966 810 104 313 26 1123 3055 366 26 444 3343 26 104 52 679 1123 26 836 1201 26 1175 157 313 18672
210.0 77 412 26 52 180 232 77 1263 26 954 799 103 309 26 1108 3015 361 26 438 3299 26 103 52 670 1108 26 825 1185 26 1160 155 309 18426
211.0 76 407 25 51 178 229 76 1246 25 941 788 102 305 25 1093 2975 356 25 432 3254 25 102 51 661 1093 25 814 1169 25 1144 153 305 18178
212.0 75 401 25 50 176 226 75 1229 25 928 777 100 301 25 1078 2934 351 25 426 3209 25 100 50 652 1078 25 802 1153 25 1128 150 301 17927
213.0 74 396 25 49 173 222 74 1211 25 915 766 99 297 25 1063 2892 346 25 420 3164 25 99 49 643 1063 25 791 1137 25 1112 148 297 17675
214.0 73 390 24 49 171 219 73 1194 24 901 755 97 292 24 1048 2851 341 24 414 3119 24 97 49 633 1048 24 780 1121 24 1096 146 292 17420
215.0 72 384 24 48 168 216 72 1176 24 888 744 96 288 24 1032 2809 336 24 408 3073 24 96 48 624 1032 24 768 1104 24 1080 144 288 17164
216.0 71 378 24 47 166 213 71 1159 24 875 733 95 284 24 1017 2766 331 24 402 3027 24 95 47 615 1017 24 757 1088 24 1064 142 284 16906
217.0 70 373 23 47 163 210 70 1141 23 861 722 93 279 23 1001 2724 326 23 396 2980 23 93 47 605 1001 23 745 1071 23 1048 140 279 16647
218.0 69 367 23 46 160 206 69 1123 23 848 710 92 275 23 985 2681 321 23 390 2934 23 92 46 596 985 23 733 1054 23 1031 138 275 16387
219.0 68 361 23 45 158 203 68 1105 23 834 699 90 271 23 970 2639 316 23 383 2887 23 90 45 586 970 23 722 1037 23 1015 135 271 16125
220.0 67 355 22 44 155 200 67 1087 22 821 688 89 266 22 954 2596 311 22 377 2840 22 89 44 577 954 22 710 1021 22 998 133 266 15864
221.0 65 349 22 44 153 196 65 1069 22 807 676 87 262 22 938 2553 305 22 371 2793 22 87 44 567 938 22 698 1004 22 982 131 262 15601
222.0 64 343 21 43 150 193 64 1051 21 794 665 86 257 21 922 2510 300 21 365 2746 21 86 43 558 922 21 686 987 21 965 129 257 15339
223.0 63 337 21 42 148 190 63 1033 21 780 654 84 253 21 907 2467 295 21 358 2699 21 84 42 548 907 21 675 970 21 949 127 253 15076
224.0 62 331 21 41 145 186 62 1015 21 767 642 83 249 21 891 2424 290 21 352 2652 21 83 41 539 891 21 663 953 21 932 124 249 14813
225.0 61 326 20 41 142 183 61 997 20 753 631 81 244 20 875 2381 285 20 346 2605 20 81 41 529 875 20 651 936 20 916 122 244 14551
226.0 60 320 20 40 140 180 60 979 20 739 620 80 240 20 859 2338 280 20 340 2558 20 80 40 520 859 20 639 919 20 899 120 240 14289
227.0 59 314 20 39 137 177 59 961 20 726 608 78 235 20 844 2295 275 20 334 2511 20 78 39 510 844 20 628 902 20 883 118 235 14027
228.0 58 308 19 39 135 173 58 943 19 712 597 77 231 19 828 2253 270 19 327 2465 19 77 39 501 828 19 616 886 19 866 116 231 13767
229.0 57 302 19 38 132 170 57 926 19 699 586 76 227 19 812 2210 264 19 321 2418 19 76 38 491 812 19 605 869 19 850 113 227 13507
230.0 56 296 19 37 130 167 56 908 19 686 574 74 222 19 797 2168 259 19 315 2372 19 74 37 482 797 19 593 852 19 834 111 222 13248
231.0 55 291 18 36 127 164 55 890 18 672 563 73 218 18 781 2126 254 18 309 2326 18 73 36 472 781 18 581 836 18 818 109 218 12991
232.0 53 285 18 36 125 160 53 873 18 659 552 71 214 18 766 2084 249 18 303 2280 18 71 36 463 766 18 570 819 18 801 107 214 12734
233.0 52 279 17 35 122 157 52 855 17 646 541 70 209 17 751 2042 244 17 297 2234 17 70 35 454 751 17 559 803 17 785 105 209 12480
234.0 51 274 17 34 120 154 51 838 17 633 530 68 205 17 735 2001 239 17 291 2189 17 68 34 445 735 17 547 787 17 770 103 205 12227
235.0 50 268 17 33 117 151 50 821 17 620 519 67 201 17 720 1960 234 17 285 2144 17 67 33 435 720 17 536 770 17 754 100 201 11975
236.0 49 262 16 33 115 148 49 804 16 607 508 66 197 16 705 1919 230 16 279 2099 16 66 33 426 705 16 525 754 16 738 98 197 11726
237.0 48 257 16 32 112 144 48 787 16 594 498 64 193 16 690 1878 225 16 273 2055 16 64 32 417 690 16 514 738 16 722 96 193 11479
238.0 47 251 16 31 110 141 47 770 16 581 487 63 189 16 676 1838 220 16 267 2011 16 63 31 408 676 16 503 723 16 707 94 189 11234
239.0 46 246 15 31 108 138 46 753 15 569 477 61 184 15 661 1798 215 15 261 1968 15 61 31 400 661 15 492 707 15 692 92 184 10991
240.0 45 241 15 30 105 135 45 737 15 556 466 60 180 15 647 1759 210 15 256 1924 15 60 30 391 647 15 481 692 15 677 90 180 10750
241.0 44 235 15 29 103 132 44 720 15 544 456 59 176 15 632 1720 206 15 250 1882 15 59 29 382 632 15 470 676 15 662 88 176 10512
242.0 43 230 14 29 101 129 43 704 14 532 446 57 172 14 618 1682 201 14 244 1840 14 57 29 374 618 14 460 661 14 647 86 172 10276
243.0 42 225 14 28 98 126 42 688 14 520 435 56 169 14 604 1643 197 14 239 1798 14 56 28 365 604 14 449 646 14 632 84 169 10043
244.0 41 220 14 27 96 124 41 673 14 508 425 55 165 14 590 1606 192 14 233 1757 14 55 27 357 590 14 439 631 14 618 82 165 9813
245.0 40 215 13 27 94 121 40 657 13 496 416 54 161 13 576 1569 188 13 228 1716 13 54 27 349 576 13 429 617 13 603 80 161 9586
246.0 39 209 13 26 92 118 39 642 13 484 406 52 157 13 563 1532 183 13 223 1676 13 52 26 340 563 13 419 602 13 589 79 157 9361
247.0 38 205 13 26 89 115 38 626 13 473 396 51 153 13 550 1496 179 13 217 1636 13 51 26 332 550 13 409 588 13 575 77 153 9139
248.0 37 200 12 25 87 112 37 611 12 462 387 50 150 12 536 1460 175 12 212 1597 12 50 25 324 536 12 399 574 12 561 75 150 8921
249.0 37 195 12 24 85 110 37 597 12 450 377 49 146 12 524 1424 170 12 207 1558 12 49 24 317 524 12 390 560 12 548 73 146 8705
250.0 36 190 12 24 83 107 36 582 12 439 368 48 143 12 511 1390 166 12 202 1520 12 48 24 309 511 12 380 546 12 535 71 143 8493
251.0 35 185 12 23 81 104 35 568 12 429 359 46 139 12 498 1355 162 12 197 1483 12 46 23 301 498 12 371 533 12 521 70 139 8283
252.0 34 181 11 23 79 102 34 554 11 418 350 45 136 11 486 1322 158 11 192 1446 11 45 23 294 486 11 361 520 11 508 68 136 8077
253.0 33 176 11 22 77 99 33 540 11 407 341 44 132 11 474 1288 154 11 187 1410 11 44 22 286 474 11 352 507 11 496 66 132 7874
254.0 32 172 11 21 75 97 32 526 11 397 333 43 129 11 462 1256 150 11 182 1374 11 43 21 279 462 11 343 494 11 483 64 129 7674
255.0 31 167 10 21 73 94 31 512 10 387 324 42 126 10 450 1224 146 10 178 1339 10 42 21 272 450 10 335 481 10 471 63 126 7478
256.0 31 163 10 20 71 92 31 499 10 377 316 41 122 10 438 1192 143 10 173 1304 10 41 20 265 438 10 326 469 10 458 61 122 7285
257.0 30 159 10 20 69 89 30 486 10 367 308 40 119 10 427 1161 139 10 169 1270 10 40 20 258 427 10 318 456 10 447 60 119 7095
258.0 29 155 10 19 68 87 29 473 10 358 300 39 116 10 415 1131 135 10 164 1237 10 39 19 251 415 10 309 444 10 435 58 116 6909
259.0 28 151 9 19 66 85 28 461 9 348 292 38 113 9 404 1101 132 9 160 1204 9 38 19 245 404 9 301 433 9 423 56 113 6726
260.0 27 146 9 18 64 82 27 449 9 339 284 37 110 9 394 1071 128 9 156 1172 9 37 18 238 394 9 293 421 9 412 55 110 6546
261.0 27 143 9 18 62 80 27 437 9 330 276 36 107 9 383 1042 125 9 151 1140 9 36 18 232 383 9 285 410 9 401 53 107 6370
262.0 26 139 9 17 61 78 26 425 9 321 269 35 104 9 373 1014 121 9 147 1109 9 35 17 225 373 9 277 399 9 390 52 104 6197
263.0 25 135 8 17 59 76 25 413 8 312 261 34 101 8 362 986 118 8 143 1079 8 34 17 219 362 8 270 388 8 379 51 101 6027
264.0 25 131 8 16 57 74 25 402 8 303 254 33 98 8 352 959 115 8 139 1049 8 33 16 213 352 8 262 377 8 369 49 98 5861
265.0 24 128 8 16 56 72 24 391 8 295 247 32 96 8 343 932 112 8 135 1020 8 32 16 207 343 8 255 367 8 359 48 96 5698
266.0 23 124 8 15 54 70 23 380 8 287 240 31 93 8 333 906 108 8 132 992 8 31 15 201 333 8 248 356 8 349 46 93 5539
267.0 23 120 8 15 53 68 23 369 8 279 233 30 90 8 324 881 105 8 128 964 8 30 15 196 324 8 241 346 8 339 45 90 5383
268.0 22 117 7 15 51 66 22 358 7 271 227 29 88 7 315 856 102 7 124 936 7 29 15 190 315 7 234 336 7 329 44 88 5230
269.0 21 114 7 14 50 64 21 348 7 263 220 28 85 7 306 831 99 7 121 909 7 28 14 185 306 7 227 327 7 320 43 85 5080
270.0 21 110 7 14 48 62 21 338 7 255 214 28 83 7 297 807 97 7 117 883 7 28 14 179 297 7 221 317 7 311 41 83 4934
271.0 20 107 7 13 47 60 20 328 7 248 208 27 80 7 288 784 94 7 114 858 7 27 13 174 288 7 214 308 7 302 40 80 4791
272.0 20 104 7 13 46 59 20 319 7 241 202 26 78 7 280 761 91 7 111 833 7 26 13 169 280 7 208 299 7 293 39 78 4651
273.0 19 101 6 13 44 57 19 309 6 234 196 25 76 6 272 739 88 6 107 808 6 25 13 164 272 6 202 290 6 284 38 76 4515
274.0 18 98 6 12 43 55 18 300 6 227 190 25 74 6 263 717 86 6 104 784 6 25 12 159 263 6 196 282 6 276 37 74 4381
275.0 18 95 6 12 42 54 18 291 6 220 184 24 71 6 256 696 83 6 101 761 6 24 12 155 256 6 190 273 6 268 36 71 4251
276.0 17 92 6 12 40 52 17 283 6 213 179 23 69 6 248 675 81 6 98 738 6 23 12 150 248 6 185 265 6 260 35 69 4124
277.0 17 89 6 11 39 50 17 274 6 207 173 22 67 6 241 654 78 6 95 716 6 22 11 145 241 6 179 257 6 252 34 67 3999
278.0 16 87 5 11 38 49 16 266 5 201 168 22 65 5 233 635 76 5 92 694 5 22 11 141 233 5 174 250 5 244 33 65 3878
279.0 16 84 5 11 37 47 16 258 5 195 163 21 63 5 226 615 74 5 89 673 5 21 11 137 226 5 168 242 5 237 32 63 3760
280.0 15 82 5 10 36 46 15 250 5 189 158 20 61 5 219 596 71 5 87 653 5 20 10 133 219 5 163 234 5 229 31 61 3645
281.0 15 79 5 10 35 44 15 242 5 183 153 20 59 5 212 578 69 5 84 632 5 20 10 128 212 5 158 227 5 222 30 59 3533
282.0 14 77 5 10 34 43 14 235 5 177 148 19 57 5 206 560 67 5 81 613 5 19 10 124 206 5 153 220 5 215 29 57 3423
283.0 14 74 5 9 32 42 14 227 5 172 144 19 56 5 199 543 65 5 79 594 5 19 9 121 199 5 148 213 5 209 28 56 3316
284.0 13 72 4 9 31 40 13 220 4 166 139 18 54 4 193 526 63 4 76 575 4 18 9 117 193 4 144 207 4 202 27 54 3212
285.0 13 70 4 9 30 39 13 213 4 161 135 17 52 4 187 509 61 4 74 557 4 17 9 113 187 4 139 200 4 196 26 52 3111
286.0 13 67 4 8 29 38 13 206 4 156 131 17 51 4 181 493 59 4 72 539 4 17 8 110 181 4 135 194 4 190 25 51 3013
287.0 12 65 4 8 29 37 12 200 4 151 126 16 49 4 175 477 57 4 69 522 4 16 8 106 175 4 131 188 4 184 24 49 2917
288.0 12 63 4 8 28 36 12 194 4 146 122 16 47 4 170 462 55 4 67 505 4 16 8 103 170 4 126 182 4 178 24 47 2824
289.0 11 61 4 8 27 34 11 187 4 141 118 15 46 4 164 447 54 4 65 489 4 15 8 99 164 4 122 176 4 172 23 46 2733
290.0 11 59 4 7 26 33 11 181 4 137 115 15 44 4 159 433 52 4 63 473 4 15 7 96 159 4 118 170 4 166 22 44 2645
291.0 11 57 4 7 25 32 11 175 4 132 111 14 43 4 154 419 50 4 61 458 4 14 7 93 154 4 115 165 4 161 21 43 2559
292.0 10 55 3 7 24 31 10 170 3 128 107 14 42 3 149 405 48 3 59 443 3 14 7 90 149 3 111 159 3 156 21 42 2475
293.0 10 54 3 7 23 30 10 164 3 124 104 13 40 3 144 392 47 3 57 429 3 13 7 87 144 3 107 154 3 151 20 40 2394
294.0 10 52 3 6 23 29 10 159 3 120 100 13 39 3 139 379 45 3 55 415 3 13 6 84 139 3 104 149 3 146 19 39 2316
295.0 9 50 3 6 22 28 9 153 3 116 97 13 38 3 135 366 44 3 53 401 3 13 6 81 135 3 100 144 3 141 19 38 2239
296.0 9 48 3 6 21 27 9 148 3 112 94 12 36 3 130 354 42 3 51 388 3 12 6 79 130 3 97 139 3 136 18 36 2165
297.0 9 47 3 6 20 26 9 143 3 108 91 12 35 3 126 342 41 3 50 375 3 12 6 76 126 3 94 135 3 132 18 35 2093
298.0 8 45 3 6 20 25 8 139 3 105 88 11 34 3 122 331 40 3 48 362 3 11 6 74 122 3 91 130 3 127 17 34 2023
299.0 8 44 3 5 19 25 8 134 3 101 85 11 33 3 118 320 38 3 46 350 3 11 5 71 118 3 87 126 3 123 16 33 1955
300.0 8 42 3 5 18 24 8 129 3 98 82 11 32 3 114 309 37 3 45 338 3 11 5 69 114 3 85 122 3 119 16 32 1889
301.0 8 41 3 5 18 23 8 125 3 94 79 10 31 3 110 299 36 3 43 327 3 10 5 66 110 3 82 117 3 115 15 31 1825
302.0 7 39 2 5 17 22 7 121 2 91 76 10 30 2 106 288 35 2 42 316 2 10 5 64 106 2 79 113 2 111 15 30 1763
303.0 7 38 2 5 17 21 7 117 2 88 74 10 29 2 102 279 33 2 40 305 2 10 5 62 102 2 76 110 2 107 14 29 1703
304.0 7 37 2 5 16 21 7 113 2 85 71 9 28 2 99 269 32 2 39 294 2 9 5 60 99 2 74 106 2 103 14 28 1644
305.0 7 36 2 4 16 20 7 109 2 82 69 9 27 2 95 260 31 2 38 284 2 9 4 58 95 2 71 102 2 100 13 27 1588
306.0 6 34 2 4 15 19 6 105 2 79 66 9 26 2 92 251 30 2 36 274 2 9 4 56 92 2 69 99 2 96 13 26 1533
307.0 6 33 2 4 14 19 6 101 2 77 64 8 25 2 89 242 29 2 35 265 2 8 4 54 89 2 66 95 2 93 12 25 1480
308.0 6 32 2 4 14 18 6 98 2 74 62 8 24 2 86 234 28 2 34 256 2 8 4 52 86 2 64 92 2 90 12 24 1428
309.0 6 31 2 4 13 17 6 94 2 71 60 8 23 2 83 226 27 2 33 247 2 8 4 50 83 2 62 89 2 87 12 23 1379
310.0 6 30 2 4 13 17 6 91 2 69 58 7 22 2 80 218 26 2 32 238 2 7 4 48 80 2 60 86 2 84 11 22 1330
311.0 5 29 2 4 13 16 5 88 2 66 56 7 22 2 77 210 25 2 31 230 2 7 4 47 77 2 57 83 2 81 11 22 1284
312.0 5 28 2 3 12 16 5 85 2 64 54 7 21 2 74 203 24 2 29 222 2 7 3 45 74 2 55 80 2 78 10 21 1238
313.0 5 27 2 3 12 15 5 82 2 62 52 7 20 2 72 195 23 2 28 214 2 7 3 43 72 2 53 77 2 75 10 20 1195
314.0 5 26 2 3 11 15 5 79 2 60 50 6 19 2 69 189 23 2 27 206 2 6 3 42 69 2 52 74 2 73 10 19 1152
315.0 5 25 2 3 11 14 5 76 2 58 48 6 19 2 67 182 22 2 26 199 2 6 3 40 67 2 50 71 2 70 9 19 1111
316.0 4 24 1 3 10 13 4 73 1 55 46 6 18 1 64 175 21 1 25 192 1 6 3 39 64 1 48 69 1 67 9 18 1072
317.0 4 23 1 3 10 13 4 71 1 53 45 6 17 1 62 169 20 1 25 185 1 6 3 38 62 1 46 66 1 65 9 17 1033
318.0 4 22 1 3 10 13 4 68 1 52 43 6 17 1 60 163 20 1 24 178 1 6 3 36 60 1 45 64 1 63 8 17 996
319.0 4 21 1 3 9 12 4 66 1 50 42 5 16 1 58 157 19 1 23 172 1 5 3 35 58 1 43 62 1 60 8 16 960
320.0 4 21 1 3 9 12 4 63 1 48 40 5 16 1 56 151 18 1 22 166 1 5 3 34 56 1 41 60 1 58 8 16 926
321.0 4 20 1 2 9 11 4 61 1 46 39 5 15 1 54 146 17 1 21 160 1 5 2 32 54 1 40 57 1 56 7 15 892
322.0 4 19 1 2 8 11 4 59 1 44 37 5 14 1 52 141 17 1 20 154 1 5 2 31 52 1 38 55 1 54 7 14 860
323.0 3 19 1 2 8 10 3 57 1 43 36 5 14 1 50 136 16 1 20 148 1 5 2 30 50 1 37 53 1 52 7 14 828
324.0 3 18 1 2 8 10 3 55 1 41 35 4 13 1 48 131 16 1 19 143 1 4 2 29 48 1 36 51 1 50 7 13 798
325.0 3 17 1 2 8 10 3 53 1 40 33 4 13 1 46 126 15 1 18 138 1 4 2 28 46 1 34 49 1 48 6 13 769
326.0 3 17 1 2 7 9 3 51 1 38 32 4 12 1 45 121 15 1 18 133 1 4 2 27 45 1 33 48 1 47 6 12 741
327.0 3 16 1 2 7 9 3 49 1 37 31 4 12 1 43 117 14 1 17 128 1 4 2 26 43 1 32 46 1 45 6 12 714
328.0 3 15 1 2 7 9 3 47 1 36 30 4 12 1 41 112 13 1 16 123 1 4 2 25 41 1 31 44 1 43 6 12 687
329.0 3 15 1 2 6 8 3 45 1 34 29 4 11 1 40 108 13 1 16 118 1 4 2 24 40 1 30 43 1 42 6 11 662
330.0 3 14 1 2 6 8 3 44 1 33 28 4 11 1 38 104 12 1 15 114 1 4 2 23 38 1 29 41 1 40 5 11 637
331.0 3 14 1 2 6 8 3 42 1 32 27 3 10 1 37 100 12 1 15 110 1 3 2 22 37 1 27 39 1 39 5 10 614
332.0 2 13 1 2 6 7 2 40 1 31 26 3 10 1 36 97 12 1 14 106 1 3 2 21 36 1 26 38 1 37 5 10 591
333.0 2 13 1 2 6 7 2 39 1 29 25 3 10 1 34 93 11 1 14 102 1 3 2 21 34 1 25 37 1 36 5 10 569
334.0 2 12 1 2 5 7 2 38 1 28 24 3 9 1 33 90 11 1 13 98 1 3 2 20 33 1 25 35 1 34 5 9 548
335.0 2 12 1 1 5 7 2 36 1 27 23 3 9 1 32 86 10 1 13 94 1 3 1 19 32 1 24 34 1 33 4 9 527
336.0 2 11 1 1 5 6 2 35 1 26 22 3 9 1 31 83 10 1 12 91 1 3 1 18 31 1 23 33 1 32 4 9 507
337.0 2 11 1 1 5 6 2 33 1 25 21 3 8 1 29 80 10 1 12 87 1 3 1 18 29 1 22 31 1 31 4 8 488
338.0 2 11 1 1 5 6 2 32 1 24 20 3 8 1 28 77 9 1 11 84 1 3 1 17 28 1 21 30 1 30 4 8 470
339.0 2 10 1 1 4 6 2 31 1 23 20 3 8 1 27 74 9 1 11 81 1 3 1 16 27 1 20 29 1 28 4 8 452
340.0 2 10 1 1 4 5 2 30 1 23 19 2 7 1 26 71 9 1 10 78 1 2 1 16 26 1 19 28 1 27 4 7 435
341.0 2 9 1 1 4 5 2 29 1 22 18 2 7 1 25 68 8 1 10 75 1 2 1 15 25 1 19 27 1 26 4 7 418
342.0 2 9 1 1 4 5 2 28 1 21 17 2 7 1 24 66 8 1 10 72 1 2 1 15 24 1 18 26 1 25 3 7 402
343.0 2 9 1 1 4 5 2 27 1 20 17 2 6 1 23 63 8 1 9 69 1 2 1 14 23 1 17 25 1 24 3 6 387
344.0 2 8 1 1 4 5 2 26 1 19 16 2 6 1 22 61 7 1 9 67 1 2 1 14 22 1 17 24 1 23 3 6 372
345.0 2 8 1 1 4 5 2 25 1 19 16 2 6 1 22 59 7 1 9 64 1 2 1 13 22 1 16 23 1 23 3 6 358
346.0 1 8 0 1 3 4 1 24 0 18 15 2 6 0 21 56 7 0 8 62 0 2 1 13 21 0 15 22 0 22 3 6 344
347.0 1 7 0 1 3 4 1 23 0 17 14 2 6 0 20 54 6 0 8 59 0 2 1 12 20 0 15 21 0 21 3 6 331
348.0 1 7 0 1 3 4 1 22 0 16 14 2 5 0 19 52 6 0 8 57 0 2 1 12 19 0 14 20 0 20 3 5 318
349.0 1 7 0 1 3 4 1 21 0 16 13 2 5 0 18 50 6 0 7 55 0 2 1 11 18 0 14 20 0 19 3 5 306
350.0 1 7 0 1 3 4 1 20 0 15 13 2 5 0 18 48 6 0 7 53 0 2 1 11 18 0 13 19 0 19 2 5 294
351.0 1 6 0 1 3 4 1 19 0 15 12 2 5 0 17 46 6 0 7 51 0 2 1 10 17 0 13 18 0 18 2 5 283
352.0 1 6 0 1 3 3 1 19 0 14 12 2 5 0 16 45 5 0 6 49 0 2 1 10 16 0 12 18 0 17 2 5 272
353.0 1 6 0 1 3 3 1 18 0 14 11 1 4 0 16 43 5 0 6 47 0 1 1 10 16 0 12 17 0 16 2 4 261
354.0 1 6 0 1 2 3 1 17 0 13 11 1 4 0 15 41 5 0 6 45 0 1 1 9 15 0 11 16 0 16 2 4 251
355.0 1 5 0 1 2 3 1 17 0 12 10 1 4 0 15 40 5 0 6 43 0 1 1 9 15 0 11 16 0 15 2 4 242
356.0 1 5 0 1 2 3 1 16 0 12 10 1 4 0 14 38 5 0 6 42 0 1 1 8 14 0 10 15 0 15 2 4 232
357.0 1 5 0 1 2 3 1 15 0 12 10 1 4 0 13 37 4 0 5 40 0 1 1 8 13 0 10 14 0 14 2 4 223
358.0 1 5 0 1 2 3 1 15 0 11 9 1 4 0 13 35 4 0 5 38 0 1 1 8 13 0 10 14 0 13 2 4 214
359.0 1 5 0 1 2 3 1 14 0 11 9 1 3 0 12 34 4 0 5 37 0 1 1 7 12 0 9 13 0 13 2 3 206
360.0 1 4 0 1 2 2 1 14 0 10 9 1 3 0 12 32 4 0 5 35 0 1 1 7 12 0 9 13 0 12 2 3 198
361.0 1 4 0 1 2 2 1 13 0 10 8 1 3 0 11 31 4 0 5 34 0 1 1 7 11 0 9 12 0 12 2 3 190
362.0 1 4 0 1 2 2 1 13 0 9 8 1 3 0 11 30 4 0 4 33 0 1 1 7 11 0 8 12 0 11 2 3 183
363.0 1 4 0 0 2 2 1 12 0 9 8 1 3 0 11 29 3 0 4 31 0 1 0 6 11 0 8 11 0 11 1 3 175
364.0 1 4 0 0 2 2 1 12 0 9 7 1 3 0 10 28 3 0 4 30 0 1 0 6 10 0 8 11 0 11 1 3 169
365.0 1 4 0 0 2 2 1 11 0 8 7 1 3 0 10 26 3 0 4 29 0 1 0 6 10 0 7 10 0 10 1 3 162
